35.289593622175346
36.607419488596356
38.59894397375028
34.46939746574956
37.17086658579058
33.74574026465168
38.25248065506914
37.1339157059458
38.07322931970974
37.44895307263386
37.62710258098951
36.57269401179576
33.22235641705397
36.02334782695978
38.62022698882473
36.13851604355895
34.779925115231016
36.22631828118115
36.25510227886516
37.15150025991921
35.08204806575199
37.00223503008334
34.37085609641955
36.166633875200304
36.641045775609356
35.45589951433667
34.4956709668461
34.68702973767677
37.53645116049754
35.91536012408332
35.86394100104059
37.223365512413764
36.35812028928127
36.95951310956755
37.27059555045408
34.82265714771325
34.31689574061537
35.606646782299634
37.69236941553555
34.60345774087718
36.400549973223974
35.208660351350645
38.34031695798035
36.43028887362223
35.57839743483784
36.90379454731235
36.92808538019009
35.14395330356127
35.086582166151
36.384631513258164
36.96467189644547
37.01459509316928
36.16794394289102
35.31486018113457
36.69774671512167
34.74135220774209
35.759643403475465
33.156515320444896
35.725484181475395
35.976568955150206
37.361873241116
36.15063365829961
35.43241375524735
38.31930187989321
37.607907854654506
36.7174076358489
35.64081030808527
39.58431861163063
37.23334385729909
35.90599245383095
37.04642499010523
38.578962352600406
35.162666498578695
36.01307143468326
38.54290268381767
36.59838966246187
35.17739919053973
35.3404997243017
35.3144348974384
35.60980311680726
34.97250592414826
33.3696990323381
37.775710254371745
35.34552363131439
34.5351808041596
35.834379155495164
37.23129563070291
36.500089691384986
36.05911961823236
35.27260991632177
33.978022191136866
38.398145355912895
36.41728672674421
35.67394830319715
37.51473604596872
36.386862396674346
36.16337525929727
35.33275320089089
35.37068339383666
35.47523100983471
