45.56484375765355
53.467639306945934
52.26995558407141
53.71528211791418
54.82392267352406
52.10273320252025
43.65879233545319
51.90096067335573
41.60114584814574
43.83488812199365
48.31326840636019
47.220300498395574
40.983482468674254
42.74771496950354
41.12350040678421
45.713105437249624
41.44561969224612
52.244874277727824
42.72444221901077
43.226062899673
39.28737306109752
47.420017635193204
46.11366538174024
50.25488737503224
49.112062261832236
42.28076309621184
39.46192335398682
47.92602421619594
49.322463652333404
44.994411208217926
40.64337679344808
39.61279830099715
39.53265699972976
40.574869460664985
48.642385842548215
43.976567787189985
41.927314782263835
40.295258903186905
42.98561075266576
39.34921639290493
48.16466648050726
39.15407890131563
39.904564990742905
49.52372885945589
44.64454385688796
52.16334706561348
39.69127654758114
43.88779627531593
42.69174489074744
53.38362550963662
42.615325365573824
50.117784093128066
46.76877093724347
40.60570207992122
47.09754142121258
52.246193661921495
51.61763811991909
52.492645091379536
50.07436463037834
54.92255433647843
50.28649512015461
50.17548493250825
54.24690041438353
44.143210563882704
39.65331875835553
42.14754615226092
45.405547005742406
39.14675613852061
53.770618780444124
47.34470494085755
49.27480327032764
45.66702815932322
46.203080286397906
40.88316810345466
44.06737614257277
42.73838400243905
54.07328595824371
41.81190258877586
54.11527102377327
55.643700525341295
40.379281757477784
55.205391988284774
40.09431635818209
47.293524323975646
44.67029065872461
39.0584792821909
54.795355463945256
40.222907874082054
54.16100098305345
47.19941147845232
52.51175044408582
40.8641655389941
55.675595806900205
40.67632892057461
52.41745317320919
41.5250674345403
47.52057929985341
51.48389751454254
46.73689825671395
44.61916538415381
