0.3719418400401282
-11.317020760700123
8.75707651256479
5.8487283722219185
4.6328009937613714
11.913196030481608
7.731747982786137
1.3749135065208073
8.953716689006619
-3.505809558577166
-10.200016930414108
1.0194344209320567
19.840021278672275
-4.940898373232251
1.664910268440779
-1.1604661188074372
5.323508256778507
6.493884382302463
14.527803774626108
10.167539878092438
0.10094266309685285
-4.997897368346269
13.773019210668442
3.045842046598633
-5.561328299666297
-3.1344653926468977
7.733203225041062
1.883541929594858
-4.424256303755421
4.540727081524072
15.22638129068188
9.843504921087154
