2.923940042505758
22.285448169566877
2.348308878097122
10.389414994410705
0.9664923366295846
0.3848290095802477
2.157238913284842
0.33375876000381
0.20633992704779194
4.760245051186069
3.5038684870584182
6.702238053769358
2.1144708707658446
2.5458879849785845
3.110187085798979
13.214224555854043
6.639145640437832
3.8572358526980772
5.130472456767511
0.24541873567762876
9.340841270744486
5.679493079129603
5.481560419168434
5.4795776230994395
2.732120003739594
9.75121654368127
11.08097861776254
1.3687462436646474
8.54189914667386
5.461821393059915
1.9923671563676917
2.2835223446418564
