-5.682913964147571
-5.152974111307685
-7.85064724239992
-10.53766986397198
-15.4787897968746
-13.556613997904321
-19.83529036179644
-11.988633449122256
-8.375826474475526
3.5050475264142786
-3.117619648966783
-18.26641861421988
-6.734347074497668
6.991028913632032
-25.249057532062032
-12.055671827088567
-9.448855222483932
-3.832874278989353
-13.435513471249143
-15.148327481042827
-27.21765476318965
-9.935944415943062
-6.271222156534437
-1.9940380591274272
-15.733878338545939
-15.418235942526458
-2.0229005457541396
-10.96106754460106
-5.347863265614312
-5.610354005409596
-10.973090563262241
-12.959350082123295
-0.16368460459994516
-19.57463559310016
-17.770982828933253
-14.772492204187271
-5.373629437783328
-9.968317521259499
-15.22107306121673
-12.822725642795412
-11.203571155956734
-3.9235676246466573
-5.6259175701814605
-8.44100995823304
-10.03513682376477
-21.126209858472038
1.5627328053553686
-15.548660121642179
-12.483151739600963
-8.67734433730093
-4.157059278094805
-10.287020522908145
-11.129779360406054
-8.37800035015677
-10.289555876309608
-5.807478768489036
-5.2697979838008875
-13.71160826576232
-18.009963635027727
3.77943355741742
-16.785649695704166
-10.25474650012293
-11.053778194018205
-7.609586891094944
-22.319222199003732
-4.099818062047929
-19.5353385182052
-13.6617522040371
-0.38724214189773676
-21.75179236356871
-15.047442833081032
-3.4303903242926683
-12.720664395134115
-14.589672542693972
-15.904733824978997
5.139477166921635
-18.25513999175272
-9.438725598645329
-4.601822219122288
-12.356462069046247
-3.356272809865465
-11.356956360884057
-12.752659383871947
-6.4542112926186945
5.722942270014871
-3.671279171201679
-10.667805522771788
-22.88877514913369
-16.784442889508956
-15.06890591385634
-17.71472884810841
-10.913373098409066
-7.715627691202465
-9.165672805166343
-1.0449853171952768
-5.421695148574163
-18.445112347719487
-2.19307370386559
-8.795025183729688
-12.57812830708868
-13.540005405357888
-24.206100491145655
-14.668490392946108
-1.039299736878803
0.3991564551088267
-6.104386133783422
-19.142631484036905
-20.584435600635658
-11.06055130497867
-7.830205710620989
-14.445391333878984
-5.114864046869148
-4.901621221104163
5.829132303253209
-7.702019413415417
-14.190196458032357
-3.6129782289806673
-2.9119189445455342
-17.266936878970114
-13.298655810532537
4.669537885680784
-11.090369884045256
-6.537656163909956
-6.0263659638929035
-12.575842392766575
-17.166281694110527
-14.681005292092106
-2.5352231707494184
