0.8969035432484082
3.0095599986551744
0.04178540997221367
6.798000127874153
7.533909511688803
1.5925001723658856
0.17792405622138918
1.0983999669753461
3.68498245051733
4.993297589820894
2.5520343370704164
1.720172373866781
2.9099616138921043
5.504558205608045
2.671637832477709
0.10854038156074326
1.140881856325448
2.104125538710862
1.9731319811063721
2.1730582720679643
3.5832737656485807
4.302474973091856
15.116828888004573
2.967824007802727
0.08531075391824935
0.6548237062833103
0.11829556606021498
4.7081280858689345
0.9304671392972942
1.3023089085025066
3.4682249124034294
4.078983686679268
0.23581035723198845
0.02512637223601995
3.057055354465554
5.305390812601914
2.5874118196354936
0.5340981595388864
4.755936966760345
7.540935459911486
3.4112681280028743
6.599705155136591
1.7128555645965646
3.797563279920232
0.34892911748591554
0.7250466996452449
0.06292046040515227
2.993640700811264
1.902697348546515
15.180248152557214
4.544919275842655
0.23387323659608306
9.71754039702637
5.998664724058597
3.2723064970214146
8.671875161139512
8.101319305050193
3.2212705486671256
5.8275508845107895
8.214268715508744
5.76377084583887
0.23894635632636246
3.061955323645038
3.4593867518793764
3.82973709552033
5.289886197454948
0.5374238349846078
3.253574178022125
6.1430708442659965
8.407211920552912
3.957211283535095
0.2349893325903113
0.4305088455223706
0.7612813119508948
3.071569246795959
1.452299593402647
2.8851096004633883
0.4163383805428814
3.158038998609436
3.331286286978048
17.287480823853475
8.71517054340796
2.82410601224575
2.6860967525562356
3.237991362696181
1.3450359181099671
0.5126281626926669
0.1214124453713753
3.2560311282924554
1.3027423623212273
1.6626776368544225
7.033002937314777
0.4624220948657972
1.5578430479342738
3.99804700862675
4.238851501874199
5.463783553930456
2.2949700074882045
5.7170267521000895
0.8501867472912406
9.592638070866425
5.955989684757886
15.870826463176176
2.8220607128518127
3.805850759810567
5.335931853976686
0.575279942732486
1.5376835927305725
3.705665328790702
0.17138982568355618
0.6476810490169271
1.0211731510180015
2.453783501470936
0.03850820290803929
12.776845800386162
4.684696278573669
4.89806627574237
0.6143731914755979
2.1750618062230056
6.592219774179
0.9010000619411094
1.5172784250424716
10.415366132266595
6.332135640245855
7.1347267463029205
16.149807730702193
1.2175153202870619
0.96059030772253
