-5.023571620686241
-10.598917295661902
0.5486115174947517
-3.6479641375379765
-10.179792724695098
-8.78707137907099
0.399262459543269
-8.75235735617837
-6.700334751018971
-5.592418630068689
-7.479948587221895
0.22966310737378182
-6.037918463088242
-3.7471199077863995
-5.6892654138886165
-3.9680639736697767
-2.910123983151748
0.1405660669850226
-7.939586328428945
-3.8097328883954695
0.1178269824454854
-5.267154444223534
-3.347162497783892
-3.734589805918715
4.895551149080167
-2.5196884537049598
0.018350695708047038
-1.611661303321368
0.6608985928871189
-7.412337070717053
-0.9402681782616735
-4.258303581586983
