0.6806838171463726
0.9932227877422687
1.7125279473644592
1.8707991216463067
2.001019541172284
2.9266826559247083
4.115315421169239
4.134820571791082
1.1174191697169162
2.182034200478028
1.9309621538870956
9.485793402736466
7.365581300404592
5.1283429453778675
6.893321790442214
9.798109302508733
2.699281312677201
5.96900308215198
1.6697959971189273
0.8759573312606229
10.582375647999747
2.4527080542515067
8.56915028097605
1.4044971105353616
7.566091804014171
2.573149701370433
1.176688512563792
2.8063218809827637
3.701506536886162
0.16732824420384507
3.39569878005556
1.9426083227723183
