9.278140656318454
-11.9579341167615
-0.5875517791765388
7.768634477160528
9.31449767536219
4.155961173891046
7.493798267752305
13.17624038770958
5.131463525099443
4.637170955910677
16.547467507327397
5.585490572885401
-8.776531817100897
11.937080768397008
-4.439870813891171
-6.096568707002781
12.495503403771586
0.359187625477138
-11.126453407198824
20.895468372934673
-0.7947773743251592
9.578714921284737
3.175478729142899
6.757515543174992
-6.813103305624075
-1.9288372158760998
3.8004923305584475
19.620875299855136
5.6682099846814005
8.979445225101177
-5.8763405752466475
5.9669142586644135
8.627216900650062
9.66051959293096
5.737696952387176
-6.386667663748124
-4.3616045182461445
-0.8506392892240369
10.693459844817825
-3.047964677168369
18.292644779462595
7.377157828669828
2.2381611136190536
-0.6933089259974006
-1.872907927313336
-8.138275622817646
-7.176790837428127
7.845221917726101
-11.911961238856465
4.371034493209964
3.308481447178327
0.7679817245199223
-2.2442576475565037
5.61157160953549
2.0805715881999824
14.443464426228717
4.89506865824834
-3.2561144613844464
7.283819990729866
-18.182026641811376
10.37506269757198
4.725361946487914
6.588547319479239
-8.518759908162444
6.512888112217715
-7.414069331919897
-3.7429879493230773
-12.282583799605124
-1.207163756413562
2.3927763531915915
-6.086411571004836
6.38652066107726
-15.523285311288346
-2.641534122560768
-10.596096572991934
13.477381488512435
-11.3983877357305
4.364552264312065
19.9718975750296
-20.653609206121253
3.13420671058618
15.11059216341359
-0.18419038994746906
5.37338918049171
-2.0505005752542615
18.685035897325278
-12.523708170885415
22.961920539624778
-2.9688454797790653
-4.1150371560691426
-1.6409438486376517
5.222452241491254
3.067540278224898
4.452684476984539
2.4989093344499667
-3.8067158386736013
-2.5453556267430963
0.05791515516647738
9.330554995756536
-16.953844511715488
17.2958016921487
-2.8442928025817347
4.5429539673172314
-3.717524396761938
8.866545211552154
-6.6789323958288325
-8.274072462103385
5.541240944362974
-5.29958803706458
7.621847600011525
-2.305415485587636
-5.662767872707683
10.741447025589173
1.49158227018622
6.879445320441661
2.2686613329495553
-1.4936932627655701
2.085429790396887
-6.049531950379649
5.457004068174184
-11.939190017971548
-2.58789059796905
4.879118440636267
22.50869055860145
0.7105820782192327
14.371834733042236
-7.256637325513454
-9.104630342286613
