8.308154234562132
0.5235930614115191
1.405295886887943
2.8615792166309713
3.5804274783505274
3.7924889249993012
1.1120964884287432
9.691856757101379
0.30664002388470757
0.4854700909075694
4.3799268615164495
0.5116466748518267
2.8527729668545545
2.685793875720124
5.0632013164103835
2.842632648990442
5.442613470157765
12.076399154723864
4.196233177415233
6.825240186531167
0.3647043091911138
2.527891295296873
2.8433551811680395
1.3589406984612484
4.356648778649558
0.16152128638959073
2.1721883805660873
1.8040204178652919
11.897073909342055
0.23401490605619876
0.12163219708958725
4.737277123206516
2.0120537800228484
2.804290446491258
2.7668162776281995
9.844213959329405
0.5712031335868577
0.32991847385046674
2.3338862087860823
1.7346997021528587
1.4935650469568293
7.858046149728964
2.5382182031176392
4.557967230963183
1.4098325863230072
1.1410989589564333
0.3926687808702525
2.2240455871594746
7.637560474001571
3.4669163436626667
1.8313043154660975
7.774148592523776
1.6109018665059143
4.695083146836603
1.1789250129518976
5.808860627676762
5.814378082894041
11.27802198500259
8.729770659557358
0.8510325704929612
0.7242785997271557
3.323365003672034
8.812842115594453
17.296462102971883
3.94224168484548
5.207225836905371
16.893664152532725
4.801232143397144
0.11099684858615035
1.4891305634199683
3.479122819233134
10.915265847278663
4.701271633533387
1.8622359221335467
0.5578808262340368
0.9187355550484919
2.1108561309256832
4.241985519272201
3.9286328293703003
0.9197082709573104
0.8690877688232831
1.0014774566810674
1.7621608516762337
10.922942037039904
1.6965639298708968
0.046611297413368766
9.89435479294868
2.931366712653006
1.0478392910212546
1.6551872789853233
1.9241274459328133
12.95648775146339
3.1261742167559357
0.138002405564753
1.357807243306474
1.3050293708025367
1.2636247703590784
0.7740419673507296
3.5949926011234545
3.1862820439273487
0.8752430905799403
1.0459833633052777
1.4883605292310071
4.901901217736262
1.6722494371032197
3.762504990471339
0.4174084411296677
1.2753031250475766
1.8800141796729983
10.179449997560141
5.224345170482422
3.6181787044826996
1.4377213988637179
1.3806917811559114
0.04809450850569426
0.1819269404180821
0.6873299450555768
2.6294733456786967
7.65017139289305
1.14280023165786
0.3381798699550256
0.588763453006936
3.782300313378045
1.4962353177047827
1.6439753749005745
2.8229893517937836
5.309219564941615
3.585435068328529
