8.62971631026061
7.622794871932033
-3.6785969054644205
6.065292658690751
-2.8376009012351187
-2.4614663991104155
17.62920615160424
0.3381011406100338
14.563203975002681
5.947387466001423
8.280460749689563
-8.774176470816762
4.379607695761933
8.05795232871019
6.339295387245892
6.795398963507472
-1.395250200948019
8.589628973904777
6.966962861590079
3.5463968027963846
1.4906670475583157
19.48822054076207
1.9403887334929362
7.8202744873049035
-4.658817619856002
5.727790523726251
2.6343879073497005
5.7407321116149514
5.792148183761485
-2.5108568156562665
4.946837386840196
11.88530966718516
