0.41576190332994584
0.892411608248029
6.758356017206264
1.3221842789803888
1.4971022397857487
0.5027800079514148
1.2688714431606685
1.5840102305886652
5.291813578745219
6.122211842379981
0.7092873509902143
2.1886027609801117
0.3178266787583132
3.1986896517456387
1.5403849399513316
3.866439755038252
5.688146737306633
0.26850300013583095
0.34668866962143596
0.6592074587838003
0.10850238944611443
0.7089654707118335
1.027515140412005
3.6780730778715887
1.9142722289809941
4.806033691152785
1.319617654362308
5.236595369558547
0.5412539668419712
2.8746073036467585
3.5786612264324966
5.4311715128432025
