6.875789193317205
-0.024156808012861575
-0.4921496952717277
13.286393687973828
-0.15459167333967638
5.877221106133136
-0.255669594318622
-2.335429382602185
-3.6133766906248894
5.3192940048918365
11.717876130781576
1.539001524851543
-0.6772379665159907
6.239626155361107
14.830232241282806
1.6902216284231906
6.3674601413207315
7.005999854569676
3.121157796900839
9.608571189524834
-0.7677780943397492
1.1651122460084151
9.079075703979452
9.666101112818511
1.3739001841673795
7.5211334906890634
15.103604899852758
15.323458298943871
-3.4824507189032055
-4.9587938751726295
9.995056265372806
-2.812912021269054
3.747687028323888
10.327809103645755
-5.826776613999
7.4732384158511245
17.01929819879843
17.62380498888789
5.26910225212478
6.09077465475667
9.401264969326153
-6.0530864168218415
-3.9217320154597086
2.341859523281133
6.389653583755994
3.77498085828761
7.812371128423983
11.95915925101231
4.031424701205572
3.87355484003053
13.80796194015426
7.910005412105825
13.617545932376984
4.150104444894412
7.047952897182647
4.356523135644015
-4.75961523121299
2.3457942611651643
2.647229755529005
3.9733021567340687
10.631517410178072
5.337093947813416
0.03560574208628964
12.246607396890877
5.378408992261416
-13.715244163637225
20.327934579703218
0.8807992132847202
9.694107079102254
-0.7963405987862187
6.236218739319534
-0.5515134513677156
5.576170199633809
2.231113051284101
-4.7715492530384935
1.0078380793472212
8.89500874670754
1.2356767532202415
5.3105381685636965
5.347464262136513
14.703101404101607
1.379851585894318
6.59647241120908
8.837412496544808
6.219721274696331
-4.869635973325792
5.065465479131484
8.895646676438407
2.505428414915945
-0.05076025835956077
5.231310609469838
9.162971712107076
-6.3646267661845375
7.06104300171514
10.16890485661455
12.348726771754905
6.068035238041824
10.173220047975324
6.5089680887913115
1.6821488434606233
5.229887719397261
8.695881245210876
0.0701787515320742
16.861917809186316
1.669782207324353
-1.8659201812206163
6.098589346130131
5.4788361794675495
4.851534280204383
19.94108812495417
2.4829873054214806
15.745531923340197
2.067000650063156
6.53886221215555
3.716667759738267
3.579441952065383
3.8172220363952993
16.12433123109306
13.96582126167959
2.115158621511294
1.4661803299052676
8.160727783140176
-6.759146404528414
14.943884101022286
9.600517183936716
-1.6922179412202638
5.835503673319412
5.570842239839269
