0.7317432696123306
2.402145412145134
0.8911933972645368
1.4023928946827855
1.0126377509341633
6.035189797273757
3.6028231062171265
0.5569839384852441
2.2534208146852865
3.3022529703515913
13.091749120681975
5.140750455350078
1.4758484490756703
3.961201301517115
0.39818736544074446
1.8109957937241867
6.462977564619655
1.2735018520430275
2.190282773311708
0.37648652030276536
0.2303886251626501
1.9242004882200796
9.070072703486543
1.3297743299670186
1.7764524455515522
2.100755116351433
2.428757361744569
3.4441889939227077
3.4106144500333
1.6467307208643744
1.4180497851843945
0.3078051456532661
1.1242757768927498
2.0337525433044195
1.9837438874597288
0.8115432865319586
1.8761142931520998
2.837993106977165
0.9389325623418685
1.3502325224797505
3.3776513083350332
0.5350053383542129
0.48538650477332435
3.629646412275738
0.5974184913642503
0.37661085859534
1.118216363919829
2.6510566538840323
11.02171991122927
1.150047218859378
0.8156791504694215
2.5767116778470003
0.5773844912094798
1.2217599175168785
2.423417133474163
2.489725862297093
1.5860910095974359
4.796246813859911
1.8066483690394513
0.7511483177890417
1.595107341231255
3.7496546335696
0.954074365611863
3.1176939663313274
1.60518538007726
0.13698763793283436
0.05655069464265875
5.098415890371096
3.5864197679047263
3.183690526033261
5.110397975920665
3.6732054816502373
1.5751894600868626
3.7241353544121556
2.8337231471410007
3.1581341450132587
0.3543424274386453
1.3425410284532526
1.045361662387765
1.692299365210109
0.21155666310943091
2.361993284994701
0.023492314697610504
0.7732876480381294
0.3763627072322606
1.3300323787141
0.044325440877969184
2.040717707793616
0.35559660627038
0.9821370821821025
0.7815631780266697
0.01941395284233977
3.590329218086879
3.710024395973955
0.5398342693866435
8.30718166528613
0.17776332987255813
0.3126484596162275
0.7934399471660799
1.5402479688620057
2.5471110407089976
2.3963167983868368
6.0589545628445745
2.2253229469252473
0.5950408843096625
0.6229885619059584
6.224338929452937
0.1000204613539175
0.1676980182327342
3.0570000601649525
2.1328679562122557
0.9108638413791373
3.376782638325945
1.606451565222629
1.796434191626729
0.18863125452552934
1.6108993433670613
2.5421156748630858
0.17869374674555527
1.765655320810351
5.269091533252367
0.743064550703726
1.1013956313347293
0.09948106864395131
0.6482070769330677
0.1730401803292026
0.2222886546498351
0.39313241996251796
