28.128652250871856
28.629945154940344
25.34638612272654
34.04191199333623
27.875040934327675
24.818133479549132
22.439911673094144
33.89800494508542
27.281630343187008
19.530353416765635
20.64524910041997
30.86846491904938
29.230399553724617
27.09790049636576
28.110968672445896
28.328566629227602
27.369363455998297
26.52116017423764
32.0061970482916
26.926044134584657
26.66284761895852
35.94804836683795
23.556800253917135
30.332850020376206
28.73105569963886
22.1264348386157
33.136113356300534
26.62371135409684
26.349029622602217
22.756044713658994
26.570899045950764
24.078110343529275
28.50446426229024
23.86310479168927
36.02382400431958
27.805621896076296
26.118469091801717
26.471126362132768
26.361031613114235
32.45797401888188
35.21196688250825
26.126188290315767
28.59237641677789
33.910226810841074
28.54698518239388
29.650587938405817
24.225005019273567
21.296196146326466
27.014561118614935
28.71920848993544
32.34446357666811
32.66939856053644
24.467603666210003
27.980603472222878
28.692884341554603
24.52607564345449
23.385897454221084
31.46461426976998
32.44395722937851
27.62210697153249
32.643075100140265
23.937144693659704
25.677067605279653
26.107944151489733
25.36069260811174
34.42010460052471
28.676785977185034
24.464718808325554
30.06230941572186
26.136502736327543
36.57074507314769
27.58818854820968
35.41602458352586
27.502827963043476
26.546427026601393
24.876250101786926
23.296104355843024
29.43845188280748
22.0469908828434
25.33080929757293
31.60965437077425
25.990134761994007
20.721917002263922
31.721842228750976
29.888467432317693
24.23259616910155
17.5593558614923
26.68427124925129
35.81920123686466
20.646748734766213
26.330858827727198
29.476123977707577
31.901732908734992
26.803450686074324
24.2042579713037
31.724295239313708
18.586644339179337
30.244570544172603
30.49559159758769
31.38691782131423
