76.03933094823397
63.20725657379667
58.58107362820997
67.47244027849227
58.57557568133143
76.86082581713717
75.52856306313119
68.96731071563657
60.636672952392765
74.04850629509062
67.94551619930967
61.05023182192518
61.75522413170496
65.45794484549452
76.70720046973608
68.3476824105461
71.64110829990567
70.1331505459342
59.78247068355393
63.38698646312981
62.46086733369168
66.3152309853564
66.81528163568062
59.92753582444553
70.51717339397146
63.31194124630784
62.79129133755337
57.4355811528491
58.306334907991996
57.48655365021122
72.07372219790079
69.8706046376607
59.404047740045975
68.65109531433613
62.92583977813243
57.29364208091475
70.16251910200876
62.70528378595863
63.912749331774705
66.70770100165984
59.792583702088464
65.02518492617376
75.56540604552629
74.29647467250047
62.920282805535194
75.7864448275641
74.02135492423812
59.8111649397724
57.66179900709804
66.89478797480422
76.74938651672933
68.59781199462601
76.12201888328197
61.97230338307613
63.64213015337409
76.29198178658064
76.48713878472738
57.61258976864935
60.71072464170115
75.62535932031155
59.21904943914949
74.74788528522292
62.98733021787591
64.89714554328725
67.84510829153753
59.079858740611755
58.01884444447551
73.36522721357049
68.06325011723203
61.02571964985695
70.75427817020037
61.676928689187115
57.82253846704029
75.53971995568601
62.652382395430344
60.80685270377056
72.01880791085487
57.463142984558225
60.9225024220701
56.55225746007565
74.97433046428935
57.80365845578736
60.559256720249536
71.98631490365328
69.43979880787202
60.174725952453144
56.61434378878736
58.60272927962289
60.832454560805076
70.15663680455901
73.78238491445691
62.539198970827265
58.82739513882706
72.95189730662769
59.43166365634977
64.24931576331784
75.85347770375239
72.08206203560582
70.32430842719218
67.55648052072561
