38.29027077313966
40.434338228969985
30.662619241992815
35.47319921172888
45.28596964712822
34.84460685798776
24.481490962548087
42.20337725182006
38.51776502798446
39.76711817768142
43.13582462668619
37.36864923703453
31.63426189825316
34.60651233644606
29.07956289718384
42.312133983670556
41.42376937920702
34.04002388561527
36.981684640136294
31.19297517904935
36.67297317671638
39.82092343786021
39.94214180306753
42.375879444290554
37.80206242863018
36.76185864665513
43.48390438188435
36.06015632305341
37.94780675949238
31.080599788313226
29.291173000193474
48.63665587076283
35.32844755468815
46.638566586007485
44.41962329815175
47.77330103130558
39.40608461927581
32.694797019143046
40.9833304606698
37.82463010515865
42.69080880977934
33.08289317948966
35.48838519836343
34.42048930433073
32.076873482179835
40.98316774318134
33.41195774616916
43.75298050228842
29.09267599641029
45.25519270159764
32.67547431318891
43.076265020100415
36.979446795236505
32.76771388102897
48.94157797686768
42.894179236368245
24.854263098492943
33.755185895465644
35.47738576809117
29.721788767942463
32.764937362360826
27.941636137938257
34.43033106018014
28.444362226636336
41.78444962517288
42.297106987611144
33.8928038249018
33.63998922950652
36.425197508938176
38.18396638103142
45.15500133530676
40.14905671300566
37.20045442039726
32.49329668630584
37.316363543879795
30.34395252161875
34.60892152896433
27.611800241939804
32.27224734261317
36.53717855798285
34.203866624961066
34.40892940624699
28.960293423059966
39.306735785927934
46.730207512211315
37.30994416796432
32.518871055798186
31.942438497365636
43.460917895766976
31.168295672246877
31.564776093367744
37.61197860722033
28.266998169737988
34.28144945777052
39.69395859935061
38.49636418283087
36.10360168003185
37.46269786381953
34.20775639115259
33.86451358030493
