70.75439917583982
67.95161816974326
54.20542901476716
60.26522221255309
70.60975518503568
55.28871621699745
42.90295605407906
69.10539944350123
54.44059333406662
44.117552250561204
46.5756954632395
60.522926198958814
41.87166954566784
57.58337913323254
49.84456603784583
64.53020029173499
51.386983563802154
54.11036132858655
46.4055128535715
41.80262377007387
46.87413839493389
61.25583106975137
48.91009246431055
50.37595490733824
42.749202446897904
51.362186542508844
46.80255803049606
70.80062371227405
51.30243904229419
43.190603677464814
70.68753568034275
47.964565163322256
70.7235763679868
44.787654446805085
57.98295030134125
62.0596739734046
54.87778757038584
65.93591479056194
44.07911312710748
62.67320497708977
66.54087127897361
70.71663430621236
50.84661425829099
57.39261762241442
58.86570393579523
44.400576889726715
50.51836741061901
65.331154815883
48.06473298933852
45.34059512296284
42.33959250168831
41.842351880269874
44.99184814892983
60.36292906491059
52.78862383162508
64.54050105215042
51.69172477308405
70.51416272388863
44.095249590035216
46.35629400964046
64.38586681461031
44.800101801566136
47.30517088823426
51.676224123463896
54.02382189088002
54.161268099029726
69.4616727747773
58.07603021839036
57.08388787270991
49.83474391075707
67.4510857002017
70.0543693634462
71.18849702199702
70.42488489421332
54.767843622209725
42.14943160383069
63.78003047345622
58.616034618650474
50.25707956988304
44.853863473699754
61.71889274290529
41.7078054604376
58.17485734116122
45.877288353657654
61.447277814288725
52.01334782534297
62.85573263925022
59.642889462908585
64.38572557213486
48.63610767914774
68.81918216410905
64.70415014778936
52.11581934153832
56.92790613098588
55.68656465311693
46.20888383888542
51.99064802862391
69.03421991868461
67.28899429230069
45.64967086036639
