61.937014628424656
69.34529341296502
46.2835273897131
61.28984054466083
63.21272216682809
66.88835294587967
62.817776298296394
80.85277246030937
64.56267558569394
63.410648136463635
66.49027927459204
51.87307255573841
64.91333212644692
61.4053671039731
72.21857525582837
56.58302487119194
53.290627391795596
61.47406598020116
62.07189000012885
67.4503351434182
65.21841290122487
56.79377684798423
55.10807856681323
55.96557476189837
60.18692160209594
60.16595268532318
55.5514472307122
52.62139522577458
66.58281413966272
53.01963884678176
59.63422507419368
73.59353257522469
51.793627914988335
50.88093871562053
61.239128525801576
58.32117633701051
59.830686038449336
47.85628341496823
73.03761866176634
69.20880174971533
60.61207421196899
60.65637985690808
74.48665520320131
56.818337005756646
43.57270476341331
69.91994164341999
68.10565301387024
68.73021258600563
62.637452946722966
61.89439940415732
66.79589104964579
59.907409494474464
58.74745022693897
64.95472692032118
64.44029298040479
59.6204513499649
51.53301185400562
72.06591019411621
59.33981816852716
58.77263823318739
60.826774042089845
66.93490241800612
63.19332889190673
73.64047200247728
60.032377196869305
60.755941873428505
57.312642222368396
48.50168789346436
62.973982463377524
77.52571708971215
67.9654609786038
60.13786178317583
65.15805016915142
54.37086459600479
57.545439525483076
62.36451724692322
82.28149800641677
41.94003550991039
74.01900081237036
62.13186741492615
68.19673549609637
59.900980444413264
76.99796177004562
66.1880732339334
60.67088826097175
55.17395573785134
62.720272811038605
47.41554563696216
66.34848540240141
74.99889655829878
57.126813191506685
58.55922290602122
68.2845904346944
71.69270191479845
75.38010188744975
68.98208232248521
55.60409001608024
53.907153308526375
72.48949904731194
65.07118930853756
