55.350059905070616
47.28572465861602
59.33047954137379
45.58360882248282
53.61657022020904
42.70398416227372
55.217006458489564
52.30356253073904
46.7807116709799
55.185449229406714
41.30039247071798
47.40722354221295
57.127079523061845
49.327421913344935
57.37356501628459
60.76740625765008
52.37588936481068
50.611196969237454
54.62069434737278
61.106736076943974
49.567573919381495
50.451795626716944
47.98709260046688
61.25570086767566
63.1761618848337
48.82320135328445
55.22201075686479
52.90672570718971
45.45830662034494
46.451191391765825
53.40121185735926
55.164495426848525
46.53966306147686
58.24108478426513
57.49582678386038
47.79384336697752
54.069247287530494
59.89943497321188
60.27786996494404
42.80672644994597
58.5678834118894
55.30129675553089
62.119892782471915
40.523591487707634
41.7764806209253
59.77815495874039
53.42557397424359
49.250053068711416
63.04665325121593
49.11705776689084
51.998428175241905
60.49980987027661
41.56412026687031
46.9238281309662
41.894663680456205
51.80025365383989
48.58493286107611
59.907760946821995
44.272813928655715
43.3443447556693
55.800138538170465
56.01001428048262
62.5444157779641
62.024027693825346
55.907950437233765
61.75955161992445
55.479615596431096
40.881945633421275
57.46067785501596
57.33213850981312
52.313912196048435
53.02528397123646
57.19394127858746
47.135054964387706
52.520988965004506
47.04739348587208
56.65199245260878
47.95814237046405
61.43942252238756
43.435009599146156
48.91794513496481
59.049446561430074
49.64569370189469
42.27642941310646
43.57511628505561
57.46355330613629
59.4150556119226
52.83087355252774
44.721775503878376
54.10424844488638
47.85300094545997
51.77479566575077
57.00823076355501
50.11855937048953
41.9754371062127
61.321690652701804
40.81036875797201
49.46839406216773
45.08165363080019
50.073333989805626
