53.45447867638137
55.77849432009491
56.2322827033987
54.07648381669506
54.7885844121477
55.427130745432024
54.14991969866135
55.401788154345375
56.41858591672498
53.53085992939927
54.08853286012239
53.52668338629348
55.018078138602824
55.12571615475316
54.91183269123598
55.850013509881414
54.83317779240014
55.21671840228059
55.722769048025114
55.518878931478575
55.4519697465853
55.63257994607871
52.948090863229595
56.122942296462924
54.17047461723656
56.06372183329084
54.75367981824673
54.03798859967501
53.99256850377054
54.129410698351656
54.47889329007873
55.245500975203406
55.318155067402905
53.760393527801874
54.38086454099659
53.223785699276746
56.135400675744286
54.93691463475968
57.04761048394647
54.01969162508618
54.077921587912364
56.26968074818164
56.09029808883327
53.938575165959456
52.07676866028613
56.968803415813916
55.304197170559505
56.634723146319985
54.921021153404695
53.63083214954676
52.58081149970743
55.47834821838851
55.55712799020381
53.729388204841385
53.969466507528686
55.18811244563222
54.74401846758468
55.98123649466271
53.580108870424596
55.06234124463632
54.42790438319217
54.122093351759325
53.44108059570439
54.815565063896365
52.98736905294844
54.08376035956317
55.06875702907483
54.013516473637736
54.68718954972701
54.36494806114033
53.71422762523441
56.385422422609494
54.839558572663236
57.31216186906735
54.52961289893506
53.977700258667525
53.82169599066529
54.24227222813037
55.78680787713779
53.8230733260975
55.56127740115115
54.15583715662882
53.933489976740624
55.50297993755926
54.47354595551017
56.46870688353864
54.2847802153712
54.04707625494014
53.10384965870425
54.98935871770816
52.79792418983968
53.87892259819336
54.97211448297719
55.04085590031676
54.15701860679483
54.50288391396226
56.404335575959145
54.936014104272935
53.86468814813248
55.5070702409561
