44.149732743180046
51.287746612127336
38.33927832804044
38.84949803423598
52.10554397500729
38.14666128405224
42.42630486260377
48.739610760271944
39.937387367656235
44.049840689905984
41.707739868507396
49.02378788742284
50.75164631322178
47.906568374147426
40.95511311214518
53.91624892050661
43.80436574735779
40.38166821077413
41.04214269104291
44.89023131622756
37.50523866728153
45.832799128190956
51.585997079330404
46.89665688505233
45.3941417828604
45.427571722806064
37.39747469914333
46.12138397655271
43.532010327785784
47.74728410955728
48.77293810147316
39.87095861723663
41.383733108528844
46.26627130680179
52.72495282739174
38.0965711715051
41.78918774260149
52.544722747259556
47.91385576058073
52.04452094059877
40.64662385264604
38.96528195495042
41.08405085032484
47.12536402531805
39.85930611596446
51.156248991624075
44.06348850176136
47.96982669427645
50.44132750639929
44.73414080657631
39.732451063092
52.85927433027749
52.267534858332546
38.38189699929548
41.02271999577254
39.008353073456185
48.19387545660808
39.260262899096574
50.250375123515845
51.675855541624216
37.88176008047033
46.11021722265529
51.45108522165036
45.11745005144068
39.78425915415163
48.29210949827768
38.90950658732278
49.21562935006381
40.097746724174094
41.00881710297742
47.419733730130446
46.30800791534642
43.983273336709395
48.88073302934381
42.95133604592554
54.04848296387553
47.30548192747832
51.99471086862252
39.53344790962588
40.164720214992016
39.092073981070214
43.43805045615188
42.79620490631728
46.552565521857076
40.586613912068096
39.86373667330485
45.013181367270136
48.19670675435278
43.82900743404186
40.562824632166624
52.83491605076056
39.022783484282215
46.338003288874276
53.418352508145766
42.634146395525484
38.729078679224976
49.1460745453049
41.400287792055906
49.16152024589067
44.529315719651166
