54.14038432873576
43.57911805540681
55.6716750530205
52.657491590801
54.76603508354765
51.00357293026711
66.84449052330002
57.409308905725915
54.149635437196906
51.573509961660186
52.56903584591036
54.35572041839601
60.83426613662794
47.519681852579126
50.73324511920679
56.28492873863265
58.58973401887881
51.76911595632875
44.58630151668736
58.10372046126797
52.096147491418655
60.83389485434515
52.44705113038242
56.668383430002855
44.67261306317766
48.38222527424911
50.330430199716254
51.87845111270763
45.266694644226305
51.95313944396167
55.246002512618624
58.52672580497167
60.61590715476212
45.60052766399069
56.48359990462109
54.63953789628357
57.70418712224377
53.10934724766151
55.67117761236893
47.62888585736095
62.2401142434623
56.690757031165866
49.498145438729594
46.42987441831203
56.835359184876545
52.17897124690555
45.5445929962859
51.273854610420464
62.475138928578026
47.812236246355255
54.11774261123263
51.646105036490574
62.740021283675134
53.407268856670996
41.2261633729495
52.969170998539504
49.925064388199104
50.943604838991995
60.44376207601694
50.45914742460525
41.13765709200264
61.493260215365694
56.065856909883884
53.75969356688827
41.312999655186665
60.292066949158496
62.08062417456803
54.36020270504901
56.312476846942126
66.40647442703938
54.507377922971045
56.31480863728149
53.094396384504144
53.43663415320917
45.56618700289144
57.95518201105954
50.87734611610244
65.21015797133751
44.92012991422881
52.8555170333634
55.65329850478902
43.18249504966973
57.8146986248954
50.82919511416637
44.695808936066975
47.010708981339754
54.7559932546069
51.184533220913536
54.31436244586218
52.20413824368859
50.179580165648964
52.32374281425413
57.33271185355107
53.70402225912172
43.80885082562536
53.71736204730417
68.40744754951189
63.54564178476393
61.012655979685654
59.18021040472762
