63.965117050971365
61.474814912441545
64.36790220955326
52.669115285117
56.28801331310514
52.324083090942025
57.6848037126609
59.854930090504666
64.32664745218128
58.0333481442113
59.54493801812349
52.54229325144692
58.877314008740974
54.18360120407336
60.475798957166155
52.452211387629305
55.111761673073666
63.155701411091
52.022465761901564
53.9719313208046
59.406154646686495
52.50214804448361
52.72323007178316
58.79089758675883
56.6381405433262
58.8915594598533
59.381166077003016
60.12141725456204
53.43561502180234
53.72259907978127
62.549877816018814
57.47062880615171
59.763009576248685
61.8370901740635
60.5488830603956
63.527754284408076
57.63918801651235
53.277565554818274
57.73815542727815
57.81200339928238
54.92704001830524
56.52714285658227
60.34945720706392
62.14590078656119
60.03642366374741
55.24090631606521
58.48321212378084
54.91335092112835
53.77321484548709
55.8081675942338
56.73302890808384
54.6104551017561
59.45905393783891
59.2849590455755
62.45809421326709
56.203920589542655
61.75320898652169
58.550585651695776
52.48543727575929
56.51838810394807
60.308314164949536
52.16637485262925
55.933225169005816
55.38586748056154
60.155789806666206
63.476228311469654
54.2559497775408
58.7918580052369
60.33279792266178
63.42730965247823
52.023715287067745
52.591803071582184
60.08463365159189
62.54339559698698
53.44503430323749
58.31183858453385
52.96373096281964
57.709240386698966
62.97656557997001
53.16018504763975
57.541837155019145
64.1370796811429
63.522698062394426
64.27778562137908
60.680154411758636
53.18841712346275
62.989721911830856
57.95328095009172
61.59094647082939
52.793543133390706
53.83446273765502
54.964831800422715
59.265660561381765
58.8784174294531
57.857315652036945
54.35147873138577
54.31980592908117
62.07631538996179
61.38894940694704
62.835322456310195
