35.70396523205277
51.158269212718345
33.37507695423986
37.2585348928728
44.14632226871886
45.84542636701795
46.364252274365384
47.22106293667775
45.027712755302666
33.560255095973694
40.03632193323124
40.53589344994591
43.77599477561303
37.37631671399711
41.36415582799946
36.21551929867144
42.07598192474625
36.86396787946483
31.10427763948949
41.1628480239258
42.00042738123361
42.259390800128955
44.98700584751823
27.44765775690817
40.356383259057615
35.55015069860553
40.91904793963814
31.798210248352003
34.468575551729415
32.3343774989156
42.2503759473002
43.26573093406042
35.52344609664701
42.07028744480653
40.27229593785348
51.90866856377957
37.51310207779014
35.7993149704371
49.17132895136401
37.3742450643889
30.316230164419082
37.83449594253164
51.37338984054971
46.43895237300515
43.322869021191394
25.207192110660518
37.3073279494406
36.84949559866762
38.227156540906876
59.00020904848664
36.99752539502073
39.8292997810649
43.87977451620121
30.783774150253443
38.91368238151504
37.573627076112274
30.988741677077513
43.23181592246563
54.421979821944205
35.44031041812767
34.596699828308225
37.55979639543288
53.01899615672559
44.56073851366325
39.4459735850268
28.622146297641162
33.48671442085105
19.650894217969643
38.47591711016966
40.283883174825824
34.31907777139205
45.35305270536702
43.616706880907195
51.041897294697016
47.19503556101897
45.23276150789878
23.26481430277674
43.96644700024517
38.15045902979137
42.25802046605854
37.35299443166233
37.35575083604146
33.62286749086639
44.72526112314581
47.30176741453819
34.769173072545264
27.941175402925538
32.001497274187834
39.086645230088415
47.59111262085976
33.22511649868071
45.62660902569155
41.87694030018095
41.213048402743055
40.99397282434525
33.16628728077285
45.810182192907135
50.64845567443433
35.08442459444059
41.95522726632051
