69.17702027215057
69.67656284822414
63.405578535179984
44.85014961520096
74.36428318755722
41.11546939768079
69.43358519881497
68.85745025962638
49.6972074669017
70.15272239216122
59.486546576164926
74.39509221048729
54.61559155246218
70.84271047433649
53.00065528033463
48.80115497015637
72.02657443601997
67.20252180033003
57.62394231713851
41.06636582375311
60.37541837471435
57.527973533346724
51.1159960311699
66.26436935720558
44.45916892138385
48.604323850972925
54.90546393841829
67.59574175941624
61.61804277254451
49.86810846147434
67.92823141975833
49.007501198207386
64.9237006526395
72.97355967890444
52.244405390262216
55.3032809167545
60.09194825307458
65.63826742088514
43.49627832892452
47.662683528934565
49.628536365495506
43.5897256501454
54.63434265048824
50.39024048626868
67.79508378813118
53.803543834419614
71.2005474753309
44.38065927737073
71.88108799976419
64.46771612903765
73.5327287009618
41.604536320389805
41.56724964405095
47.0833630757506
56.984777344194924
45.0267868017051
66.19111091319478
69.10564727352057
51.053203148045476
57.390970404502525
75.06161588954089
55.2741812302954
52.56283600096124
45.6664136196056
52.108728768195434
73.91435823126662
63.91829106132976
66.28370294104229
68.31442523114734
52.60203288485815
48.27582919553787
70.09686090404574
41.17497374305041
68.00275652189262
57.65279215109739
53.99930794289135
73.11867608254727
49.27052278792863
63.80233433702264
68.9692421631061
74.7419064719912
72.50108016571893
48.93356568119708
42.17626085464545
61.98242775003578
44.352561296001205
61.627320046134344
70.45364966276497
52.85906255265309
67.76872762081877
54.11467944340498
47.69408555240639
70.66665794770377
69.84460923327588
55.07872016526983
62.775927289801984
60.22240970439419
54.98804785208129
59.162345566150336
47.11320210364346
