51.163256287574924
54.327953104282706
52.090750520876846
50.145609199538185
52.90764745950638
53.79832156672327
51.87207770273715
53.22278034297185
51.356485410949226
46.45484420447488
52.040353135974584
55.658284914585664
51.99171002651747
50.37191327287319
50.789075875098746
53.478359735529025
50.24209652964847
53.05124810018545
53.145778157667074
50.816472683077855
54.71388674932385
50.12086141891206
52.23645926785949
49.96098578675343
54.8915978808761
50.95208929198549
55.72418941331177
50.87342239648363
55.47275202299536
50.76499727733828
54.20012442906855
54.12343465611404
49.94971635389593
52.188057970131574
53.23432495891507
53.79306407284066
53.00750989802475
50.578582997252646
49.35420688517266
54.42108869556643
51.980826973376594
53.608232884557914
45.14395267110454
49.974383854410696
50.187655557198205
49.23367138637704
52.79370767017163
53.398774112562656
49.827210514217825
55.652147960792966
52.06337594180049
51.54222616502179
47.86577516840953
47.027461553852824
49.432197939486244
49.70519274214739
56.04768695892806
52.56120710406147
48.60416623755874
49.632153358094534
48.33209373373295
55.420856803677395
53.852401227499
54.067836372423514
52.86239215885485
50.12140112635251
53.53926974656479
51.2609112956143
53.396899219290006
51.685076443760344
54.488143687844065
52.39898033588997
50.12197612064729
50.06792769545767
54.50564132611039
53.577414169793954
53.0967745406304
47.812037895289365
48.041812140095836
49.8481390398446
53.354516214054314
53.09754526162183
52.122075912799794
47.746615582915474
50.427030118719244
48.179278221860045
47.6740361415718
52.7103919309726
49.808143579272375
50.115824072833675
54.054084397089916
51.5741093685587
47.6998635303674
52.519040461356994
49.973599858344926
55.097266829721846
50.028931964135836
49.564582627851586
51.29590865935335
49.785197802553164
