25.61855336483974
28.286494873975535
30.861320692869317
21.3977256887446
39.41304299575
29.72097488979714
27.809001685946587
27.505650324448457
21.807385013211565
22.654407107772894
44.498333315689074
23.02729647151317
41.68659987460171
21.64198589210711
25.071774888405223
33.38256179352439
36.45282854273822
25.923149709070326
23.16574818761781
42.01111199897561
35.16579625513346
44.62800615068548
26.88092735489255
39.965007926974465
26.02803131896916
31.272114321375373
47.73646563860494
47.47199351924023
23.071286983037773
31.968184146846042
36.37100341817748
36.566017480441744
47.44352223339192
24.96375873910093
29.475625584324504
45.3529241916887
30.255971520519054
30.720436027463784
28.442944931866233
46.524082881977805
28.01114497385278
46.42689123393352
39.34369834932874
41.70067098206965
25.74568099229258
45.73700140818076
26.472644675402314
31.784440511984172
47.891666901458564
21.954147307915633
25.91833379488051
46.96453324955674
37.24001860814022
36.36944204814051
37.26978681483069
21.151531456846392
35.9732017815937
35.95342847460153
45.15013142707021
46.98394548187814
42.96902584477982
29.509820590004097
21.719454414470132
27.456258434819482
25.367400985243663
41.04202359014211
42.65781909097814
34.92050270106757
32.231023195628744
46.55907504380933
34.887619824025805
39.467028794195386
42.27330302271325
24.758073233803934
43.67032685603762
30.6871746467705
21.77135662442351
46.04253136597251
23.9628311958921
31.000632173491255
31.24669792971924
20.887581761761428
39.636075039097086
21.58065451598077
22.291485551655473
35.61815783122228
26.852630987348263
32.932129352230696
28.705083851415324
24.634612620187887
34.84241623817767
23.86502446195588
36.630631433334386
44.63283498948
24.839396170649664
36.042908237635004
35.11761896330443
35.18029993937766
40.78291820116518
38.229782678026545
