34.48458725458142
39.574005734381615
38.21916847571967
34.16982918516838
36.74378744901763
35.22560314121225
33.34368793012054
34.88961804192434
38.156526913941846
35.90745146790924
35.973180778589125
36.61393307367141
30.624444826476488
36.63356729610783
35.31757776483301
34.79608750652926
34.13348308626278
32.161486243036784
38.972407535066665
37.92292264083655
34.6088954851715
35.21604940860131
34.73457278847432
37.68140232928533
36.580999172431255
38.49484351095129
35.448382229136406
36.64871357046274
33.7366475033238
34.92937063972071
34.99155782958273
40.20176601641458
39.021644337569356
31.379551753137086
40.01756120059024
39.0387183530386
31.151143806871694
37.725040962471766
36.31017883014724
33.50835337756355
37.00708800966887
39.11620561343432
34.10642852319255
33.3088342705396
42.75632395949667
35.562733821007875
35.40143932883134
39.239506362617306
36.35869311831752
38.157614909406746
35.34564874894872
35.238243967408934
34.111226092167506
39.285198984931746
36.30091212983617
37.219011201302905
30.67458599199214
35.79733947038148
38.32257888984996
32.778682974717135
37.10637408085513
37.21577514251604
31.698230338371644
33.81571782088527
36.51268530217753
39.06428321556284
34.24499280743047
36.92407028789092
36.17455289014992
36.82859062666822
31.607884357866812
36.91141441978662
36.7149962653819
38.12969301994215
38.342873200093095
38.0882422212127
33.229401516436994
39.973241313424474
35.35172856917207
40.01355107364586
38.28866624322722
32.00497952521899
37.544076844952585
33.119783865936846
34.85566152978884
31.618370461524915
42.31701092854298
38.52500318231586
36.79541836310121
33.3131008756297
35.9607045941665
34.8704423394052
34.286982965417565
39.64948241012824
33.96228695700211
34.53579536125225
29.298229021863914
35.91450627859823
38.58583949551769
33.23637162987808
