76.57384276048134
73.04128743170872
77.68316283242676
69.38023411715349
63.59517253785399
71.78293467963242
64.61027663535148
75.65649960253018
67.47594191686505
78.02615573840566
67.83841913029205
70.17623719637429
79.14309971186171
72.05349177411708
75.32419884953318
69.99538380623738
66.6554245277418
83.09838227594585
66.35954344795017
74.11914275282994
69.14164087894386
72.26511685084816
83.81761040554835
66.61489891986247
76.57152590941523
67.42766927532631
68.213634460651
75.96266169190962
65.21423577044123
74.80357640946842
79.73196226606572
73.76131710074822
79.71817719101553
70.81383393701842
69.29915481953547
62.73641044904267
63.2619386957804
70.99168643746243
64.0964554478695
81.47789963923734
66.4616021684893
71.98459039020719
66.78594337802511
66.03982875986625
74.43788429840941
66.93772858514649
77.34531203135099
77.66460116073881
69.56315097512469
76.19766472957873
64.64500738884828
67.27910334781903
64.66940551167141
69.57521154924663
82.57313033695563
73.22325333581337
83.51940139634875
71.40006480683383
80.29318771644232
74.57820322931407
74.25275487250445
71.7963768583905
79.76992927016265
67.13118456582289
64.12694901638234
71.971380123403
75.61685152993215
82.04629119527684
81.26982700726086
77.77464219715553
78.75866485532126
79.26395812811374
72.65507483738489
79.40175828637626
69.89916822229338
67.11942539583427
72.97453863152879
70.90203178313864
65.09241077039465
64.57080708845129
77.20663600234062
73.6412120581448
83.26874862815428
77.66201029287403
64.51431794731468
70.28881287985064
79.46351226253381
63.41090132895727
72.56916273020248
79.07215205524601
78.26380950567524
81.75519678783164
67.69672233418757
67.8031610346495
65.66334369340218
73.27589117376206
63.75755478349702
76.55693206836719
77.59551215379291
74.38278798362074
