0.7505910212493503
0.17590486376257153
-0.23526021840856115
-0.9662354182026438
-0.9298089019364941
-0.6791934165647563
-1.158450367117975
-1.1276281681599671
-1.0300850267412165
-0.4432701031078756
-0.9626356100922464
-0.4306818984229923
0.1069939099128922
0.107637714347803
0.9559486398901879
0.5993430373288362
1.0171505199608686
1.2838264926902552
1.1116069138706357
0.44228230635881893
0.1741866572522827
0.3540411826244989
-0.3340611727682333
-1.33649199023059
-1.1570530136791253
-1.0557684237520202
-0.6817835885944614
-1.2197591895792772
-0.4498006901774566
-0.640710862808531
0.03564991124948365
0.2996194357720794
0.3575424563096474
1.0628599792696463
1.11433624203981
1.4539567850882973
0.8016680817532444
0.9195462420438645
0.058131249546132135
0.21308956502498808
-0.1593725494376695
-0.1997713284436997
-0.6164266699109332
-1.2353720187464816
-1.0846115483612702
-1.3094617628619472
-1.26920451213365
-0.8623951183028782
-0.15660264961169074
-0.5284901449092008
0.20503885968903163
-0.24446186249742863
0.43626761873142567
1.1788511816547123
0.7110442320205099
0.32759297652275154
1.225582714866078
0.9980838110048177
0.3956025152587906
0.4037250820188158
-0.1993857933177317
-0.09795297944934339
-0.9674486741887043
-0.9301528452579017
