1.9299324034081842
1.3960309680417327
4.342873188064275
12.175886965926878
9.589741393373437
0.8350136718531904
5.237707863738505
4.601040338925455
7.322366778189621
10.699664428778547
2.272101631609287
2.5829397734839223
7.02574243187139
12.11007523041615
6.013549030454001
8.098179157583901
7.468589286386398
-3.0503267250474977
23.875778890559623
12.694875731316515
12.791358421635886
11.593608181554405
8.97074086401695
6.207096654323428
13.962913031584348
14.102205515751626
11.064174008655717
16.986369587982296
17.63429177613235
8.34675568179528
12.783098489779022
10.072387767753202
21.621577916729308
15.629947346961101
8.778991525946552
11.959710050853564
18.46415611271287
22.379008404442875
27.565805461865196
15.600589654841496
17.51500183154944
18.61951020711116
20.00673520881773
21.307066143733987
13.618282777750407
13.650008949497616
30.728368123460843
14.930251253311944
15.825601072674672
28.020898858015983
31.53867903506797
33.22289452405158
20.267860096942083
19.917743207698905
30.374529051585743
21.860712775913623
26.763622869930774
30.273875956938653
31.99127508965459
28.887121650058724
23.04179242509009
29.150297118382255
24.49170144489782
30.105535714412184
