1.1784764295992143
1.2193092181151015
0.7982858351695474
-1.0367766000108256
-0.22778017117593496
-1.2488274991316224
-1.0351887870557341
0.7980534270812685
0.32843245900776036
0.7017468773918795
0.6806749341738565
0.17732773429972595
-0.485567653890781
-0.8247889236756354
-0.7314263512164088
-0.6478478133163977
0.6460402986631222
0.41297614381792286
0.7329705129074879
1.3199265032540715
0.3956533529580595
-0.010501199123831961
-1.2862933123424913
-1.1707727088258015
-0.07727131218876274
1.2278098116007927
1.5214504862826608
1.1175537811923397
0.7576280376070208
-0.10220760438768703
-0.4670124307334685
-1.2288656163234817
-1.5070524725374101
-0.5859482472036514
0.8097671954024261
0.4833615158984258
1.1113175605116061
0.09415003462574575
-0.5122046805355213
-1.6055725558760274
-1.099747442466676
-0.019941928751860682
-0.0497696761086196
0.8335139775523771
1.150902239169384
0.8659829073432807
-0.21680197738181714
-0.8173950323073418
-0.8068189568057313
-0.7217689660724577
-0.4201743184090676
0.2757441660641577
0.43952243930666834
1.2614865969779119
0.9802487808542873
-0.11057531362550746
-1.3743976247074854
-0.7703522494040932
-0.6293303685336953
0.29236242322730016
1.5642096026364145
1.2565007605416396
0.5233113901656177
0.6625540654137705
