-4.242098563883088
-20.04842926195743
3.845486006928918
11.141923443547729
15.968637391127436
-1.4649086294399618
3.759344472177761
8.268232236868675
-2.803376417625106
11.269838811668484
8.064940030135945
20.423004562174825
9.087016887804618
10.796051459016748
0.41132705829353
4.453747783575768
-3.1179829447424154
8.733390346995623
23.395275424450638
18.793967165148715
22.63187722304733
8.287625854317541
21.513845103910626
28.74373083479682
19.268441411757976
14.094718060827232
9.555553076590773
31.964126350562406
18.106652081133923
22.88832757732992
17.612268274919966
32.518743814788536
22.712315683864233
45.76066521659466
32.75488421293042
24.913993937937278
31.829259895303586
44.65258005572528
20.12460772142783
20.65936890475149
36.38283585198683
32.329877791549116
11.901549457052543
35.689199901210515
44.16683307478408
33.91952343505749
35.6349757623137
41.397261937464236
43.57871849044134
31.939382290964563
38.94125591063453
47.40344562404912
33.03367758111087
29.843370370754087
47.237549327249916
47.09236872197873
40.33841368319612
46.963202247985514
55.191218364995265
51.15938096388809
48.38551692426062
46.97978767228185
46.698022452283325
53.712564890627284
