63.149230949403
76.46121056747918
66.99887360028524
60.509399654388396
47.121615610503895
66.3698111714811
69.81226193133652
64.7411550237349
65.00570873867225
47.93113202202982
73.19849545947584
67.59888107087998
59.301635563900014
68.70656497788993
75.31400546123069
56.55351664480082
66.74574163631446
52.46417514435451
62.72857580652646
73.06965114319222
73.04989778370701
58.510817233755645
79.12260718143641
71.17961691034722
62.10540789776807
80.80708803333522
65.1497747122535
55.73124047691941
48.43792864247879
60.50047274271395
58.222606293140984
49.2056009069281
64.71966598670545
56.04237173837372
54.38794194083007
52.73723641341324
57.46819652811092
68.39973873501644
69.89009620202269
63.89861450929826
81.19359092659658
71.20198442687065
66.63244509215971
62.83980851899543
70.5784762560595
73.31331615123091
66.06381126187588
57.599957530419694
91.34577448203189
60.09462830572753
51.14176933089021
49.025937282389435
70.75852333944292
55.326939848434684
67.84701869596319
80.45516843559031
43.23213402052137
75.54982212346293
71.74764775542184
89.12862986212743
67.3463936938098
59.4573617289111
72.12659667266401
65.77057724680586
50.54806998599583
55.41668448441306
72.76058004949026
43.87205322077635
66.3588592628357
66.65824831260029
46.639829386718084
62.49182152364274
47.36675624669384
74.86376814712717
58.78238677831553
69.76406515488506
61.05140544852695
78.46664681231282
61.33850757977239
61.46207557624056
42.144357897261216
59.53474658511399
52.44118734281682
44.95084659730432
65.83143207901219
67.52095027077145
85.10073394232978
70.3140139383781
70.16952368948724
69.37083880315045
69.7634482152729
53.19880528813522
54.817939931519675
72.83493343101657
64.76822327709799
58.035006205381315
70.816037551536
58.92113735918002
63.79443878109209
61.99391240670942
