36.51613529491779
31.821870508744805
35.605018365954
31.9555881765457
31.25674663329015
36.73012239923015
31.314252209879587
38.57507547180947
32.06467126199331
36.28415200879074
36.3086373483999
37.879700130116454
32.021844085182394
33.68793571508168
34.1892765689693
38.060848037911846
31.977329044542874
31.677642044573005
32.017661100548594
37.536739451266065
36.77158967305243
33.74084124379794
34.9769961446193
34.73895206927388
33.64031616864204
31.123602207633585
34.50849901490567
32.56985058013089
33.531559310414124
38.13879811082845
34.00064045284599
38.3473222198926
35.44159365016491
32.44646306480033
35.94489475904967
37.6489824189977
32.69428917667107
33.27137920144253
38.374963155370594
38.15726242632231
33.92294543439323
38.64293146592301
31.920221743106286
33.39881573291669
34.14025738450073
37.348680239121016
37.02867581724295
37.13458250272488
31.670617999630302
34.254306285341826
37.54962321807668
32.681159010764425
38.64293163843766
35.98390727446765
34.520590759533036
34.2786240839231
35.35645815208716
34.596359423498484
36.97414906053811
31.742597893154027
32.92035161074678
33.88060469749147
37.952367626370645
32.73114881143876
33.37506632776718
32.180893083930975
31.777328769816588
32.47627315855828
32.88454874363417
33.5349898824527
32.394140694931046
33.852004459661124
31.5833616731358
33.98935902972301
35.2109333051479
32.32100668227014
38.253660951453234
32.59543650132525
32.53013209514172
35.39532472511566
36.100065067638845
33.773897250858965
34.49311501680067
35.75748082399479
32.6046836417883
35.22889207197248
36.82568047754815
31.186896073373997
31.591622651272452
35.59275112387935
31.435927384298182
37.820958168940294
35.86794719459536
37.33451690592544
36.8614306515627
37.91266641087112
35.82713700874221
37.328950425544306
38.06873020832592
34.76204869609395
