41.614954111663266
38.4397572493032
48.99421012223408
43.156723742576695
45.059380897994366
37.9087557432745
41.92165750337806
49.32153404250093
44.493784112324
34.434789468160396
38.290928473540035
44.13290675594676
44.68922788813489
44.577160836885994
52.60435788452761
41.53688101894378
50.15086314334817
49.99577123907516
60.967075021582936
44.408595101250796
50.207095254552364
30.939263986237393
48.46166831066392
39.431421423227675
38.113294155012014
43.606475663504526
54.29065347813838
52.94727395493409
55.84837596421924
47.693855459221254
48.09078827625969
49.30042942344021
48.181648253736576
43.99362898026524
48.72912940351267
48.41291298558738
34.277883714490315
46.16531684567267
41.9151360451159
44.79799992298224
53.974605985253675
56.225803854069056
52.620376336660485
38.729465281822485
55.916549490620895
45.287374974418995
57.72570973806577
49.27493089350699
39.3258793508162
53.018497825701274
34.30626260518717
23.66645022683811
48.284128248484485
46.142891661034206
45.42927154255674
45.52269275088506
44.195830939184056
43.96235658779403
53.11365100047504
45.27078280803575
60.071092454705294
42.829608444037405
50.81928677833506
39.23471558165781
58.103853489606216
47.383320989982295
46.540893955497516
52.73348581628922
40.922410450879
52.15101865968576
43.86116147082133
41.30051295802387
46.32110479971305
48.08089692144266
61.95654033729001
52.11169054081883
55.281688401629474
41.76199427829804
48.40487340844665
50.36303413911503
52.53246973422933
39.63882791956272
58.14364678910155
41.283998420248764
55.66210743914506
39.90633564899486
48.322471995339484
42.754735353405884
54.7963354061628
40.533158768489
40.345626185740024
49.15404208787036
63.90002858195828
45.69386206673299
48.60230217913206
56.607631747457816
48.37680388534419
32.84256734236314
48.0911968834882
41.80564755559292
