60.88015183191169
66.78038125746548
63.073095353240944
45.61723258241279
44.05698724198753
56.519243100423374
54.409869308425776
64.36108330359563
50.458875473684934
46.3048134006394
48.83927792460043
42.59545556726522
50.719657195225096
51.206911976788376
59.39390527474179
50.80306118505283
63.87865646659668
59.415940758757934
44.01522992002509
59.21410838209392
55.964944344513455
67.78585972895178
43.458690895916824
67.80892904529976
57.20201448013379
43.24352071294846
44.880972359333356
43.89481789592002
43.114939330788815
43.15496153134119
59.02247966009865
59.52120719076911
51.55408563173047
57.23898944942414
63.42430791687775
55.116188663092395
41.86608019055353
52.15873951587917
42.57553300675533
51.70241577663795
49.43614933675725
63.01357761246902
42.06870385598043
57.17561358060757
61.48313441741219
47.18522552760692
44.860452421597444
41.92483683229479
67.93325224608462
43.43970875928214
60.90670501673689
50.165939997612384
55.661762960478896
53.98553794475411
67.10058088552572
58.97419380886966
46.83325134761503
65.26318876711797
62.47483480637748
53.531379884387704
53.69835336987153
59.18457576588837
64.57864528729536
64.37659886424777
63.771882469968716
52.97729727831914
58.997430521868175
62.12350410434187
63.161365780355986
56.254405522156155
64.97687591790874
49.05647341256744
63.901132730935956
42.35604314527987
67.55886908184216
45.381987306349004
46.297981722302936
41.58023802769986
51.97594747793906
59.90090252069613
66.5213015365738
62.52537805827846
56.581503276988585
56.06161395022553
52.789898486505734
42.16380435555739
63.68185231385194
55.997237130861485
44.01112942426496
52.650874247036946
58.13023746561689
44.7235576872747
60.16952053306929
67.65463964083078
50.41441980872049
43.70179418497882
60.157374438060955
63.66808878792372
49.937311109960156
64.48981061381075
