-3.887980868671555
-9.5797252337115
-12.844179581482559
-3.6218167376291945
-11.31727338855498
-8.442673462153465
3.183036314050831
3.459330721724797
-10.745561708589186
3.2552889595631562
-10.792701274254512
-16.419319544554735
-0.947229168897235
-7.785836438748668
-14.373258050058826
-3.629902168726565
-12.344660752011112
-15.18677693018317
-6.642814536173213
-9.967463349280807
-6.929580333029059
-13.818388915160744
-22.336252874880145
-6.012060732001966
-2.1572791763135077
-1.026863782458996
0.3378326976528605
-11.253601766901653
-1.9306619396369795
-6.756194525434518
2.840921576251235
-23.069801528245357
