1.6857035315667874
1.438580745352807
2.837084472223714
3.76876282551323
11.487611610285201
2.1461212878373854
0.530943356164266
1.7163748975930004
1.9432833955762263
0.24434262062767292
3.1486209293456584
0.5359719893396897
7.733806667801687
6.001415707289081
5.40986170780552
1.6115547693985857
5.823028964957942
2.5247398726816086
2.1566113104098363
3.7468480789301677
4.589253152196849
11.413914194234724
0.21618799488824328
0.0876035801873949
3.1289671110124218
1.5947233746107412
1.3857052892139543
2.029664068507169
0.29651540584333314
2.077648073057377
0.1722475759931775
3.87546249617263
