-3.9275026295011246
-4.8620638615845575
0.259282419463553
6.194888538919033
-1.8524168080209087
8.362787313252415
4.826489566267024
8.96443504350053
2.6298046601795253
8.813280324339694
7.485514997370854
2.2922484306664344
6.056195232758135
1.2596426945289856
7.423731590054185
5.351667340701223
-0.5961129062712756
8.414048976746226
7.34156641476544
-2.7270747448754493
-2.443867518570305
5.120816562830412
3.6956847457166644
0.329564506531685
-2.445391751249991
8.08212767368605
7.480244022506433
3.5633675861264384
9.986563941293069
-1.0984695544433842
-3.2276271826405747
-5.266785164827694
0.0033564796164009536
-3.6759654656716645
-4.502477958285218
4.696316302820337
6.897451374034006
3.9807490900925537
-8.40817408548079
-0.03461146344781474
5.161406235173391
5.834560035318975
1.2637329635708576
-3.6122999448764874
7.425633379929934
-8.014307548173516
6.439995763155123
-1.0303069241538
6.146765066007351
1.082360913472392
-0.3561386001099218
0.7112457087650377
1.2549769927668029
13.223136015918534
-4.90151785264954
2.1983591091153034
-0.26291244795427104
3.8857227701926584
-2.989046660938021
10.62754404676044
-10.454102090179898
7.267593974350742
-4.534524833639469
-0.7623752570559179
11.537397575530665
-2.537973994315343
11.439001052124297
0.9097530994374354
3.0779656194334777
-1.2227126866958513
4.829634455450485
4.3163573164400795
-1.1509209395775049
9.791348546509088
-1.322796240151325
-3.8510328426327733
7.6803278431139494
5.473275689469485
7.367642107883561
-1.5726206662856503
5.526549196726181
-2.817648436487712
3.2034945404665267
-0.39080617648963045
0.6240836572383641
-1.502166178877005
-6.095956475228489
0.696258060423808
1.6797855887593314
-4.829142125243812
9.639843168831355
1.7947656245539898
1.785647907213431
-4.650471371597475
2.044767783229572
2.0357947622358075
-0.7443083669645341
2.230426045214309
3.088204184973719
10.994326965515702
-0.4841365248653635
3.2570544125074044
-9.706299368141028
11.878090202760704
3.2956987262902384
2.7412177832028686
2.3008256427394134
0.43644319494778827
3.6302138368931343
4.525352135762887
1.826075988285897
-0.34588147733206265
4.940207413938109
0.9076810868951695
-1.4305514457789235
2.5346720878799407
1.5250239850746328
-0.4934803085249797
6.9790699412911605
4.78745857701538
-0.9569702199348336
6.199874933796062
10.899101539275561
8.100760848233527
5.57458195484941
13.667589973764883
-0.7354104077746002
8.648796678786468
