1.7898823661892316
0.35869820068919517
2.71603144923603
2.10811970882609
4.032985950762537
3.5341166193259057
0.4511899499080274
0.9828447457149292
0.5386115406292026
1.5599454579205942
1.1056425897938666
1.436189955914082
0.8490193306230892
0.13162961106822102
1.9483479005034567
0.4714051025401367
0.09180808390908254
1.0843591002008
7.293266640243184
1.2781643271485867
1.6238181669841982
1.850252900812346
2.9136359532151324
1.384332574399293
0.15546030326557508
2.9575718104239352
3.1795288900761225
0.23060051506733667
2.1128146364032663
2.950613079775247
1.7004657281402067
0.8588030815137147
2.79007394660643
0.22875046631841395
1.255904899677438
2.809694091450303
1.692320244782006
0.23614996825595239
1.6158986392285304
3.3345831013692795
0.8413231832537783
1.1065539586452138
5.0685005636234814
3.0253811296898228
0.03805863977744426
0.8600473989980512
1.4586460205253198
0.012994578306283415
0.5103361795344716
4.104002893969029
0.6153474562433516
0.5830772524825655
0.7235562218733584
0.020083013523806297
0.3261655919658646
1.4055991657537505
1.574325300132246
2.0640819248210724
4.773314128427392
0.0403992711807661
0.956946026058944
3.4160290566152303
0.48515829206802186
0.10328905362921957
1.0241278965417808
1.4553296901534731
1.5542571623605168
1.4535636468568127
0.012771742481438387
1.4399420369887341
0.9389675037323792
1.734138178172858
2.9925646953714606
1.4172464260321467
1.074694913304149
1.0032759602233359
3.9922551706466356
1.9402800838999787
0.21976507459877315
3.6999024044910693
2.0435074870296583
5.244504362492573
2.8273023084259776
2.948082148410868
0.4088526619813463
0.47679047410224307
1.5953049106334012
4.583854353918778
0.9697654437356038
1.5543344727969888
0.2615658444411992
2.7244207575645336
2.583072480423086
5.271288610366577
0.24149547183863382
0.05324423686684568
0.2905232179352424
1.9398997925594161
1.3644698260877726
2.303629504880386
1.8899753832086092
3.0779597362533764
0.3300195170731135
0.8032953423455839
1.5963812248279379
2.8941881512580223
1.4516831845800333
4.525764317542533
3.833054742772441
2.7104269481216416
2.2067348184418094
3.5970367050051824
4.346846585970634
0.11520120045579138
1.0202498886053808
1.1744427839409595
2.318308450798589
7.307209511659847
3.033422069109187
3.5703055252409888
0.6785408161419493
4.693221706126624
0.34008398196739237
1.4429167740599111
2.5216826852064385
0.05227759765026145
0.27445878163580306
0.8163226029217663
