48.36979614489618
50.04624143005083
51.06884762155767
48.46200956872957
54.55697646226494
49.537050329351864
45.817437880982
51.67093855938137
46.11342584937271
52.40614019524984
46.74057265186167
51.363503836872155
55.286854596050674
43.437548294954006
52.580642217323124
49.436245755407505
49.46998477354816
56.33422145023408
49.13848087552928
45.763550237117876
47.91372934214133
44.0222860084081
42.909134499089035
49.51177180494985
45.62870816215818
48.86317289870542
53.830999443798994
47.85108761212172
48.140754276150766
51.81022839049851
54.13220812368429
50.349826051829886
48.99068137422053
46.90434290489609
51.99760294188499
52.22284962280964
50.08606744174217
55.743455145097855
46.85588327612425
49.1501410764465
51.063908377013945
48.310910104451196
44.491150512665854
47.195245271956885
47.89567677987342
47.86245905136961
45.65166898857299
48.91119971155703
43.69079764574849
52.801724746356314
50.258529701000406
45.03294298490629
50.80988007772506
51.40888700334787
48.62575844101282
45.81511898540602
50.02846667997358
46.61101384050799
44.701957864641344
52.38091566774719
45.55807194765166
49.71137058621715
49.98582539774399
52.72323378093283
49.07149107527591
49.17420309977627
49.944875946820794
48.82627259927649
48.10555507700382
49.9086937036322
46.91374431720199
51.26127965702043
47.815713336563014
56.141963484474786
52.43757205322284
50.066025746899584
44.88844328700798
46.694664775830304
46.48420287319272
49.94051665854986
47.17652501657493
50.30554483712226
51.30754751507259
51.67355904983244
56.20473439369023
47.95454315641446
47.60960393995256
48.44973605696736
39.90668423500054
51.84238659497152
49.76534010352063
50.13895728494801
47.1779970181461
49.01491660397167
52.62024240902218
47.816785084006035
55.752509666474396
47.55529480802889
46.513248206692396
47.29780199176575
