71.4748977196534
73.24488370151002
65.88394424723867
73.4032373693401
65.03321186412838
61.24243378545696
62.794927333367724
68.88791537572493
72.23639342462953
62.36144040970913
67.13750509089137
72.6314760992092
70.86631134038822
72.35454762166
67.82926648931365
70.86644718984832
61.98035474903154
68.7649174375449
66.3089261187261
73.53870591812327
67.80163237977676
66.20119786319788
71.57866095922287
62.13593327367907
63.10447902659931
64.54178693096434
69.47910442448509
70.7129194290364
70.73253628910794
72.6275910616122
69.14591052709655
69.89543329547483
64.68724712013201
70.40401600125577
65.43604448987843
67.49787156028279
72.82450096206863
68.31869590592405
69.36291198143938
65.38455494014721
66.7640681821328
67.26206939348893
73.1169799394814
65.99461581633562
71.98986382557263
70.74285972528622
66.23687607769003
72.01570322667244
67.90809597935387
66.36730662313254
62.477229565645864
68.55142904738163
65.96976067109124
63.82899233366941
69.53859585257013
68.17962162137492
65.20543216548454
64.25441067471603
69.44212247446856
70.9270917551519
63.11500966384815
72.85081058800529
66.87123813579579
69.52222706738279
68.08261810360514
71.67287073484691
63.94934309199866
66.19587015148501
68.65378611308807
63.92517197221971
71.68944158728438
67.53952306846126
62.593953413741666
73.70317962824831
70.4485199377951
62.56821402156621
62.437860570411814
63.52783371126464
68.23268609589707
66.41153393836825
70.22703130191672
67.07669658985131
70.74761782603622
69.01347622336607
66.42051220591948
63.89452310080638
64.51574969901561
70.03915047989439
67.20338812040411
70.01341412501398
65.02135588801595
67.91844905354394
69.14819430839492
64.55671792774012
67.09295234960871
62.662854603651674
62.37863003208864
66.40213180773786
62.2603269838097
63.632184178868584
