24.09
24.4
25.73
25.89
26.71
25.95
25.24
25
25.63
25.89
26.59
25.93
26.31
26.38
26.62
26.41
26.14
26.06
25.79
25.86
25.97
26.2
26.16
26.2
25.93
25.89
25.69
25.81
25.73
25.76
25.9
25.68
25.81
25.58
25.2
25.19
25.05
25.17
25.11
25.17
24.92
25.05
25
25
25.1
25
25.24
25.46
25.38
25.33
25.69
26.09
25.96
26
26.46
26.42
26.33
26.26
26.02
25.94
25.92
26.16
26.75
27.01
26.92
27.15
27.06
26.91
27.02
26.95
26.8
26.77
26.4
26.48
26.41
26.26
26.2
26.22
26.02
25.91
25.94
25.73
25.67
25.63
25.86
25.96
25.89
25.73
26.3
26.57
26.49
26.52
26.39
26.36
26.09
25.97
26.02
25.95
25.57
25.52
25.54
25.48
25.51
25.24
25.1
25.03
25.13
25.4
25.38
25.48
25.29
25.25
24.98
25
25.2
25.03
25.05
25.01
25.24
25.21
25.07
25.02
25.13
24.87
24.82
25.03
25.06
24.88
24.97
24.87
24.69
24.79
24.87
24.81
24.65
24.98
25.35
25.48
25.45
25.51
25.86
25.81
25.8
25.94
25.85
25.82
26.04
26.28
26.39
27.1
26.76
26.73
26.53
26.6
26.3
26.17
25.88
25.8
26.39
26.45
25.83
26.03
25.86
25.9
25.92
26.05
26.67
27.33
27.61
27.33
27.25
27.28
27.31
27.06
26.47
26.51
26.26
26.49
26.34
26.48
26.32
26.58
26.41
26.58
26.42
26.37
26.46
26.66
27.02
27.32
27.77
27.61
27.54
27.58
27.35
27.41
27.71
27.71
27.91
28.17
27.95
27.86
27.78
27.77
27.46
27.42
27.3
27.41
27.43
27.46
27.78
27.62
27.53
27.18
27.14
27.18
27.23
27.38
27.1
27.11
27.15
27.49
27.19
27.3
27.3
27.11
26.91
26.87
26.84
26.72
27
26.85
26.78
26.87
27.41
27.58
27.63
27.35
27.2
26.95
26.96
27.23
26.95
27.01
26.98
26.96
27.14
27.33
27.32
27.23
27.2
27.92
28.21
28.48
29.26
29.85
29.48
29.29
28.92
28.84
28.94
28.84
28.93
28.51
28.72
28.6
28.56
28.23
27.98
27.89
27.81
28
28.49
28.2
28.18
28.32
28.45
28.35
28.45
28.12
28.18
28.39
28.44
28.35
28.67
29.01
28.87
28.46
27.44
27.75
27.76
27.9
27.61
27.37
27.39
27.43
27.57
27.51
27.48
27.52
27.57
27.58
27.57
27.59
27.25
27.26
27.54
27.69
27.37
27.08
27.13
27.4
27.43
27.5
27.66
27.57
27.41
27.36
27.51
27.39
27.32
27.17
27.59
27.28
27.07
26.9
26.8
26.8
26.78
26.15
26.2
25.89
25.77
25.31
25.27
25.41
25.72
25.61
25.55
25.94
25.71
25.49
25.34
25.3
25.38
25.59
25.61
25.44
25.79
26.31
26.19
26.27
26.45
26.37
26.75
26.83
27.02
27.11
26.98
27.1
27.3
27.1
26.94
27.31
27.04
26.82
26.68
26.38
26.34
26.38
26.57
26.48
26.72
26.72
26.56
26.66
26.71
26.58
26.63
26.64
26.5
26.22
26.03
26.11
26.01
25.67
25.59
25.77
25.86
25.83
26
26.15
25.92
25.67
25.83
25.49
25.48
25.12
25.2
25.16
24.94
25.02
25.13
24.99
25.14
25.4
25.36
25.38
25.12
25.02
24.77
24.99
24.88
25.04
24.93
24.74
24.81
24.65
25
24.94
24.73
24.19
24.22
24.2
23.9
23.95
23.84
23.98
23.72
23.67
23.63
23.59
23.9
24.56
24.32
24.59
24.5
24.42
24.47
24.36
24.38
24.35
24.26
24.24
24.24
24.32
24.2
24.07
23.78
23.61
23.84
23.44
23.64
23.47
23.35
23.32
23.07
23.12
23.42
23.35
23.7
23.95
23.92
24.14
23.96
23.64
24.1
24.02
23.83
23.77
23.83
23.78
23.65
23.71
23.6
23.51
23.37
23.43
23.78
23.88
23.97
24.41
24.51
24.78
24.56
24.97
24.8
24.81
24.53
24.53
24.98
25.12
24.99
25.11
25.33
25.62
25.84
25.96
26.2
26.15
26.14
26.79
26.53
27.18
26.86
26.77
26.69
27.09
26.82
26.62
26.76
26.62
26.82
26.5
26.75
26.57
26.16
26.18
26.18
26
26.31
26.72
26.71
26.69
26.63
26.43
26.46
26.28
26.62
26.66
26.36
26.35
26
26.2
26.43
25.99
26.02
25.96
26.39
26.22
26.29
26.42
26.63
26.75
26.6
26.8
26.72
26.75
26.51
26.18
26.06
25.71
25.63
25.88
26.03
25.67
25.62
25.65
25.71
25.71
25.5
25.29
25.23
25.47
25.86
26.14
25.9
26.02
25.85
25.68
25.64
25.71
25.64
25.67
25.44
25.62
25.86
26.12
25.9
25.82
25.88
26.02
25.67
25.9
25.8
25.84
25.75
25.66
25.5
25.33
25.4
25.42
25.71
25.65
25.65
25.43
25.15
24.9
25.01
24.98
24.93
24.87
24.82
24.72
24.83
24.63
24.86
24.7
24.71
24.78
24.85
24.86
25.07
25.08
25
24.86
24.87
24.85
25.01
25.04
25.14
25.03
24.57
24.7
24.74
24.72
24.62
24.39
24.79
24.88
24.96
25.02
24.89
25.01
24.87
25.13
25.53
25.55
25.48
25.46
25.54
25.75
25.7
25.6
25.68
25.81
25.88
25.88
25.83
25.78
25.71
25.95
26.16
26.21
26.33
26.51
26.88
26.76
26.99
26.77
26.9
26.84
26.9
26.73
26.53
26.8
26.67
27.01
26.72
26.51
26.12
26.14
26.34
26.62
26.44
26.94
26.72
26.78
27.29
27.14
27.24
27.3
27.1
26.89
26.93
27.13
27.02
26.86
26.77
26.99
27.16
27.02
27.12
27.09
27.19
26.95
26.93
26.61
26.93
26.74
26.8
26.68
26.67
26.57
26.35
26.35
26.4
26.51
26.54
26.87
26.89
26.77
26.89
26.71
26.62
26.63
26.43
26.55
26.47
26.21
26.24
26.28
26.26
26.39
26.34
26.21
26.34
26.34
26.42
26.52
26.52
26.52
26.77
26.61
26.72
26.57
26.75
26.79
26.83
27.09
27.04
27.32
27.32
27.32
27.19
27
26.79
26.49
26.58
26.49
26.6172
27.229
27.0933
26.8884
27.2946
27.1907
27.1372
27.2245
27.2204
26.9149
26.9928
26.9552
27.0561
26.9759
27.1125
26.8368
26.8348
26.5106
26.4146
26.5456
26.4306
26.2981
26.4738
26.7642
26.6168
26.6404
26.8235
26.8718
27.0393
26.9945
26.8667
26.8879
26.9156
26.86
27.1007
26.8372
26.8007
26.8971
26.712
26.7634
26.8343
26.823
26.9466
27.0025
27.1978
27.1834
27.1975
27.1727
27.2326
27.4543
27.3598
27.4458
27.3966
27.5697
27.445
27.3101
27.3181
27.2658
27.1477
27.1515
27.2493
27.4076
27.4096
27.4793
27.384
27.3998
27.2408
27.462
27.4575
27.4482
27.4607
27.4461
27.5256
27.7555
27.7828
27.7093
27.6486
27.6838
27.8609
28.0343
28.1278
28.1453
28.1785
28.5699
28.5778
28.5089
28.613
28.3551
28.1846
28.4674
28.5486
28.7768
28.7797
28.7921
28.8203
28.9356
28.7978
28.8072
28.8407
29.0874
29.3254
29.3711
29.2125
29.4946
29.4961
29.3331
29.6953
29.5643
29.6348
29.6471
29.6603
29.6889
29.7404
30.0129
30.1292
30.368
30.5913
30.5661
31.077
30.9423
31.0792
31.3238
31.0334
30.9267
30.788
30.7025
31.0917
31.1715
31.3646
31.2062
31.139
31.331
31.6605
31.9401
31.757
32.0598
31.8837
31.4763
31.2389
31.5901
31.5258
31.083
30.8019
30.8717
30.7988
31.1022
31.0394
30.8292
30.5476
30.7912
30.6353
30.7375
30.8479
31.1336
30.8665
30.9639
31.088
30.8611
31.0557
30.8765
30.5748
30.655
30.7906
30.95
31.0124
31.0938
30.9896
31.1786
31.5074
31.4469
31.4226
30.9943
30.8632
30.872
30.8517
31.0751
30.6998
30.5555
30.6795
30.94
31.1254
31.0473
30.9236
31.0655
30.9643
31.1409
31.3179
31.1467
31.2912
31.2428
31.0174
31.1097
31.0562
31.3265
31.2649
31.3029
31.2834
31.1319
31.0077
30.7447
30.851
30.8928
31.015
30.915
31.0333
30.915
30.9063
31.1937
31.179
31.3666
31.466
31.6632
31.7337
31.6135
31.7337
32.2268
32.1855
32.0899
32.1179
31.9921
31.9339
32.1318
32.1343
31.9089
31.8821
31.9113
31.8821
31.6919
31.6058
31.6108
31.5216
31.6736
31.5216
31.6476
31.7596
31.8564
31.8578
31.9333
31.8578
32.2038
32.2725
32.1467
32.6246
32.6172
32.754
32.6666
32.692
32.6889
32.7092
32.6821
32.8029
32.8624
32.9731
33.1098
33.2719
33.1543
33.1829
33.2556
33.5367
33.4339
33.5367
33.6139
33.6146
33.5191
33.636
33.789
33.8718
33.8546
34.1157
34.1205
34.3106
34.4427
34.3695
34.5984
34.4443
34.429
34.4443
34.2406
34.4236
34.783
34.3149
34.3756
34.418
34.0947
34.044
34.1309
34.2984
33.9187
33.9166
33.8643
33.9668
34.1403
34.1429
34.0118
34.0549
33.9409
34.079
34.4769
34.6785
34.6343
34.7938
34.7025
34.6885
34.2156
33.9239
33.9923
33.4209
33.36
33.3235
33.2765
33.3165
33.608
33.4008
33.6205
33.5865
33.9815
34.1079
33.9954
33.7064
33.5685
33.1941
33.4586
33.6376
33.7511
33.7251
33.6083
33.5625
33.7294
34.1174
33.9658
33.8392
33.8582
34.1326
34.2629
34.3033
34.4246
34.1447
34.5513
34.878
35.1389
35.4892
35.252
35.851
35.686
35.588
35.4349
35.2025
36.1567
36.0425
36.194
35.9157
36.0051
36.3049
36.3663
36.2218
36.0178
36.4669
35.9101
36.138
36.0537
35.7323
36.2449
35.5971
35.8548
35.7726
36.1788
36.0313
35.8119
35.3631
35.6001
35.2112
35.1719
35.0616
34.9142
34.93
34.7124
34.7223
34.9303
34.9976
34.9038
34.7342
34.6951
34.4253
34.4786
34.4877
34.4154
34.3715
34.4892
34.0484
34.2301
34.2051
34.2544
34.3151
34.4589
34.8544
34.746
34.6688
34.818
34.6291
34.3395
34.0122
34.1993
34.4208
34.582
34.3706
34.547
34.2858
34.5016
34.2054
34.3321
34.1534
34.0606
33.7253
33.6967
33.5426
33.05
32.9679
32.9538
33.0387
33.0903
33.2001
33.634
33.3382
33.037
33.2195
33.6056
34.0078
34.0449
34.3983
34.4732
34.2921
34.569
34.6304
34.2389
34.5427
34.4044
34.8694
35.026
34.8299
35.0582
34.9985
35.0751
35.6043
35.7141
35.7629
35.6005
35.1543
35.5985
35.8665
35.8617
35.4233
35.2427
35.0754
35.3319
35.0389
34.8288
34.9558
34.8288
34.9981
35.3805
35.3184
35.3435
35.094
34.9269
34.8657
34.7992
34.6813
34.2115
34.2574
34.1369
34.3814
34.1792
34.4877
34.8455
35.1203
35.1339
35.0453
35.65
35.4809
35.4476
35.4032
35.0617
35.1836
35.4731
35.5021
35.6624
35.5741
35.9013
35.869
35.8194
35.9537
36.1609
35.9885
35.866
35.9039
36.1582
36.0182
36.2965
36.3369
36.2942
36.2813
36.3047
36.4305
36.473
36.6915
36.824
37.0979
37.3483
37.1587
36.7305
36.9269
37.16
36.8474
36.7648
36.5846
36.29
35.7648
35.7024
36.2884
36.3462
36.3716
35.7429
35.5198
35.9253
35.606
35.3635
35.5281
35.8186
35.7914
35.7329
35.8894
36.3012
36.4206
36.1576
36.5857
36.5601
36.3054
36.5584
36.7315
36.1812
36.1439
35.7417
36.1745
35.6273
35.5076
35.7593
35.4083
34.8935
34.9517
34.9482
35.4923
35.0623
34.9014
35.0053
34.9374
35.1127
35.0141
35.0585
35.3342
34.9701
35.2309
35.071
34.5338
34.4519
34.437
34.8005
34.9082
34.9639
35.1921
34.5002
34.2977
34.4038
34.7881
34.4815
34.4412
34.4071
34.1175
34.2066
34.3181
34.5178
34.3325
34.2486
34.2746
34.523
34.2007
34.2254
34.3275
34.1431
34.6289
35.0268
35.1182
34.9057
34.4356
34.4636
34.503
34.385
34.7855
34.7516
34.8286
34.5624
34.7981
34.6392
34.8991
35.0968
35.2689
35.6052
35.3907
35.5054
35.6951
35.5139
35.4719
35.7851
35.813
35.5518
35.0193
34.8954
35.0184
35.3056
34.9335
34.7931
35.1684
35.0888
35.3719
35.0264
35.2951
35.3283
35.2915
35.0889
35.3344
35.3341
35.7312
35.7717
35.9084
35.9525
36.1139
36.1339
35.9953
35.8878
35.945
35.965
36.1936
36.2065
35.8396
35.6632
35.5627
35.2401
35.2837
35.1198
35.1542
35.0532
35.1609
35.0574
35.0846
35.1951
35.2507
35.9296
35.919
35.8014
35.8338
35.721
36.1224
36.11
36.1246
36.0788
36.1421
35.9583
35.512
35.3154
35.2688
35.4634
35.1463
35.3713
35.627
35.5931
35.5708
35.2343
35.3196
35.2703
35.6217
35.7436
35.8469
35.8775
35.7622
35.5153
35.6443
35.5347
35.5769
35.9693
35.8317
35.8674
35.869
35.9052
35.9896
36.0312
36.3203
36.1401
35.8926
35.998
35.9411
36.0597
35.9573
35.867
35.975
36.0998
36.3552
36.3153
36.4491
36.665
36.6546
36.8635
36.8383
36.6986
36.629
36.6472
36.7819
36.614
36.6009
36.8969
36.9359
37.0676
36.9838
36.98
37.0353
37.2189
37.1455
37.2091
37.2544
37.0349
37.1769
37.121
37.2229
37.3293
37.4165
37.3264
37.3062
37.4238
37.0537
37.3755
37.4795
37.3663
37.3238
37.2788
37.2424
37.2072
37.3714
36.9577
37.188
37.3541
37.2039
37.3979
37.5973
37.633
37.8323
37.8409
37.8104
37.8409
36.7299
36.5953
36.9414
36.6971
36.6924
36.6705
36.6495
36.6213
36.4744
36.6165
36.478
36.4901
36.6665
36.625
36.5899
36.4643
36.5606
36.4667
36.2831
36.1305
35.9781
35.9737
36.0025
36.1302
36.2856
36.3428
36.4749
36.5453
36.5066
36.4907
36.6648
36.7205
36.6281
36.72
36.5511
36.4713
36.4078
36.3771
36.6487
36.7848
36.903
36.8772
36.8769
36.7269
36.6648
36.8198
36.7004
36.452
36.3291
36.1451
36.0255
35.8888
35.9126
35.9942
36.0564
36.0274
36.1532
35.948
35.8155
35.8988
35.9202
35.7435
35.9367
36.064
35.9417
35.8216
35.7215
35.9296
36.1416
36.216
36.2801
36.1882
36.1618
36.089
35.9275
35.9237
36.0072
35.7642
35.982
36.0087
35.954
35.8298
35.6121
35.4045
35.2885
35.3578
35.3457
35.4459
35.3397
35.2233
35.2848
35.2786
35.2229
35.1859
35.1963
34.9134
34.8741
34.7197
34.8004
34.8483
34.9199
34.9429
34.7606
34.7925
34.6503
34.4744
34.5488
34.6153
34.8154
34.6593
34.7773
34.6694
34.5148
34.7107
34.6981
34.5241
34.6258
34.5415
34.3561
34.277
34.392
34.3839
34.3655
34.4987
34.7844
34.8641
34.6165
34.7101
34.5992
34.4674
34.5899
34.7562
34.8037
34.5483
34.5557
34.4621
34.5844
34.716
34.8173
34.8879
34.8769
35.1168
35.1576
35.0695
35.1872
35.1563
35.1925
35.3081
35.1704
35.1052
35.0132
34.9673
34.7722
34.8168
34.9074
34.7929
35.028
35.051
35.0654
34.8763
34.879
35.1128
35.3966
35.3994
35.2212
35.2773
35.1451
35.1253
34.9665
34.8774
34.7805
34.648
34.7782
34.4913
34.5565
34.6222
34.6449
34.5022
34.3412
34.2985
34.3381
34.3811
34.3074
34.2185
34.1339
34.1843
34.396
34.6245
34.5379
34.3331
34.2412
34.2959
34.3576
34.4746
34.3082
34.1248
34.2948
34.4085
34.2009
34.1874
34.4634
34.4685
34.53
34.3946
34.2743
34.3795
34.4338
33.9417
33.8194
33.9306
33.9077
33.8
33.8636
33.7577
33.7895
33.681
33.773
33.8992
33.8037
33.9952
33.9431
33.8479
33.7546
33.989
33.9393
33.9395
33.932
33.9158
34.0616
33.9997
34.0166
34.1006
34.1639
34.3327
34.4276
34.427
34.3512
34.4138
34.3491
34.1962
34.1148
34.1733
34.1379
34.1288
34.2379
34.1737
34.185
34.3352
34.3538
34.4763
34.3539
34.3684
34.294
34.2769
34.201
34.1613
34.3459
34.3939
34.3321
34.2742
34.1949
34.0373
34.0492
34.1354
33.9944
34.0389
33.9016
33.8549
33.8436
33.8487
33.8244
33.6217
33.5733
33.5939
33.5396
33.526
33.6531
33.5837
33.5741
33.4397
33.3305
33.3291
33.4472
33.4373
33.5753
33.6552
33.4786
33.432
33.3946
33.4862
33.5215
33.4814
33.5224
33.6811
33.6834
33.6172
33.5356
33.5021
33.3356
33.4415
33.3984
33.393
33.4734
33.6273
33.4618
33.6127
33.8191
33.8466
33.6814
33.5356
33.5782
33.6072
33.5595
33.5449
33.6577
33.7702
33.9303
33.8993
33.8136
33.9485
33.9596
34.0073
34.0631
34.1906
34.2546
34.367
34.2882
34.4091
34.4703
34.5438
34.4779
34.6892
34.7359
34.6165
34.7016
34.5095
34.5988
34.4532
34.6764
34.5815
34.5385
34.5479
34.4973
34.6367
34.7064
34.5368
34.4366
34.58
34.5392
34.3704
34.3366
34.1407
34.0576
34.0705
34.1206
34.1465
34.0623
34.0307
34.0919
34.1596
34.0251
33.9508
34.0486
34.0077
33.9759
34.2383
34.3578
34.3978
34.3648
34.2821
34.3421
34.3647
34.2354
34.3011
34.222
34.1488
34.0151
33.8661
33.8247
33.9789
34.0332
34.0136
34.0673
33.9291
34.1713
34.1084
34.2112
34.172
34.3016
34.2126
34.2508
34.3633
34.2954
34.3009
34.3852
34.2039
34.1887
34.1486
34.2495
34.3625
34.3162
34.4014
34.377
34.2599
34.2168
34.2019
34.254
34.308
34.3127
34.318
34.2668
34.3434
34.1932
34.1927
34.1893
34.0339
33.9887
34.0435
34.0147
33.9977
34.0446
33.9724
34.0052
33.9577
34.016
34.1525
34.1465
34.06
33.9726
34.0284
33.9783
33.9651
34.1013
34.0745
34.0458
33.99
33.8757
33.8828
33.7945
33.7963
33.8393
33.7247
33.7588
33.7983
33.782
33.9048
33.8532
33.7603
33.8003
33.9272
33.9677
34.0284
33.9852
34.0842
34.0778
34.1075
34.0917
34.1015
34.1096
34.238
34.2299
34.1798
34.1741
34.1718
34.1216
34.19
34.1741
34.2499
34.3555
34.3937
34.5983
34.6296
34.6775
34.6899
34.8186
34.8718
34.8797
34.8671
34.8847
34.8356
34.713
34.7616
34.8115
34.7558
34.6526
34.5741
34.5776
34.7341
34.7065
34.7082
34.6197
34.6054
34.6536
34.6249
34.6965
34.4862
34.4129
34.3828
34.3136
34.3771
34.4037
34.3374
34.3991
34.4173
34.4009
34.4016
34.4555
34.4099
34.3176
34.3212
34.3896
34.3802
34.4929
34.469
34.3601
34.3214
34.4128
34.3419
34.3015
34.3097
34.2649
34.3688
34.4602
34.4555
34.4676
34.4823
34.4591
34.392
34.4908
34.518
34.539
34.55
34.4816
34.4618
34.418
34.4206
34.4564
34.4292
34.4808
34.509
34.5308
34.6563
34.6435
34.6429
34.6558
34.7309
34.6751
34.5937
34.6768
34.7015
34.6644
34.6861
34.7107
34.7301
34.6887
34.7214
34.7812
34.7102
34.7886
34.8028
34.8423
34.9177
34.9518
34.935
35.0029
34.9795
35.0387
34.9844
34.9651
35.058
35.0586
34.9972
35.0653
34.9823
35.0195
34.9609
35.0178
35.018
34.9486
34.8585
34.9294
34.9439
35.0134
34.92
34.8706
34.9082
34.8619
34.8358
34.8358
34.8041
34.8354
34.8187
34.8164
34.8128
34.8177
34.818
34.894
34.9369
34.8929
34.778
34.7471
34.6333
34.6471
34.6698
34.7756
34.8093
34.8155
34.7676
34.79
34.8472
34.6819
34.6993
34.7324
34.715
34.8368
34.9454
34.9657
34.958
34.9575
35.0081
34.9342
35.1099
35.1263
35.1072
35.1066
35.1068
35.1379
35.0869
35.077
35.1079
35.0902
35.0728
34.9666
34.9911
34.9336
35.0015
34.9528
34.9774
35.0262
35.195
35.1489
34.9968
34.9499
34.8808
34.8325
34.7413
34.5813
34.548
34.5502
34.7372
34.8259
34.8511
34.8377
34.9344
35.0773
35.0006
35.0042
35.0114
35.0233
34.9221
34.8571
34.8951
35.021
35.0848
35.2366
35.1857
35.2223
35.2309
35.1674
35.1358
35.101
35.2135
35.2188
35.3186
35.3088
35.2193
35.2954
35.3261
35.3457
35.4443
35.3712
35.3428
35.2531
35.2837
35.2693
35.1788
35.2652
35.3414
35.3363
35.3383
35.3746
35.3372
35.4194
35.5346
35.533
35.3999
35.4003
35.4497
35.558
35.6248
35.5874
35.6492
35.6768
35.6888
35.7455
35.8517
35.8798
35.8674
35.8461
35.8926
35.9053
35.8365
35.8619
35.9724
36.0584
36.0895
36.1498
36.0864
36.0874
36.0244
36.0389
36.0055
35.9136
35.8925
35.9662
35.7972
35.8327
35.8798
35.9595
35.9242
35.9418
35.8398
35.6038
35.5822
35.5813
35.5501
35.5796
35.5677
35.5839
35.6152
35.7261
35.941
35.9332
35.9762
35.9214
36.0389
36.1212
36.113
36.0646
35.862
35.8669
35.8298
35.849
35.9832
35.9891
36.0714
36.1033
36.1398
36.1688
36.29
36.3225
36.2731
36.3059
36.098
36.0259
35.8585
35.9316
35.9006
35.9732
36.0309
36.0663
36.0992
36.1036
36.1399
36.2248
36.1921
36.3893
36.4054
36.5099
36.5125
36.5169
36.4918
36.6204
36.6921
36.6446
36.6538
36.8701
36.8995
37.1123
37.0825
37.0216
36.8739
36.7526
36.6632
36.8527
36.9103
37.0794
37.0676
37.0873
36.9851
36.8693
36.9414
36.976
36.9714
37.0433
37.0295
37.1299
37.107
37.0603
37.1291
37.1396
37.2336
37.2348
37.1137
37.1598
37.2606
37.1463
36.9422
36.9469
36.8959
36.6997
36.7666
36.7701
36.7757
36.6035
36.6715
36.8346
36.873
37.0339
36.9474
36.9705
37.0731
37.2238
37.0932
37.1357
37.1239
37.0987
36.8904
36.7827
36.8701
36.8699
36.7699
36.9233
37.181
37.142
36.807
36.6841
36.5681
36.6943
36.6827
36.7325
36.7003
36.7427
36.7138
36.7203
36.8276
36.9077
36.971
36.9823
37.0561
37.1069
36.9381
36.8131
36.8823
36.7822
36.8747
36.8774
36.9009
36.8759
36.8559
36.8093
36.7991
36.8142
36.9419
36.7695
36.6664
36.7128
36.6768
36.7203
36.5329
36.5752
36.5353
36.4586
36.3999
36.4564
36.4737
36.2996
36.7808
36.185
36.1034
36.1922
36.1406
35.9832
36.0439
36.0083
36.0888
36.1574
36.2884
36.1248
35.9455
35.9279
36.5937
36.267
36.0877
36.1851
35.9922
36.0821
36.3415
36.2958
36.4066
36.2568
36.6274
36.8974
36.7957
36.7099
36.5948
36.37
36.4999
36.153
35.9458
35.8757
35.5476
35.5512
35.5632
35.6839
35.5171
35.6051
35.6063
35.5798
35.3188
35.1731
35.0881
34.6345
34.5767
34.4144
34.0844
34.1627
34.4306
35.0447
34.4092
34.4828
34.5449
34.6484
34.5677
34.8064
34.6319
34.9141
35.2416
35.4565
35.4404
36.1715
37.4292
37.8188
38.704
39.7798
39.7253
39.6674
39.9565
40.1859
41.6294
41.4411
41.1311
41.5282
41.4105
41.9706
42.3833
43.08
43.7815
43.3331
42.1454
42.6454
42.3986
42.4861
43.7123
44.0305
45.3398
45.6636
46.0457
46.3896
46.8392
46.5924
46.4788
46.5951
46.3621
46.3312
44.9655
44.6107
44.3476
44.9957
45.9741
45.4422
45.4089
45.9108
45.967
45.428
45.3543
45.5201
45.8071
45.3543
45.2572
45.3686
45.0365
44.4258
45.0674
44.9258
45.1894
44.8603
44.8083
45.5416
45.7695
45.6323
45.2674
45.3963
45.4446
45.3151
44.9419
44.8946
44.7912
44.8684
44.8523
44.9412
44.6578
44.4993
44.586
44.1607
44.1986
44.447
44.2653
44.0555
43.8226
43.5613
44.0764
44.0392
44.0216
44.0392
43.8783
43.6596
43.8389
43.9939
43.8727
43.8501
43.725
43.5406
43.6574
43.9709
43.7798
43.6258
43.6124
43.4714
43.3303
43.246
43.3562
43.4644
43.4909
43.4712
43.4963
43.3269
43.378
43.4875
43.4152
43.649
43.8542
43.6009
43.328
43.4909
43.5895
43.3546
43.2958
43.3511
43.2796
43.434
43.3914
43.3216
43.7556
43.9274
43.5728
43.6965
43.8191
43.8069
43.7942
43.8481
43.8559
44.1387
44.407
44.6732
46.0059
45.4873
44.994
44.6066
44.8023
44.4466
44.2743
44.1159
44.2771
44.1712
43.8249
43.7675
44.4351
44.6927
43.9978
44.4642
44.7097
44.778
44.9168
45.2893
44.9168
44.9498
44.9389
46.1718
45.8108
45.2618
45.635
45.0884
45.0123
44.9842
45.4663
45.1512
45.0476
44.9407
45.0782
45.3011
45.4321
45.6501
45.488
45.3932
45.1084
45.0672
45.1084
45.1512
45.0212
44.8886
44.8575
45.3036
44.9612
44.8133
44.6807
44.5271
44.5625
44.3946
44.362
44.2562
44.362
44.1291
44.0068
43.8877
43.8245
43.8154
43.8245
44.0259
43.9667
43.8211
43.751
43.6052
43.751
43.5069
43.6133
43.8647
43.846
43.7429
43.846
43.7453
43.7166
43.6003
43.5705
43.5353
43.5705
43.5002
43.2606
43.2489
43.218
43.0678
43.218
43.0588
43.1606
43.0588
43.1897
43.1578
43.1897
43.1476
43.0742
43.0424
42.9134
42.8971
42.9134
42.9541
42.8948
42.7844
42.7998
43.0407
42.7998
43.0856
42.9981
43.1921
43.5523
44.3571
43.5523
43.7658
43.8736
43.8252
44.1945
44.0275
44.1945
43.8905
44.7174
45.2608
45.0735
44.4913
45.0735
44.0806
43.9441
43.9016
43.8568
44.1766
43.8568
43.7854
43.5744
43.4848
42.9903
42.3566
42.9903
42.5638
43.0096
43.3883
43.4605
43.3883
42.6681
42.6149
42.9497
42.7764
42.5905
42.7764
42.5654
42.5094
42.1478
41.9485
42.0576
41.9485
42.5808
42.7058
42.5574
42.5842
42.4637
42.5842
42.219
42.051
41.7633
41.6115
41.7179
41.6115
41.6937
41.6998
41.6551
41.5085
41.1737
41.5085
41.1092
41.1467
41.2561
40.8825
40.6285
40.8825
40.6498
40.5012
40.7566
40.8047
40.7566
40.7377
40.5271
40.6007
40.7215
40.5211
40.7215
40.4866
40.3367
40.2469
40.261
40.2469
40.3272
40.2347
40.283
39.9586
39.8357
39.9586
39.6339
39.8238
39.7152
39.5301
39.3808
39.5301
39.8654
39.7028
39.5713
39.7255
39.6303
39.7255
39.3922
39.2568
39.1866
39.1524
39.2286
39.1524
39.4982
39.4829
39.6253
39.4387
39.2723
39.4387
39.2873
39.2199
39.0919
39.0413
38.7445
39.0413
38.8706
38.8534
38.7817
38.702
38.6986
38.702
38.6004
38.5143
38.6833
38.949
38.6833
38.5948
38.194
37.8412
37.7282
37.8412
37.7562
37.6224
37.4206
38.0406
39.0115
38.0406
38.6159
38.6046
38.5119
37.9869
37.6316
37.9869
37.8133
38.033
38.1111
38.0117
37.8476
37.9165
37.8333
37.943
38.0217
38.0982
38.0217
38.3303
38.4192
38.2614
38.256
38.2614
38.267
38.033
38.0242
38.2352
38.3324
38.2352
38.3139
38.1863
38.2097
38.3031
38.9928
38.3031
39.0305
39.1021
39.1326
39.1615
39.1285
39.1615
38.8716
38.7345
38.809
38.9053
39.3258
38.9053
39.4373
39.5306
39.2145
38.9503
39.1253
39.1999
39.3139
39.335
39.3671
39.4694
39.4653
39.45
39.3781
39.2404
39.3593
39.2404
39.611
39.5235
39.4417
39.3009
39.2173
39.0868
39.1148
39.0514
39.03
39.0923
39.03
38.9131
38.8662
39.0894
39.1911
39.0311
39.0291
39.0127
39.1654
39.2901
39.3505
39.2901
39.472
39.3215
39.2948
39.1868
39.1917
39.1868
39.3235
39.5264
39.9107
40.3166
40.8115
40.3166
40.5416
40.6483
41.2254
41.538
41.2599
41.538
41.222
41.0884
41.3481
41.4392
41.6606
41.4392
41.9747
41.7156
41.4017
41.3564
41.6717
41.66
41.5895
42.0451
42.1585
42.3939
42.1585
42.3577
42.2983
42.4411
42.8781
42.5351
42.4975
42.4658
42.1841
42.4316
42.7256
42.9848
42.9147
43.1654
42.9854
42.7798
42.3004
42.059
41.8779
42.2311
42.1715
42.2175
42.2863
42.4069
42.3568
42.6367
42.4036
41.9168
41.6956
41.6192
41.5682
41.0814
41.062
41.2276
41.3374
41.7677
41.6525
41.272
41.2106
40.9394
40.8042
41.2932
40.8851
40.6798
40.7979
40.5055
40.472
40.3582
40.1706
40.1548
40.0594
40.0226
39.9011
40.3331
40.4876
39.6076
39.5154
39.4815
40.1264
39.968
39.9066
40.1895
40.2113
40.5807
40.5624
40.7027
40.7198
40.6205
40.6487
40.5811
40.7368
40.7258
40.5279
40.0819
39.9593
39.8892
39.9871
40.135
39.7667
39.604
39.4703
39.6802
39.6821
39.7682
39.8868
39.6795
40.0294
40.0073
39.8136
39.7219
39.3974
39.2752
39.3476
39.4038
39.3039
39.3151
39.5375
39.9347
39.9813
40.0728
40.1097
40.0633
40.1996
40.0858
40.0642
39.9495
40.0156
39.9288
40.0325
40.0223
40.3875
40.198
40.1624
40.1652
40.2789
40.3528
40.4859
40.439
40.5268
40.7604
40.8791
40.8304
40.4739
40.4407
40.5523
40.8117
40.7443
40.7933
40.5837
40.6681
40.8121
40.8078
40.5211
40.5751
40.5421
40.2974
39.8657
39.7827
39.6934
39.7137
39.683
39.8512
40.0113
39.8889
39.9652
39.8117
39.9938
39.9566
40.0217
40.0802
40.0594
40.2444
40.3497
40.3074
40.3436
40.6879
40.6581
40.6273
40.5244
40.2298
40.2825
40.128
39.8184
39.8913
40.047
40.2277
40.1814
40.0791
40.1189
40.0923
40.3029
40.387
40.4153
40.4824
40.4153
40.4155
40.311
40.2435
40.2435
40.0193
40.2435
39.8033
39.5051
39.5919
39.8214
39.7388
39.5894
39.7316
39.728
39.8415
39.9484
39.8365
39.9389
39.7937
39.5982
39.5182
39.6431
39.5173
39.5923
39.8158
39.9625
40.959
41.9039
42.0285
41.9075
41.7768
41.2895
41.2924
41.3061
41.6355
41.8749
42.0226
41.66
41.6618
41.6746
41.6705
41.7455
41.8396
41.7631
41.4732
41.3762
41.483
41.6771
41.4902
41.5175
41.2786
41.0914
41.2267
41.3531
41.8792
42.2482
42.2058
42.9164
43.0127
43.2421
43.3655
43.4535
43.6357
43.2216
43.3979
43.4191
43.4411
43.1571
43.4632
43.3728
43.2614
43.1425
42.8601
42.8785
43.0236
42.7328
42.6169
42.5551
42.7084
42.9858
43.1373
42.9153
42.4001
42.5457
42.3571
42.383
42.1833
42.2469
42.1431
42.2128
42.0727
41.9394
41.5998
41.6937
41.5886
41.6638
41.6884
41.4605
41.4997
41.7035
41.8612
41.9109
42.0256
42.0337
42.0251
41.7744
41.8457
41.7559
41.5068
41.4824
41.4707
41.5842
41.8661
41.8711
42.0153
41.9023
41.7891
41.4127
41.4389
41.3933
41.6868
41.7059
41.6718
41.225
40.8848
40.7632
40.6339
41.228
41.4079
41.6714
40.7591
40.4061
40.2852
40.6189
40.3842
40.1688
40.2612
40.4772
40.5867
40.4064
40.1872
39.9499
39.8384
39.7841
39.9691
39.9678
39.6777
39.7664
39.7425
39.5137
39.4592
39.4115
39.4767
39.6282
39.6037
39.5431
39.4572
39.3181
39.3846
39.3311
39.5235
39.4114
39.3645
39.1517
38.9121
39.1029
39.0714
38.949
38.653
38.8721
38.9938
38.8543
38.8517
38.4843
38.5781
38.4117
38.4801
38.6001
38.7589
38.7258
38.8189
38.7429
38.6266
38.7696
39.0402
39.1707
39.1677
39.0846
38.8368
38.7097
38.5138
38.7192
38.8349
39.0781
38.8507
38.8134
38.7374
38.8509
38.6716
38.723
38.8118
38.8386
38.795
38.6593
38.7393
38.7477
38.9203
38.8223
38.735
38.9157
39.0001
39.116
39.0458
38.9826
39.0088
38.983
39.33
39.3919
39.7518
39.8077
39.7376
39.7651
39.7681
39.8426
40.1179
40.2423
40.4598
40.8076
41.6804
42.2464
41.5068
40.9501
40.4205
40.9067
40.7914
40.9426
40.939
40.9078
40.8231
41.006
41.2441
41.7208
42.0464
41.4981
41.4964
41.0217
41.1963
41.323
41.0642
40.9332
40.5512
40.685
40.5522
40.5522
40.5522
40.5522
39.8277
39.8985
39.924
39.802
39.4219
39.1686
39.162
39.5374
39.839
39.6362
39.6028
39.5527
39.5101
39.8236
39.7525
39.6745
39.5353
39.2322
39.2299
38.9511
39.1923
39.1468
39.2916
39.1395
39.366
39.5468
39.5449
39.6202
39.7527
39.9087
39.9748
40.2846
40.525
40.758
40.6197
40.6669
40.6297
40.482
40.5694
40.6203
40.509
40.5678
40.1868
40.1481
40.4367
40.3416
40.957
40.4918
40.4548
40.2099
40.1735
40.2074
39.9786
40.1455
40.1673
40.2096
40.2581
40.2822
40.3389
40.3577
40.1347
40.0679
40.0832
40.1355
40.197
40.3525
40.264
40.214
40.3416
40.5798
40.6544
40.6311
40.6948
40.6233
40.7148
40.6548
40.6323
40.4918
40.3134
40.2748
40.2189
40.2238
40.2146
40.2323
40.35
40.3818
40.4759
40.4207
40.2037
40.0785
40.0278
40.136
40.1989
40.1893
40.2339
40.2057
40.0759
40.1769
40.472
40.4127
40.357
40.127
39.8359
39.8313
39.9579
40.0599
40.2182
40.4713
40.8084
40.7393
40.6544
40.5619
40.6251
40.3333
40.3659
40.3505
40.2286
40.2286
39.8096
39.6385
40.1104
40.5009
40.4003
40.3096
40.3472
40.4314
40.3617
40.3194
40.22
40.2036
40.2364
40.4552
40.5414
40.5134
40.7138
40.8674
40.7789
40.6029
40.6435
40.6691
40.4171
40.3618
40.3873
40.428
40.3698
40.2713
40.1969
40.2265
40.3394
40.0748
40.1111
40.081
39.9216
40.042
40.1024
40.0563
40.0293
40.0126
40.0007
39.9732
40.0187
40.0364
40.0631
39.8715
40.0123
39.8491
39.9075
39.8752
39.9746
39.906
40.0845
39.6559
39.6627
39.8023
39.8168
40.0113
40.1752
40.7035
40.8413
41.0481
40.6523
40.593
40.3651
40.5132
40.9283
41.1193
41.1544
41.3787
41.1157
41.2352
41.3142
41.0629
40.8498
40.6635
40.8358
40.6264
40.7386
40.645
40.7404
40.7345
40.6768
40.5517
40.4175
40.3747
40.2633
40.1903
40.3372
40.4026
40.514
40.4867
40.5189
40.5666
40.965
41.4486
41.7274
41.6076
41.8447
42.1464
42.7176
42.6426
42.9753
43.2443
42.4442
42.2249
42.5216
43.0409
43.3526
43.3489
43.1018
42.9698
42.9841
42.8349
42.718
42.8025
43.0525
43.0736
43.0954
42.8399
42.7342
42.6389
42.1033
42.6234
42.6643
42.6076
42.5906
42.6232
42.4437
42.592
42.5088
42.6209
42.7229
42.9919
43.3421
43.606
43.609
43.7786
43.727
43.7387
43.727
43.6628
43.6574
43.8764
43.9717
43.9806
43.9717
43.8305
43.9665
43.9845
43.8509
43.9382
43.8628
44.0294
44.2144
44.2765
44.1022
44.0891
44.2714
44.3879
44.084
44.0129
43.9561
43.954
44.0742
43.9814
43.8919
43.9014
43.8607
43.6824
43.4748
43.4664
43.1597
43.1457
43.0761
42.7465
42.9501
43.2038
42.9653
43.0251
43.4987
43.6497
43.8143
43.8005
43.6603
43.6932
43.7337
43.8314
43.8225
43.8471
43.6844
43.6039
43.766
43.7645
43.6102
43.5123
43.559
43.6378
43.661
43.7126
43.7249
43.7625
43.9036
44.0323
44.0586
43.9406
43.6179
43.6672
43.822
43.7879
43.6305
43.6563
43.9228
44.1046
44.0201
43.9751
43.9541
44.0624
44.3421
44.33
44.3533
44.3685
44.6392
44.8262
44.9949
45.187
45.0882
45.0417
45.1748
45.1013
45.0116
44.9127
45.0758
45.0418
45.1549
45.1944
45.2135
45.2644
45.3688
45.0628
44.968
45.0863
44.652
44.6438
44.7005
44.8736
44.9699
45.0559
45.0672
45.2069
45.2855
45.4139
45.4878
45.4926
45.5175
45.5424
45.8242
45.9125
46.105
46.8985
47.4962
47.3739
47.2238
48.0951
47.6408
47.5351
47.9535
47.2159
46.9497
47.0205
47.3758
47.5319
47.4154
47.4913
48.2618
48.1188
48.3086
48.973
49.1975
48.9497
48.7959
48.8654
49.1823
49.3454
49.5839
50.1513
49.952
49.5446
49.5925
50.2625
50.4707
50.5593
50.8096
50.7635
50.9442
50.7621
50.4146
49.9628
50.1804
49.9167
49.7042
48.9521
49.0484
49.0519
48.968
48.2596
48.6826
48.8834
48.6435
48.6159
48.86
49.2911
49.2266
49.4994
49.8232
49.6836
49.886
49.7289
49.1041
49.2978
49.2185
49.282
49.3175
49.6969
49.8219
49.5064
49.3188
49.7361
49.507
49.412
48.7642
48.4759
48.0073
47.6173
47.5674
47.6999
47.6416
47.3995
47.3171
46.8507
46.835
46.4266
46.7712
47.0161
47.1145
47.2677
47.5463
47.6296
47.8253
47.4908
47.3211
46.8746
46.7269
46.4764
46.8085
47.2121
47.1715
46.696
46.8821
46.6478
46.2212
46.1576
46.0226
45.8251
46.1827
46.8335
46.8398
46.6863
46.687
46.9448
46.8122
46.4146
46.1649
46.3328
46.6835
46.791
46.6299
47.0702
47.5505
47.5048
47.3758
46.8718
47.1702
47.2206
47.4799
47.8635
47.8958
47.4699
47.8244
47.8671
48.049
48.2432
48.4947
48.7722
48.2856
48.2402
48.411
48.1416
48.1231
48.2398
48.2133
48.1924
48.1686
47.8548
47.6641
47.7282
47.6177
47.952
48.6315
48.9677
49.0193
49.0213
48.3786
47.7806
47.9789
47.7118
48.0636
48.2484
48.6647
49.1958
50.0582
49.6923
49.4592
49.5379
49.6193
49.6912
49.3145
48.8449
49.3386
49.954
49.9817
50.0554
49.9484
50.2021
50.0775
50.2017
50.5091
50.9585
51.0538
51.0798
51.5141
51.7829
52.1504
52.5253
52.1198
52.6468
52.1388
52.4424
52.9065
52.4424
53.2342
53.8693
54.3393
54.6378
52.7219
55.6234
56.545
59.3153
57.2418
57.0494
57.8575
57.4235
58.9793
59.3081
58.6448
58.909
58.5817
57.4377
55.5336
55.8779
57.9052
59.6215
61.4108
59.6215
64.4425
63.2414
67.2652
64.8443
65.7168
65.4248
66.8809
70.5289
72.6642
76.1516
84.589
73.3414
74.5727
69.2503
66.7539
66.4031
64.3177
63.5131
69.059
68.3427
68.3681
74.3551
76.7735
77.9629
76.3352
75.8623
75.174
75.2735
75.8218
75.7724
71.9067
73.5633
76.2922
76.2629
77.569
78.1105
78.79
76.8271
75.0415
77.9356
75.6591
74.5833
74.1382
74.8311
74.3675
71.5426
71.3243
71.08
70.9408
70.0315
71.9422
71.1655
68.9797
68.6857
69.5424
69.8487
69.1138
66.1012
65.5242
66.9168
64.6232
64.965
65.4063
65.4314
65.0108
64.1446
64.0504
64.1473
64.3425
62.7651
62.0811
62.5655
63.3695
62.0487
62.7476
61.6919
61.7363
62.0377
60.4124
58.7003
56.5251
54.2749
55.5201
54.8387
53.6598
52.9087
54.5163
55.5496
57.5998
57.7226
55.1255
54.659
55.8747
56.9016
56.806
57.1578
57.4093
56.1843
57.2207
56.8971
57.1102
55.7138
57.1383
56.9881
56.103
55.1085
55.2441
55.5714
55.5508
54.7477
54.8412
55.6757
57.1433
58.0145
57.702
58.6037
59.113
61.9471
63.3221
62.5053
63.0721
62.2064
61.4754
62.1045
61.104
60.7452
60.6417
60.913
60.8567
61.0546
60.5852
61.1986
61.4066
61.5206
62.3803
61.6556
61.5661
61.7492
62.4246
63.0441
63.0822
63.043
62.9474
62.9819
62.6239
62.3986
62.1841
61.9183
61.6929
61.7622
62.3948
62.933
63.609
65.083
66.6248
65.9882
64.6478
66.0002
68.577
68.9961
68.1435
69.6314
69.8089
70.754
69.6762
72.2078
71.1475
72.365
72.5712
72.9187
72.7085
74.4738
76.6709
81.1533
80.7248
79.7252
76.3369
75.0469
74.8478
73.8449
75.0901
75.2659
75.4011
76.3692
76.9246
75.5742
76.6951
76.8165
77.1313
75.9013
74.2407
73.9378
74.9726
74.8304
73.9568
73.5367
74.5435
73.1397
73.2684
74.5825
73.776
72.4865
73.6302
73.7951
72.9468
70.4691
70.3052
69.345
69.5499
70.8977
72.0506
71.281
69.771
69.7796
70.529
71.1738
71.0895
68.7903
69.0104
70.2124
72.1479
70.1427
70.7537
70.3961
70.3782
68.8261
69.2555
69.6136
69.2394
69.3797
70.337
71.8184
71.3987
69.7819
69.0021
69.339
69.3886
69.7037
69.8076
69.8987
69.7034
70.3859
70.6478
70.1345
70.8647
71.7404
73.6721
74.4079
75.3111
75.5595
76.0674
75.7472
76.9659
78.2312
77.04
76.6788
77.4052
77.483
77.6145
77.5443
76.0441
77.05
77.6032
79.547
79.6972
79.6395
82.809
83.4372
82.7175
83.1499
83.2951
85.622
85.2988
87.0341
91.1814
87.2266
84.1603
88.8858
85.8459
84.137
81.9077
82.8141
84.9719
86.5115
84.8104
86.5754
85.6543
88.0435
89.2213
89.3439
89.8454
87.1905
85.0894
86.9588
84.0521
84.9187
85.8563
84.0779
84.2155
82.9748
83.1023
80.5333
79.9721
80.21
80.1161
79.4488
77.9817
78.4131
77.9817
78.1798
78.3285
78.7532
77.1572
77.1992
77.1572
77.4647
76.14
75.6902
76.929
76.4004
76.929
75.6975
76.8611
76.5386
76.9207
76.4266
76.9207
78.1662
78.2798
77.813
77.3688
76.6888
77.3688
76.4957
75.8529
74.6578
74.794
74.3405
74.794
77.1273
74.3719
75.0107
73.4592
74.6959
73.4592
74.9515
74.9024
73.8023
73.9166
73.3015
76.0512
75.5713
75.5789
75.5406
75.4505
74.1137
73.6248
73.4549
73.1006
73.3077
74.2755
74.4623
75.2675
75.0349
73.4596
72.8418
73.8474
73.497
73.4406
74.2098
74.8191
74.561
74.6907
74.1164
73.5538
72.5682
73.1909
73.9441
74.246
73.5609
74.246
72.7792
72.7865
71.8082
72.9016
72.6582
71.942
71.7117
71.2102
71.2926
71.0519
70.8553
71.6327
71.5135
70.9482
71.1684
70.8152
70.5577
70.5644
70.3395
69.7741
69.6974
69.6967
70.3022
71.2513
71.209
72.3478
72.515
73.4047
73.6523
74.9007
74.7978
73.9232
73.0303
72.1476
71.7556
72.2349
72.4644
71.7158
71.7263
71.9645
72.0832
71.9371
72.4558
72.4457
73.4733
73.2074
73.2135
73.0892
72.7996
72.5013
72.6859
72.6828
73.7199
72.3742
72.3639
72.4022
72.0464
72.3359
73.1986
72.946
73.2126
73.0208
72.4477
71.8404
71.6728
71.5854
72.0604
71.6409
71.5738
70.8823
70.9338
70.2411
69.7556
70.0782
69.8518
69.2312
69.7253
69.1231
69.1173
69.7255
69.3746
69.3587
69.2608
68.7674
68.4741
68.0267
67.4958
67.9253
68.6783
69.2863
69.3647
70.2339
70.5977
70.6944
70.4542
71.3491
69.3392
71.1253
71.0488
70.6156
69.2388
69.4984
68.9889
68.3611
67.5413
68.054
68.0855
68.4363
69.1608
68.8416
69.3417
67.6162
68.4703
67.766
68.6902
68.5002
68.2458
67.2086
65.072
64.9774
64.7543
64.6139
64.4809
64.6727
64.2006
63.6086
63.5604
63.5425
63.7285
63.573
63.4879
63.0214
63.8111
63.1125
63.5445
63.5184
63.2759
63.1222
63.2308
63.2864
63.2252
63.1803
63.7272
63.9424
63.6225
63.4254
64.0248
64.3429
64.4333
64.285
65.0322
64.7307
63.8156
63.1566
63.2362
63.4467
63.0253
62.6824
61.7662
61.2955
60.0249
60.654
61.4496
61.6987
61.209
60.4535
61.2569
61.3883
61.5417
61.5198
61.985
61.8606
61.7063
61.9911
62.7408
63.2661
62.7447
62.8428
62.4897
62.3722
61.6956
61.7308
62.2699
62.0959
61.8636
61.9615
61.8102
61.5347
60.595
59.8107
59.8953
60.2427
59.6948
60.0827
60.5687
60.7469
60.3042
60.2631
60.2867
59.7791
59.8393
59.6124
60.2649
60.6139
60.3187
60.8461
60.7932
61.5052
62.1664
62.044
62.1515
62.3224
62.7298
64.2398
63.2634
62.1595
62.0915
61.8449
62.0382
62.9568
63.9967
63.6479
63.1713
63.6189
62.9203
63.0116
63.6689
63.3684
62.9484
63.4107
63.531
63.6092
63.811
63.7817
63.7179
64.1488
63.7852
64.1488
63.7729
63.9481
64.2795
64.4561
64.8614
65.321
66.798
67.1495
66.678
66.0816
65.9563
67.6868
67.4993
67.8072
67.2016
67.2966
67.6754
68.3814
68.947
68.7737
69.2007
69.4494
68.8139
68.3597
67.6184
68.4008
68.2762
68.0037
68.6623
69.4708
69.7005
69.6816
69.6406
69.6779
70.4603
70.7313
71.6866
71.9527
71.6879
70.8414
70.8405
70.4183
70.2677
70.7502
70.6645
70.3718
69.9958
69.6531
69.7197
69.4314
69.59
69.5619
69.7434
69.6995
69.8465
70.4316
70.2007
69.6222
68.9992
68.7256
68.7782
68.4165
68.2436
68.6923
68.649
68.5469
69.0977
68.695
68.5801
68.7514
69.6785
69.7664
69.2635
69.0737
68.5553
68.0215
68.1678
68.6441
68.4483
67.9076
67.9839
67.9357
67.7787
67.5344
68.3861
68.3557
68.5032
68.4455
68.1409
67.2988
67.4596
67.3577
67.9333
67.8927
67.5567
67.6856
67.7713
68.289
67.5276
67.2179
67.6434
67.7107
67.677
68.0822
67.7677
68.704
68.7865
68.9791
68.9178
69.6787
71.1721
70.704
70.3604
69.6654
69.8184
69.403
69.1783
69.3309
69.4957
69.4934
69.204
69.5185
69.7478
69.9104
69.6327
69.706
69.9323
69.6434
69.8023
69.2982
69.4653
69.4048
69.4298
69.0946
69.1735
69.5033
69.522
69.1268
69.0937
68.5422
68.2328
68.7861
68.8668
68.2103
67.8841
68.0586
68.2562
68.8174
69.0243
69.173
69.2582
69.3953
69.265
69.0702
69.4484
69.458
69.6073
69.8513
69.5424
69.9322
69.7921
70.0958
70.4959
70.9294
70.531
70.7713
71.3943
71.245
71.167
71.2329
70.6718
70.6471
69.9001
69.8928
69.8087
69.6341
68.9224
68.6599
68.9062
68.8826
69.4671
70.1702
69.7317
70.5299
69.7972
70.1564
70.5338
70.5151
70.8099
70.6049
71.2347
70.5699
70.31
70.4303
70.5708
71.2625
71.3339
71.0942
70.5618
70.6038
70.9207
70.958
70.7069
71.8847
76.8522
79.2839
76.7569
75.7507
76.8403
75.8448
75.4034
75.6532
75.7924
75.2121
75.3281
76.1812
75.7605
75.2056
75.6392
73.943
73.7796
73.0236
73.1769
73.3321
72.239
72.1826
72.0082
72.8322
72.5269
72.5211
72.5806
72.7183
72.4384
72.513
72.8637
73.6118
73.6871
72.9921
73.469
73.7012
73.7097
73.9641
73.9028
73.5261
73.751
73.8181
73.3442
73.1064
73.4744
73.4095
73.5632
73.8211
76.825
76.676
76.7204
77.3491
78.1983
79.2502
78.2269
78.76
79.5594
78.6376
79.02
79.1362
79.3685
80.3562
80.6702
81.3942
79.9521
79.3595
79.1749
78.3613
77.7529
78.0753
77.6844
77.3832
77.3846
77.0407
76.2294
75.9877
75.2272
75.7353
76.0505
76.661
76.987
76.211
76.071
77.0824
75.9236
75.6512
75.5692
75.3241
75.3702
74.9851
74.6658
74.5803
74.9906
75.3158
75.6817
75.6711
75.8076
76.0926
76.0737
75.5358
74.9022
75.7484
75.3874
75.6562
75.7051
75.6071
76.0777
75.7075
75.6197
75.2168
75.3916
75.389
75.3814
75.7761
76.4742
77.9717
77.8886
78.388
79.6581
79.4605
77.2105
77.1282
77.0692
76.9498
76.135
75.633
75.5841
75.5481
75.5541
75.3861
75.0306
74.6312
75.8811
75.5706
75.2006
75.148
75.0565
74.9127
74.7703
74.9656
74.8954
74.3243
74.1459
74.3872
75.0471
75.2492
74.2963
74.3332
74.0876
74.4898
74.8249
74.9691
74.8048
74.7438
74.5058
74.4158
74.573
74.2896
74.0672
74.0237
74.0613
74.0686
73.361
72.9995
72.787
72.59
72.9229
72.5808
72.7182
72.8884
72.723
73.4967
73.3162
73.3617
72.9708
72.946
72.8398
72.7018
72.6515
72.3602
72.244
71.9232
71.721
71.7453
72.1111
72.0882
72.2024
72.3096
73.0888
73.5231
73.3712
72.2464
71.9631
71.9654
71.8427
71.8369
72.3186
72.168
72.4118
72.4229
72.8436
73.218
73.4239
73.369
73.2708
73.0448
72.1077
72.2291
71.6377
71.5457
71.349
71.6635
71.8179
70.6546
70.635
70.3241
70.294
70.311
71.7077
72.3732
73.073
72.8914
73.6091
73.6583
73.9558
73.3847
73.0638
70.6695
70.604
71.2391
70.9373
70.5975
70.2759
70.0193
70.5868
70.3834
70.3161
70.7169
70.8449
71.4669
71.2991
71.3509
71.1464
71.2372
71.4511
71.2999
70.7296
70.8473
71.0503
70.9023
71.1299
71.1696
70.9196
70.9644
71.14
71.1194
70.8382
70.7769
71.4785
70.4203
70.4301
70.5489
70.4211
70.4759
70.4235
70.6724
70.4111
70.8524
70.5207
70.3122
70.5159
70.4398
70.5747
70.5475
71.0608
71.1086
70.7245
70.7594
70.5047
70.3881
70.4558
70.4271
69.8608
69.9431
69.6801
69.6925
69.5877
69.378
68.9062
68.4065
68.5003
69.0349
69.3777
68.0555
68.045
67.8162
68.4213
68.3747
68.656
68.5358
68.2082
68.6222
68.5186
68.6856
68.2924
68.7775
69.226
68.6764
69.4151
69.5976
70.7921
70.1265
69.7443
69.0837
69.6288
69.8226
69.7684
68.7843
69.1795
68.771
68.6201
68.7823
68.7705
69.4191
70.4591
71.2439
71.6458
73.7235
73.4178
73.9385
73.7369
73.6842
75.8424
81.8588
81.0207
83.6584
81.861
82.7471
82.3056
84.8881
87.2669
84.1552
86.705
85.4253
85.9648
85.7389
82.6346
82.012
82.2341
81.0882
80.7358
80.5387
80.1186
80.6731
81.2791
80.111
81.1019
82.616
83.6826
81.1468
80.2528
80.7611
80.7749
80.0488
79.1189
80.0598
80.0611
80.0039
79.4394
79.7775
79.9033
79.1279
78.9422
79.1677
79.1813
77.7965
78.4431
77.8823
77.7854
77.9069
78.2611
78.5489
70.5338
77.6376
76.7782
76.6243
77.3245
77.9658
77.3245
77.1861
77.3481
77.9229
78.5225
79.1451
79.0434
78.3829
78.2924
78.0047
77.8285
77.6832
77.759
78.0589
77.5413
78.6812
78.9929
79.1901
79.5181
79.2207
80.5581
81.4676
80.4062
80.4134
80.2689
80.0937
80.623
80.8392
81.2318
81.6821
82.3902
81.2499
81.5904
82.1893
83.1031
83.7759
84.261
84.912
86.2532
87.2889
87.2253
86.5011
86.625
86.6178
87.1722
86.8258
85.9246
85.956
87.0399
86.4092
86.4666
87.3401
87.4037
87.4261
87.7343
87.903
88.059
89.2254
88.996
88.7448
87.8266
88.1547
87.7369
89.1353
89.0384
89.4771
89.7369
89.5663
89.3036
88.6768
88.5819
89.3614
88.8644
88.6313
88.9578
90.0063
89.2508
89.9818
89.6637
91.479
93.0237
92.4302
90.7237
91.5779
91.6599
92.5184
91.8129
91.699
90.7163
91.0037
91.0732
90.7065
91.4542
91.3041
91.3115
91.5603
91.3448
91.3563
90.4142
90.4489
90.3552
91.2632
92.6011
92.6284
93.757
93.3447
92.1229
91.3514
91.4953
90.3557
90.0468
90.8104
91.3222
91.1729
90.3903
90.2314
90.3484
90.2643
89.9347
89.8934
89.888
90.0291
90.4629
91.2037
91.3096
91.3052
91.1946
90.2618
89.9695
89.2044
88.9418
89.133
88.7744
88.5847
89.1846
89.3229
89.2887
89.8262
91.0029
92.0699
91.9822
91.3487
89.8749
90.127
90.2074
90.6824
90.7932
90.8123
90.3227
89.7831
89.6475
89.2546
89.3304
89.2064
89.1483
88.9677
90.4087
91.1458
91.6701
91.2186
92.131
92.2963
91.5426
91.625
91.5624
90.9206
89.885
89.5286
89.5684
89.4388
89.6052
88.9754
88.9441
89.0809
88.87
89.5427
89.6604
89.6691
89.4995
90.3743
89.4461
89.5652
88.8768
88.9421
88.9334
88.1736
87.9587
87.7585
87.7981
87.3508
86.9852
86.9693
88.1173
88.433
88.6573
89.767
90.0515
89.9768
89.2576
89.349
88.8821
88.7452
88.9523
89.5916
89.9958
90.1821
92.3321
91.6192
91.7809
92.0669
91.9162
90.5391
92.2307
90.4602
91.476
91.7507
92.2913
92.0423
90.4676
90.4468
90.4666
90.4289
90.1513
90.585
90.451
89.7742
89.6788
89.506
90.004
89.8475
89.9343
89.6249
89.6584
89.9057
90.1006
89.7708
89.9446
89.6877
89.9545
89.9392
89.6555
89.6731
89.3778
89.5958
89.6895
89.2644
88.7545
88.653
88.6433
87.8114
87.8065
87.3274
87.211
87.3536
86.7012
85.9943
86.8942
87.0677
86.7137
86.1919
86.1657
86.2026
86.5118
86.4113
87.0748
87.0272
87.0034
87.5588
88.7755
88.1397
88.605
87.782
87.3917
87.8316
87.5673
87.6097
87.7727
87.5983
86.9227
86.8451
87.3171
86.9919
86.9173
86.8624
86.9913
86.7717
86.5578
86.4112
86.6529
86.4621
86.4378
86.3578
86.6257
86.3457
86.2195
86.5072
86.4804
86.121
86.615
86.8646
86.7838
86.8058
86.5814
87.0576
87.0304
86.8104
86.666
86.3949
86.297
86.5366
86.5743
86.8922
86.9114
86.4677
86.1478
86.115
85.988
86.0674
85.3622
85.4614
85.8785
85.8568
85.4889
85.204
85.6823
85.0355
84.6752
84.8755
84.305
84.4577
84.6355
84.1723
83.9251
83.6053
83.1248
82.9273
83.0934
83.0028
83.3347
82.7276
82.4592
82.6841
82.6162
82.6399
82.4979
81.7418
80.7019
81.0289
81.8393
82.2898
82.1687
82.9577
82.8112
82.5355
82.6497
81.787
81.6552
82.2173
82.7736
82.5244
82.3553
82.2583
82.5845
82.7715
84.1718
83.6394
83.6793
84.9526
84.482
84.8234
83.8354
83.8105
83.2406
83.1138
83.7114
83.364
83.3444
83.1158
82.866
82.8299
83.2375
83.1571
83.5026
83.6187
83.3213
83.1541
83.1223
82.93
82.9363
83.2194
83.204
84.0695
85.1315
84.8784
84.6709
85.4556
86.8894
86.8609
87.0216
87.1318
86.8215
86.9054
87.5925
88.9286
89.1511
88.468
86.6419
86.5032
86.7869
86.2826
86.561
87.1163
86.5181
85.892
85.3784
85.3798
85.3574
86.8451
86.2656
85.306
86.1308
86.1489
87.3379
90.882
97.7688
93.5994
104.4772
102.9112
124.0161
116.5312
115.6212
126.4395
128.9523
127.2343
122.4522
118.7601
115.9311
114.3996
115.6002
114.7833
113.2613
105.4679
105.2662
102.6714
96.0085
93.696
92.493
92.1468
92.3872
91.7289
90.5998
83.293
81.7064
85.9752
86.7939
86.7219
88.0024
87.0715
86.4289
85.9674
83.2705
81.2239
80.0249
77.4651
76.667
75.9224
75.3117
74.5589
72.7815
70.0662
71.0963
72.6314
68.7835
65.7939
65.8166
66.3644
66.6135
64.9358
60.8953
60.3851
58.8705
57.921
64.4392
69.4353
64.717
62.7397
64.9053
65.9191
64.8669
64.5699
63.938
62.0934
60.9656
59.2481
59.1204
58.9568
59.3299
58.8003
57.4566
55.8307
55.9886
55.964
56.0535
55.8886
53.858
54.6405
56.3584
57.1836
60.1618
64.326
64.1349
62.0499
61.8056
58.7643
58.9002
58.3432
57.8851
57.1526
56.4463
55.826
57.1133
57.7608
58.6741
59.4068
61.0032
61.2171
62.5695
63.2468
61.2656
61.1243
61.0872
61.361
61.1615
61.5542
61.704
62.5156
62.5355
62.5056
62.3551
61.8322
60.8957
59.3934
59.5344
59.3304
59.5082
59.5983
59.8784
59.9608
60.5752
60.2141
60.2842
60.2187
60.1408
60.4929
60.5458
60.6952
60.8571
61.3127
60.9364
59.8368
59.6196
59.874
60.0426
60.0507
60.211
58.9388
56.4751
55.9278
