74.48546585483328
77.76512541803655
56.39453149485036
60.27096711058413
59.748035906284066
64.66423336740343
68.83595209142851
56.61641935960996
63.322879533309965
54.225290981320065
51.038620449191235
66.76880668341033
51.249418277948266
53.087726905139355
54.63433635526314
52.47822835257719
76.01362240348271
52.600826524731104
55.39230467853596
62.58552989137724
68.70422007843398
47.963331828262596
46.93939393281071
70.79163168558803
60.99988676063822
69.348265718049
39.80940784803295
67.26486659894874
58.84588875781103
50.823044648900044
56.33109538094506
78.88095242437306
40.472363791741174
60.01973285293511
55.669897389724255
56.25452827481474
56.35462837208158
53.68940308041509
57.464720673825006
59.50626285115316
65.24391767706128
62.531098371718244
41.217098851570604
59.07249901210129
55.66832274765895
53.19329045330552
60.608491562693004
54.075022981734165
54.08256374260692
62.33207043506981
60.08792179484269
72.2377491574098
38.760681992779254
31.974140295401764
61.771159797356255
50.38696672706983
53.617002539927874
66.44612355141388
43.338980843373996
50.86260348750542
56.88544478152786
65.0331233611971
57.95248066064609
77.97314787519856
78.13673142630269
58.53643278203375
78.26072443922372
61.16475254402503
54.252530395094
59.19166182924059
51.49260313673254
47.63393482188066
57.045278803960336
53.95309836636535
53.636924135495775
58.74663156305394
54.67258856833164
46.03635111019238
62.17998620126248
55.87067427280661
55.247734545672905
66.84672405403442
61.92793713031684
57.17120841520477
59.975705737851754
57.63354006979816
45.533144737227914
72.98420075760599
60.15833988582719
68.62823987259198
54.42336419474355
55.231676365407054
62.26745853819447
57.531219518538045
34.44076519265407
39.349895399720715
64.53908097048134
38.709081925530995
64.94715076004563
45.48745972746205
