27.992548926542867
27.358005025718036
29.032068164478275
28.774836609276665
30.057543457600207
30.282986679999055
30.406281232691086
29.047073480705105
29.765549893445677
29.70985701433191
30.396220394859316
29.033687261114395
29.930630276282802
27.54672295707055
29.808872680882534
29.14004744479451
29.17624806178851
30.12989166946266
30.87826313359973
30.22525699886979
27.649809291590277
29.11505897646392
28.598065720666444
29.287402092460617
28.51585786928883
29.286556144321544
29.946217331244377
28.560616261740012
27.398657832999817
30.73247509708964
29.341418398106434
28.837007403855306
28.96459573889274
29.941205652309886
29.903279905201362
29.098419338572683
27.898369141441723
30.88875571536781
28.53484374941723
28.800284134885224
29.782180003813572
31.024299793496724
29.868147743936106
29.77814204822452
30.067053062273814
30.102547569242272
27.8629782784711
27.86951682051727
30.935241170799422
28.379939116041328
28.2910978932779
30.972354017346753
30.06006401959236
28.64157233352285
30.493946387355436
31.029008080974926
28.527647829524348
29.025506686216325
29.237430257105803
29.116311335227156
27.680477484045454
27.294311979424922
27.43571963903261
29.505893226486048
28.146373236797874
30.377787626494573
27.926855594771737
29.55645772318123
29.864204716164135
27.473573375733906
28.209436386013046
27.565694123616776
28.11276778510279
28.075114971276374
29.479435667855437
29.815282756181578
28.1236422849119
30.68480205039316
29.517297172318123
29.893353640218887
28.926381834229808
30.775774477526028
30.981331124387825
29.496863533597182
27.55395404235756
30.40883403068265
29.211157135155084
29.395995748536485
30.27420352360279
30.784771278907126
29.08125729362457
28.10273878122059
29.193172853515584
27.26228062172294
27.61389833555532
28.373027995855445
29.194132290189806
31.00134350986248
29.501091073760453
28.87850252421025
