49.91300791474247
48.641347372067976
44.77832866661362
45.32100350314517
50.41961000888109
47.51563640122015
44.19861724834779
57.14051425014096
39.30859292649528
53.92256565572187
45.0069388274655
46.661176437952726
45.82150308659491
52.53244243323312
41.41605130108135
50.824649656534596
43.92472704925793
40.40377215709431
41.25380470325488
43.38998059040923
50.832180807491646
46.09924313937688
51.501327908749865
46.74748830037362
49.539990052644846
41.23468455939795
35.926378112455474
44.6405727952343
49.410618539476104
52.042429092526724
40.91979239146695
41.16947084673552
55.74153119496614
50.33661564089634
41.99946286524537
53.78661670618886
46.94349517333603
38.557292084529145
50.66416994991104
43.05689179369883
49.309378031566744
46.87736634094673
45.784712282484406
38.039331867100984
53.261697443017525
39.28989375317396
47.84971331190272
54.73797279631626
48.61371736586235
54.83731219431797
41.23684989277433
39.93689436290474
43.79131735355527
36.77258331680644
36.519688407256915
41.676162645105386
50.05841557722504
42.202945806671636
45.483831396804796
40.141484327759436
43.9845283421202
53.07907237767314
51.617747807598015
56.93338295596479
50.66804216590396
43.65920459978049
51.231714391937025
50.543041897013964
49.66304040254748
57.306373076050704
51.75216912355255
52.26437679900061
56.46411471840166
53.55388301274669
35.85765631543893
43.7649641123016
45.6078629918228
49.91685400470778
53.247554949491104
41.29266143290443
58.04261689356991
56.64935864557998
46.76332311345501
48.926510565874096
46.07512998825202
57.359491821360564
43.57709576345941
37.9114838906602
47.901357118577714
45.75854839046658
49.21087899808657
43.10763398117382
38.5927261339435
49.7708198840886
49.53396464739577
34.40798970763417
44.931466134637
53.68029544113095
45.35754365699597
45.45768227711312
