53.11929600617648
62.72771385796497
55.95886710838141
61.342964246639305
55.152252309284556
59.03316607428279
64.62921800732937
66.03886724175234
66.58045541816823
62.29675746892109
58.04217027339933
63.2896224827292
65.23111046803751
68.15331516323373
66.83858989776172
54.110409325850796
57.647047822557326
55.4525214299396
54.30566871697254
61.215129881596916
63.77594954400132
64.30073200378477
58.63421764552918
71.31731919011442
58.11327980019493
55.43555905733248
55.51209499163
70.45399010959856
65.15771943290105
60.81715096057367
59.543914267446205
57.489259613653374
66.16813293949353
63.07375148948381
63.85520689330259
71.13496600623074
69.71420072670178
54.69214511136244
63.16739527164762
63.90838319846756
58.77217019915702
54.59207170856018
68.81901268841929
53.6967693974461
70.43153689828412
67.45161221832674
61.7255100728617
71.50699711594811
63.576186765162475
61.78637226989417
57.56325053854142
58.76314677320104
70.96818416382084
53.73288522409911
57.90844658305678
63.46002648606819
68.94616089271088
64.75823779223323
57.003978944831935
60.50398697469328
58.095946972694364
65.02024172085397
61.5235009378108
67.55811682867028
57.01475036637578
62.533080090832186
54.8677813964216
60.6367078153698
69.52488865425057
53.61957510159207
66.71939319314312
70.67449551574644
61.674439393812264
65.5014531482333
58.804814760497706
63.31034972687576
56.2591283453797
67.56071597676222
69.23075325533497
69.55320311838327
64.40220751020665
67.93661188193434
63.207975032875204
70.14707409756714
62.01329487011818
70.33536697964648
71.34696964633982
57.49199060773249
59.50167556220739
60.218155567524036
54.12400826022248
60.72150244800623
61.06477927088516
70.5285365227324
62.57904896439274
57.57681377555665
71.14998592358853
66.47251122103555
57.568465262538766
63.39846411320886
