55.36904961901531
52.38179722804301
54.08021685439895
57.2059237161963
44.1342055384113
58.777963582048145
54.19526747403128
46.800087129530795
55.14318153219289
55.0351018743289
59.22345721067622
56.87773948443703
66.45743372501865
52.96531890347868
45.11204757464697
61.90365337912837
50.983959552465535
46.24829371701358
53.325772453295386
47.744437198731845
39.126756875398335
55.47786247332074
56.30731525571959
54.68196896911249
52.654186862586464
49.15823527431806
52.77923645882817
50.46388621975244
39.77723755120974
53.30599156089119
48.503939378732035
51.10215902184093
57.10357443704379
52.34194732416182
58.400572651859605
60.525511658546066
54.0067989119029
47.5200574038542
53.90322046890145
49.478066547578706
62.924091312330034
61.31837464026532
49.60997320651631
58.4853811054505
56.029545149403255
53.66822263691681
48.47694071098848
57.27472415593033
58.72059780605696
43.97295411559754
48.52693060138281
61.60142461220458
53.404064165868334
65.86592577492715
66.82259537817357
57.2158925973277
51.91148255504694
53.23369040081413
42.67751926407053
52.924598335941454
59.91028965161601
45.64400922955347
48.17963498082424
66.84515672573795
54.36954546092935
56.248586463058345
47.78963897461624
48.69191544747494
51.12411989519463
56.607793693081334
47.35605536040451
59.13407469538072
55.81826398026022
56.76632581102623
61.40106721159438
48.03197630046247
50.80449223082408
57.23346630820771
54.55274549475812
41.51060004220986
49.43445332088259
44.50241540829853
51.632179496735375
55.77814108293218
55.171151782845435
50.960293342611116
59.10193842840551
49.14882506533745
43.63209040733845
54.60380924858622
54.20192159659317
45.309112456276495
56.37763025356715
47.41068658277881
62.556030922514324
63.33588396512968
56.592777701710524
59.42230601684276
57.08304883537925
44.05217519444632
