72.25513880880355
71.38758902795661
70.54370282746648
70.987939496806
67.3561615138237
72.04568316631017
68.85552153839758
68.36897060035416
68.18611144430727
66.6322073322111
71.87345941050322
69.00731081782664
69.21940849195941
73.36198154098508
66.50581276444194
70.96580471673417
73.16785305544683
68.80163473348455
67.66783607531413
66.81350730925453
68.98846610449469
67.85491218148698
66.37776722613229
67.62055842621182
69.93557713891342
71.16719413879474
72.55827399786882
66.00278092552519
67.23659329727334
65.48218994663357
73.08078465979266
69.58212737817895
69.28155057819491
67.2189936201833
66.03412698681926
70.75110945580259
65.65543577800028
66.26889192803175
67.37666689122865
68.68969972664293
66.48571132139566
68.95136601602637
71.46289872465233
69.3077397269391
71.55966275588285
65.83987382306601
70.33447782399274
67.7056823339947
69.22890364416182
67.83791764605266
71.1635546160151
65.75619443215191
72.36731054808203
67.2612571279234
66.52691116563616
71.46467202261968
70.63674907107719
67.49841692577546
68.43920598702171
71.15363712920667
73.3101920597803
65.62728179859356
69.57775586714803
70.57303327465787
72.27071770666208
67.06518872774298
66.42833473856685
67.51081505869072
72.16995321111504
72.92547072356842
68.94204735208388
65.82456662381385
71.79563495454043
71.24030020933422
66.41374984166772
66.15978027341036
66.4291757196752
70.0002894764344
69.68277922422863
68.52497422056439
72.67026722545593
69.7900809612731
72.57957843711895
71.83783899189557
66.45652732757004
68.82054613781804
65.33256765104656
66.16062833921926
71.66762245236859
68.6723419371815
71.37026383074017
68.0805179692169
69.99097274453132
73.32355242898393
66.81993919992205
69.26924431363072
65.41723126939306
70.54949799275326
71.03816718542059
70.67808724823652
