40.78580039851125
30.83975096372484
32.191389799472105
40.14523246583166
42.37129858139528
32.508725090380615
41.38353364605642
37.11775414818029
34.41985019387202
32.97029820858725
34.18089321563099
37.074027868238915
26.194311037691293
27.971750174819398
42.12006001504535
34.15847690062382
34.799268205513165
37.97398598117414
36.07436369234443
34.03903469882645
37.29644488366552
30.653325216413492
35.513828464378236
34.560737024317156
32.513095495208866
29.357675765875708
38.51410432145428
33.05676230466447
34.28190315910801
36.640202152439954
34.941726266616065
41.205164068128724
33.28398109570471
39.74176676277405
33.0201433796204
31.097701506035143
33.66868220042008
38.50815016460869
39.10258518152104
37.109941874403695
37.83066649332162
38.991858435396004
28.687398546992064
33.52375495268575
27.013856375250533
33.466949865251095
32.75930542667987
33.945244293950005
33.552311253930725
33.861537617765165
36.49771827059935
35.28147011571004
32.11887432234255
37.07800205175926
34.07441627816031
38.17264333282974
31.850322230102016
35.152698348285554
36.78234497703268
36.96039267846223
40.47200586634438
34.83824080282947
29.53608496159466
34.335168987541934
34.540212480983556
30.163378688517422
34.80598294064737
41.30449829429648
30.933552752309936
33.40065213324536
35.71893891100886
38.01591487593073
33.74653464287376
38.04826461043683
35.38533750929512
33.03296084781386
35.73757383968328
32.79240958930516
26.13714974114429
36.568729128023115
32.83985549550307
32.883595295657486
39.185963626695965
31.444739850801987
29.888946128501576
31.32453297816208
38.679381442809685
34.40018740832454
30.958160212198756
36.79105604502689
32.11137071175047
30.732925183609563
33.53826971541195
31.346839067540728
34.52265518594841
33.71025753772778
43.474883186377866
40.96491337059602
37.31234270559365
35.849252838816376
