68.01376991221386
68.74023022901663
68.68409820008009
66.83974222480556
64.95695473610718
70.91441278449548
73.14535733000803
68.95369128454438
67.62853620374847
70.7674683268757
72.01889604837011
75.86240206926585
61.67960273557953
67.12265473775453
78.55680437260449
72.49502097219538
61.59517618255644
78.24830935076642
71.78734228773351
74.47694401980432
77.52465155312389
62.77432262626224
70.76429928576458
71.10826797889618
73.93579579609536
72.56837731540121
67.34132766405166
65.34422512954133
75.56487427144137
62.43762282621853
61.337754423201616
61.58454503734858
76.20470595451408
70.8166590653376
63.07124379189894
64.50412982713851
63.47977529104518
72.02700681037177
70.44819452389522
66.97265762831829
74.62207692413892
69.38994767004213
77.85528028940409
75.29013937691624
71.57855912142308
74.19183477474198
70.43469573866679
68.0998820288603
73.32892480756774
63.07959703517658
77.35871987197385
68.87203216503886
69.19910714699117
65.05059206250876
77.68099256957774
68.73422897515742
74.61802323201096
66.03914117726299
67.42035323206606
73.0393978950208
75.1188515176694
62.90742593752969
61.31395272108796
71.34076798463411
67.39721586717336
74.78621216276423
63.52481120525125
77.73055725077015
70.23540676940536
64.96523393923248
69.55765649049012
63.08020068785335
73.66963844982878
65.73072794032805
64.17478206182346
73.76103417693555
72.55518814771096
74.54245679550174
66.7976221539169
71.99267606677742
66.16613040065042
65.43231176564232
76.77363079814214
74.83885313512623
64.3923711444642
78.27445363409433
71.99135902785103
75.41952042674629
63.43614789709442
76.09465066145995
62.27595185746347
69.03635389257109
74.53131201324803
66.35853995351391
74.98521969534198
75.92794243391
68.3671398867805
64.46085186346498
66.10953309653411
65.94102965140755
