46.55405063296149
50.3592314097602
48.3288317276866
46.94471241801217
47.73944975130334
52.76257535289551
48.70558979431623
48.851575618126475
47.39185174128525
48.48844922409485
45.44457811490891
45.815149522622036
48.00312050094937
47.837840530310686
45.72967767903985
47.79504555406924
45.88402628387526
49.155398695341354
45.062426313531155
50.11431798912995
47.128813937733185
47.685949274043445
48.67842104425665
50.85447550981424
46.0950704077595
49.47941365693775
46.092425218721914
51.248868545484605
48.23012230344549
47.07639495654415
48.85916345974689
49.97951054197822
49.30595924358888
52.380148197757435
47.262555115272036
49.51723816356924
46.75329722807663
49.31704530114664
48.61048082636195
49.73293829376391
48.35957299436526
48.60300079121605
46.68737200657874
50.384154721711624
48.02900806950689
47.522016796658264
46.950818703279914
47.42361374501735
47.66296532390534
47.54526431769558
46.023750077221436
48.43530736813548
47.7998908400271
51.68062016473169
47.20506310071462
48.57349004549901
50.00851096371378
48.8954353736917
46.65628707077512
46.65174622481651
48.94142443969803
50.13166810364534
51.190686926286254
46.716568821654526
51.0386662865814
46.61990794680051
49.93206409631936
48.8897377985784
48.22508062595505
49.955889746086676
50.63649563386751
46.241146313586356
47.18130446635868
45.574310366468
49.74910760594976
48.6544052149608
51.17974607726262
49.797776131984314
48.00835134329396
49.191153350883106
46.885196556629744
47.48098507353224
48.61887140424476
45.26236753363133
52.2808805059818
49.18611013402447
46.78382010355851
46.04419251681606
49.833907923301744
47.5563994899983
48.27619081557121
46.83600702965095
48.51707179145738
46.78501616446989
47.35797495378565
52.106969582644815
48.18593824215782
50.87748454137339
48.10121938606437
50.36532037365892
