53.5828117312979
68.48105057941564
70.1283839160196
56.02444938862796
67.65189664789557
70.9428360545771
70.52501450591721
68.94869841157586
71.25038015326308
62.37537761435673
67.40476166331618
65.49154727222505
74.50344896349085
70.09269094093425
69.67547417247624
72.91121695510073
68.70720415363978
54.66970460251017
56.818405083452525
60.79020528057065
60.73160522603267
69.17614794417251
70.51091971170595
62.12795557236152
73.77241502543387
51.94292741772156
67.44697718326698
56.983555913685045
59.783707027604564
61.780817444182574
52.924005017466904
57.97611148749705
62.167838487075485
70.96173620851911
70.02071886314755
71.93572695171153
74.7395465973838
74.78569891397456
74.52841286764743
57.94941132149019
56.98868841643339
66.74787057442916
73.05960605257448
68.54743578558654
68.6670044100762
66.48262746774148
74.53693805477351
65.53305747451131
70.37265428208067
74.43949600576542
52.05051636837645
54.78365080645602
63.72084576549027
71.17044046926901
74.25938039619564
51.907809988046274
72.10879405244306
71.35282505217602
61.25282931764986
75.05749028117734
60.37831544679927
71.951686353713
59.09470116668095
71.26294857201766
66.45690808378431
71.4041275800695
53.02537910122946
69.95334658487013
74.76151311041075
75.12477970462021
71.75257705949859
64.80273256081125
57.876799662306325
66.42477460638663
59.28625790250573
68.23467789114537
66.35242049327316
71.43526841446223
63.724688991308895
70.00586370090316
70.73191807710927
52.0804715914583
67.15698725845215
59.92880468071817
73.30534480182513
68.63131338082034
54.86501680197582
52.68078960052654
59.40120711726711
64.26090732827487
67.85850317165784
53.32450280674878
71.15830566184944
59.23846623173082
52.31654457271076
60.860987592690236
56.24973714519538
62.14633154409761
72.43481389863723
54.390399519224104
