81.63921609919228
60.946728413742555
54.93642156142135
63.0625750448472
73.58809395344284
62.07713840554817
83.46205188009613
64.03823114904716
58.48707786396265
68.92390724328693
59.881458145473175
72.09107139840467
69.51405144592951
66.54906089538471
66.96582270314143
49.25866150884371
62.01543789965201
56.573952761254034
61.686053319504154
61.76524577418462
66.69928991283724
72.16926148515462
66.76816232497488
67.28881399059777
58.59207142081293
68.03716611136296
64.28687549479831
64.39875714304125
73.59863571589344
69.69595282080219
61.66511169814185
80.94961061088361
56.277494594692804
47.634479224976815
68.60947104818779
73.23815560490128
49.85385240952617
66.25469485625575
71.35748636286066
75.52661682638494
77.186499742276
65.00927309358813
60.068273839607855
58.50429751568299
64.83560161460012
70.13478949599728
61.10997568811027
61.11527046514479
64.4198921217804
56.16343561896606
66.35078677881772
67.49235280434172
59.62292962707917
64.64286439771949
61.14402298219905
81.8897179916804
62.10508164005301
61.09875607173635
72.05424540747401
59.63132431648631
81.1777029789166
63.983574531594066
63.16135335942721
55.95325576112167
66.58127624144485
51.12181488827804
73.22733429281192
71.155486607036
59.49507406661154
78.14029226146253
64.0781663800016
74.48509493940668
68.70510230400599
63.71982779184998
75.42303708500093
69.10367472200403
58.14529233694789
67.10479523633921
63.487974063644245
61.74364386719203
71.66843861834066
72.70223683148694
66.19927834707937
63.91774877557404
59.104122863938876
76.09614343827367
60.17820257116277
63.52835027871614
55.636574757571935
77.50514936760192
82.30849884133099
64.21979889526044
68.40029504093408
72.01306244623558
71.06386213755309
63.60894046167282
68.9169871828473
78.54859206839018
69.86640428450279
74.52934022370394
