40.60209788581503
36.834138258977475
33.502244738384206
36.40872608739402
12.665597146492512
18.932078833445303
41.269258854464894
16.452344420963698
12.080752539842468
31.9251998374005
24.52830803362727
24.176656803434167
16.05597400859429
30.270553953394767
26.53334155424885
21.32111844983226
21.702563597574837
32.109941087969005
30.115256924057054
25.795744000465305
20.68775519582575
14.855455807397476
40.85211550469225
36.497334762785954
19.178986530054658
41.09149331584024
22.22747388864578
21.440052187412558
24.507623147991104
26.66701769055969
14.93456816273132
18.196394092212298
21.937152628266624
37.456867842348
41.424743217625604
36.43878344874364
12.122583733133274
21.05208803189811
20.36819682621538
29.090559348774207
32.925556240975276
36.83852219020676
26.388082888368082
31.169052156282486
39.0806344465654
36.11426014074197
22.507639578690252
31.044011287267733
28.851741441190082
39.21866088788673
23.61440891237919
16.636840354213906
37.88633801315473
12.123018004288369
29.779875750271774
25.509070892441827
23.764774838827677
20.941844978374263
38.8436417870083
24.123422516249803
32.97959765687893
20.38594150619248
23.781233755160358
35.72866521152796
36.1835268132536
30.006400940269177
13.272324534651965
14.71588666958985
39.72901071637567
20.765087889144773
33.85950408758881
32.59877419122428
27.225304022519058
31.386212611699708
28.456402452089137
15.337307291130019
19.721810030584592
37.50097311030482
24.188878898036258
33.94632456458262
27.683913572076825
39.995474127813765
20.04729742365229
28.422853422648874
16.882123127558224
26.2204645310062
21.377674657696716
32.85025248310442
34.356564945139326
22.39228492851972
35.91496283396234
31.70641534181353
13.241458385391226
29.244946998300232
41.36319294952599
33.52345307620989
31.372827870166148
23.96971762001241
11.739117817885212
13.564221512441549
