47.514955123534406
48.99530351565616
48.048746012833405
45.52832567485753
46.483284304274854
44.71898119376438
48.38592806646725
47.693982431547035
46.34558987526015
45.68766378123457
46.796133914903216
46.01808673805525
49.414559090982614
48.84879902454398
47.22898864747939
46.679371242395725
47.06371756824017
46.517306446616615
45.89177705947732
44.90606017660763
44.64570994963564
45.14748812701983
47.21941424259555
46.379888339107175
46.396639214675275
43.558380324317596
47.04906518488048
49.67863234413791
47.98442046315919
47.180356167637015
46.71768609163296
46.33376536283812
46.968125800836134
47.92117086050648
46.77195924628794
47.7439590337261
45.81143729581168
46.143417772900044
45.748608368064666
43.6897313228322
46.67650739987496
47.350923802342976
46.93717180740755
46.13418475959076
46.81236467209531
46.507397154237836
49.04365551645812
45.64249267094242
45.2499732964567
48.46495079869701
47.27607217840643
47.03573673395114
46.116340805272614
48.34769830855425
48.01030412570049
49.31569885716672
45.91813861725326
45.83743181287438
47.232014019010705
46.66973163179707
45.269804736809256
46.852683500792565
46.05537185910589
48.53972972852343
47.98421010375654
47.89033695508843
45.844517936760454
48.2031469695266
49.5305346679511
48.779543588771304
47.80544901543948
48.99243561710752
49.09824315566493
45.70540791887997
44.504769335954954
47.14355992811827
47.50023135105257
45.43782903757579
46.43108807587179
46.21125323770099
46.107427045762016
50.03527997090202
47.05295315296389
45.67305392172023
45.89568699490845
45.191697709039836
48.857573322856794
44.946317107918134
45.30656882861741
48.27432669181969
47.20977898845997
48.01812336803482
47.48771244628735
44.67341599063975
46.11020542268005
45.294122821518094
48.605795757296136
43.88833422937281
47.59941177761774
46.73290384415732
