77.69399341468707
78.96354675494199
78.12708933118047
70.75319796478921
73.36512248835608
75.33510459606244
75.48239662203916
79.3526689075767
77.13500054910504
70.61101241644133
74.78142638507364
76.081050198995
71.52570128525083
78.41525544843506
75.7220572388055
72.9625965452932
70.06722830823377
77.36711330347158
78.90928259534303
78.52380672413241
69.97519985555532
69.33043484510117
69.07617244351593
78.723424344394
76.29683160403376
78.26318956214179
74.02618030475223
79.32009175390003
77.94291159933472
73.06764844033879
68.62038900059633
75.77412740696515
69.71101629529402
72.41249452928079
70.55850872508968
77.24688843019628
79.18475575890335
78.64265940683727
78.68427181413472
78.17621757698555
74.4675401963598
69.08495053927261
76.94999971638157
68.85403949616219
76.33601448903133
71.26792780612341
74.84712954074593
71.95850868288922
78.63977001185033
68.3606241906967
77.79908632311711
68.79852002440313
69.63410263140251
71.3099806936453
76.92130812569464
78.85198573640248
76.13834449873728
79.14228824336111
69.19393507419994
76.52322597836249
75.69809402450439
68.52708733046326
72.81282145233787
70.25022158045952
71.732554596205
79.74120653265506
79.54252367466952
75.89041436959538
79.9859766688418
77.15178182232239
76.69100779092642
68.96680046097717
78.96766381615191
74.17944729069184
75.73162878260212
71.29642561537075
71.42639490142702
71.2509777317623
71.51853983786243
80.09503111390185
78.61278057579145
70.09075907477937
70.19370193089068
72.15236742438137
76.67092055131788
74.95360225949253
71.21522856672944
79.23973550440402
75.08034803786136
78.05569064754641
68.35312221493298
73.54822809930425
77.51590129737352
70.57733734844581
71.88987271587688
70.09324629238743
78.08701027820906
74.59461212781375
69.06426392840046
74.15792752568339
