3.472194177816154
1.3359336911533903
1.7914959399183026
9.908322103556296
7.819676204457689
6.079094631565488
5.540777538438771
13.064636319177682
8.368519995344997
9.741698017539743
17.283140942432983
4.119452725647752
9.032808736296028
14.21549817066785
13.04006270415567
6.224680526872881
0.8298916159705092
4.730454935201792
0.5132433613553902
8.44426207306582
0.2889375721875931
5.7334044551611205
4.193883681130119
2.9173056094214984
8.404324593372493
4.624159913303653
7.5666266837230225
7.187282072020292
5.142011810273472
1.0124178837075428
2.3112277543115756
3.6449676974293594
