4.473651136979442
1.1911922977064064
1.5442102671486342
7.08461470493926
1.8612986895482448
1.0344678337128366
3.143455165675026
0.5109273110713229
19.092950819215446
3.0354865417533228
0.10105288017414744
6.019236316181187
3.1611020357752517
3.5170149997279205
1.2847583945889598
6.617463001113678
16.580211360779558
3.0979400413616816
0.40747535952855823
32.642082030007316
0.9432677501125912
4.02220478299328
2.719949010054278
13.87550213351078
9.330332950939198
0.4552438249801693
3.80897517090434
11.468566794358697
5.1092260222345
5.048940738576558
15.138914129230649
10.729837541600745
