-4.551236935665169
-7.527949880614616
-6.023927373060744
-3.0166723616995474
-15.068214449091993
-8.656234668180028
-4.904123529340563
-0.08954122423516608
0.5519765384668958
-8.58708899722302
-13.171063333751643
-5.194745389858795
-6.757257305647855
-11.753369393146471
-6.718752886657995
2.3568670457056236
-9.706660801459877
-9.583604756441703
-12.457207444394749
-15.339263489191914
-8.35898756269104
-13.375053832082184
-4.537096586510076
-9.1424294050564
-9.95932468386867
-7.957952955879902
-8.773593739133961
-13.769562555057643
-14.606893584392026
-9.356981968519783
-1.6276991512508854
-14.680353815264663
-7.690549566980401
-13.050709137057211
-6.067024583680171
-7.82468714796872
-10.92400002277574
-12.60498281829023
-12.634975560298699
-15.129853225231901
-10.84361712824818
-7.604307812212832
-10.569110279457828
-11.956739976062781
-15.604477298328941
-3.566728299214658
-4.345215307569667
-9.382523071412857
-10.972852712395909
-17.770116158528587
-6.065948404829578
-6.281653398614808
-12.057782919802149
-11.493519255050423
-6.361249370322243
-8.714051512633779
-11.220841609292044
-7.862781893462142
-4.033475687299103
-2.425305406212769
3.1939082110678747
-7.1364136310748325
-11.113711430056092
-13.664070759567469
-3.9735244145241255
-17.226003717740905
-21.66036095439007
-9.315852010300004
-15.765763630252973
-11.118688381188699
-7.473178037889465
-8.859142800604532
-4.892746596443182
-15.052340909904336
-10.12004286740125
-4.3592914550441835
-6.234509155419897
-16.065288984138796
-14.535282746737053
-12.115748556062924
-10.642577545058051
-5.862941103112151
-2.1438239643493526
-3.53764719013835
-9.902205487794292
-14.91558643965815
-11.79508635728052
0.7885712311602866
-20.414931187216105
-8.964522426988536
-1.5242715595946699
-6.599806699721798
-22.139823474806548
-8.797895903549763
-8.351391483493895
-16.634006130919005
-11.926003366429214
-12.421029814302926
-10.169392513318758
-5.240100331907107
-14.748985701364752
-16.12363523059871
-11.546809286638295
-14.853635696470004
-13.28791991668697
-11.081078189365275
-9.024756820813055
-14.819233546502952
-9.695505161200538
-4.523961418732374
-1.6874529930466533
-4.3377213174881115
-14.662440883418167
-10.193415966544736
-2.788834826131141
-12.561133328695357
-6.986796300630341
-7.408451825781755
-10.96027013025523
-10.054598171643054
-9.58445764684156
-15.09633843468933
-1.271190637019794
-9.876162932572186
-14.068230926455135
-7.373989672144972
-9.440666221053075
-12.496730547177963
