0.1699585170097055
2.1204986776253776
2.6061502099075233
0.5868269936459853
5.1671798712564065
1.4835310371454529
0.12109725058700176
1.4014042117130114
0.523438795406997
3.4694925822157336
1.6541729693847904
1.907947520675062
2.30328779522789
2.482393720854502
1.20049058215784
3.285703527675043
5.12814920841385
0.4627398210209608
0.622957889762296
1.3789614453473225
3.124591645181298
1.972718042744467
3.1652536118552743
1.0507155083043895
2.971150241293465
3.027086058208036
0.8892816043093785
0.2214971767726094
0.8345226700944238
0.10357234015896537
2.7529528315399716
1.5365889254489833
0.7215871641869862
1.660891414235168
0.11720576520805248
0.29944815364913435
0.7074299587433404
4.237412792997612
1.3377047971550526
0.3425874235253466
1.364453645350674
0.012963590666485027
4.181824618695772
0.2967390287648163
1.2240159512351234
0.7270353275380494
0.5067617402765767
2.191260921745291
4.486348516109611
3.261193714271566
1.2960045560701519
1.0074465028505006
1.8149683855956713
4.437771569995673
0.7534655679752758
8.263539159480937
4.037687076220636
1.7955206080344361
0.6523160441725964
6.799352344633416
0.13637184666762775
4.225789238269358
2.9864968782537096
0.7425586150121662
3.0073701769732817
3.043869044872332
1.2333816891497886
0.08595864467961936
0.281990889986985
5.190021088165953
3.436815095101436
0.15660957194405148
8.943402144312122
0.6490026116572815
0.3954120296253572
0.4775828299824556
4.353278429363029
1.8594509093118554
2.096449974948048
2.262649673902402
0.19662619961554126
2.011964521945696
0.7540896828070986
0.8582730502116582
2.9841265959269974
0.6424166796693486
10.373672974953548
1.8667548690430515
1.882734521980362
5.1789975712814265
2.3553232670208697
0.3191253375768618
0.44548786245147604
4.63320490161126
0.8154408473859946
2.4115690217364256
2.0108216768243703
0.11527037977757822
1.4318508425307428
2.2999297069914726
1.2239747931801566
0.1032672335470774
2.3544524193924015
0.5063565394798987
2.3231800698051908
0.2382980988414455
2.5525341747595447
4.710975393525754
0.09485476103287896
0.7473762710247512
1.2034811949082433
1.1393720598461112
0.709214429116236
0.6916177842997576
1.7707212313666663
0.14448668512677654
6.677389309168832
2.916586631338249
2.8839925128840265
6.3392700129168285
1.4878019906709665
0.4607873999506447
1.7798556682774573
0.32412774024108626
0.16310518288252743
0.10176950088361916
0.6507776100772301
0.9664704677112187
