0.9153001272087198
0.11627071945574574
0.21194081745718715
-1.8088534964765044
-1.0217648359959304
-0.3005224564645148
-0.4320734651492294
0.6990696727814902
0.7164739089196582
0.5311869443088278
-0.33047812685492983
-1.2393462096825412
-0.9937191120276744
-0.2038868883857014
0.9792621591934108
1.3131798657706941
1.4232459342217938
0.5106257077461527
-0.4278268249763722
0.09268795014803
-0.9039683581804923
0.4484446666595105
0.7295151629194756
1.2665223871615618
0.16868351546783183
0.009942409167743305
-1.1180912222609782
-0.6740235569027896
-0.248746637990013
0.5311600206682079
1.432955316502943
0.574016699781323
0.14647450131159845
-1.4057099904870658
-1.5565430791207169
-1.071161687825724
-0.10184595043598485
0.652782974686114
1.664899435248938
-0.338248532267757
-0.7518039253239495
-0.9690147732566586
-1.0920614673176934
-0.7661343170070994
0.5198277678984311
2.1377969185780588
0.9863352225798294
-0.09389611387529508
-0.9302628731839024
-0.9831755211572026
-0.49110186134957623
-0.27530351096686295
1.0230260716407757
0.6755080864307479
-0.12386011115174322
-0.9038323081333494
-1.2951144089450788
-1.0582370485548644
-0.05489607326689938
0.5717891785827277
1.1802903969175222
1.2704467612693175
-0.4633580079382342
-0.3494798615997309
