21.86002836558878
14.170198961801374
8.408790947316621
8.356609629299811
4.4494968923732685
3.9542762124136805
-1.3092940258316457
13.296385014330752
-0.8735065201100012
15.027336332051117
17.589883165455042
23.093472425999238
0.9773610136862967
-5.160626799661328
15.742537499306012
22.6798651781275
8.070188918568606
13.328532616461867
29.272690684612808
12.727470743872793
6.492697318120294
6.134002578065747
29.293932538998693
10.11481826588808
14.438429054123048
27.897662453522617
16.76188935731846
27.560384367317326
17.85360351349547
12.882927682374522
23.380398713663965
39.7863196070049
29.028675449599067
34.088965256295104
31.66016631622357
29.728154781799443
19.70571519290032
39.839274956870966
35.94561782341405
29.237115414795106
40.71818170918915
32.86003430897355
50.058429835615584
38.506090063277675
38.253816970532526
42.60135694645307
41.098441533518184
38.40858609009056
37.82700388396666
44.552507251381485
37.753869310049716
42.04378133569182
36.08673705051041
38.281368990096354
30.157121205121868
43.6142421949549
31.611613170557955
49.036956051321226
39.51577220193025
48.458748558266606
47.831546458036264
40.25999095614925
58.839527062603715
47.37666858858886
