65.70332547740759
64.0075116918469
66.82613659708335
66.0970396972676
64.65075492807081
62.659777298286684
65.01044071370512
63.10937492892127
65.03457817487781
64.91913249631494
66.71081620837207
64.15810350267766
65.12335778864136
66.4587965462621
66.15886768640162
65.41276514829656
63.85539884910274
65.82692139941068
62.855402890889664
66.65686564557686
68.72157915326488
62.856424681780545
64.70781679178123
67.34168694879595
64.99146963436483
65.873634204754
63.22980720206694
64.29047416282437
65.56975955215596
65.2683606223686
66.2249113602071
66.3241479476346
66.3508740343375
63.33617073435714
63.25786843133632
66.18191977935992
65.0996586645484
66.23068429555127
64.87806741712659
64.10995663779703
65.88020388179669
64.03181502155121
59.83968683229919
67.02466852486371
66.44442124687771
64.56956633098332
66.51039385109053
62.97567199855115
65.11890548198629
65.23251008156605
63.27552503684509
65.62773649584032
66.0187950724629
62.94770033060672
64.63073549397517
66.73014577274307
64.14170455681707
63.90413545080282
65.20989156461668
64.51029524450257
63.64760190293584
62.695873879743004
63.77566192611719
65.74459932209726
63.591347632616795
65.96094529351906
65.64262764648134
64.74197704557638
66.43898441939427
66.30213682221573
63.979330485451236
63.6028133909855
67.29200745433651
65.12992776696785
64.63007637950705
64.59996804424102
65.21709640840766
68.55173803541881
65.36622581771216
65.45685990359009
62.32306528395765
64.89236786772409
68.58498999387419
65.76169436398328
62.98537281287208
65.37739926948628
64.3550255817635
66.01580626206568
65.76208359983067
62.099798374795824
65.09589625894569
63.04758109252983
65.35007896006306
62.50813971280059
66.94590598702372
66.4137629206813
69.03715868481433
64.62972467955663
65.09517125884811
64.19499130389681
