52.99406622985096
69.42969296735353
39.6070743835298
53.409452035528496
55.99741756700145
47.12157852821724
44.13471237643982
64.04727062530448
65.12222090125415
44.773360693467104
56.75737533234006
45.13421321001499
44.594706664640114
57.056349058074886
44.981412834189015
53.28175791742855
56.61718616671732
68.57378544591523
42.18154520335035
51.18862776869278
49.32960941982031
57.39039066456724
62.9872079631735
58.192999189828
66.24289730425419
45.123329152289266
47.830307142936746
65.27843831742089
41.43406909739027
42.95936381763424
43.48837918941218
43.58584769512029
62.17354004374634
66.82266665681911
67.5567319944797
58.693004993433505
49.61833798340613
49.56293932315238
56.911407013690535
43.33053638204145
64.28333867681764
50.080042237767344
46.5870800447887
56.73886526931208
70.00740184335662
68.99695122606286
55.72930761117396
54.93732588830768
49.089200478275906
60.66728616220895
42.67534656366149
41.44186676994888
47.182041518250614
50.011034208353976
44.15675060659737
40.788337313169095
46.74568620100964
42.369647042906884
61.31225195599423
49.6059830762335
61.413084159035854
49.98640330463842
46.26289696001207
65.88200247092986
64.23163757174524
44.26709542451263
68.93433033617302
45.1495915623519
45.88052005400472
54.57281489880074
46.17799276036654
56.80108082045639
69.70998056217407
45.45221553897678
45.90227095699882
70.51645017260051
65.09270101906976
66.33862022087614
67.77345848092115
66.0689328647968
40.3697069461089
56.93897737069116
54.582408117536545
69.54904483321937
48.44172008209637
49.30808673990426
55.8075547082392
50.721470325218625
62.44397541414865
54.85385867998242
69.54943786141028
52.668723550557424
67.49110955247288
55.84241056695991
70.02022814631844
62.52645644132944
62.92016265738265
44.865393370723666
45.217623520107736
42.02025705823498
