1.2203365121564147
0.23306853912189934
-0.6062108092883594
-1.4478356123625924
-0.8525245939373103
-0.24195189920634583
0.5960788857440494
1.53689114909853
1.2725102473544134
-0.6430373164002064
-1.188605015802636
-0.42458169881658037
0.4342901879358114
0.6872360114351566
1.2015625873921327
0.9593254224689707
0.7313424935186517
-0.5370439041528084
-1.1203996732942918
-0.6408323142153944
0.09129691462654499
0.26754004763814976
1.2852593969541461
0.5401415635762831
-0.9314022394286019
-1.3590471266376787
-0.5369036456844963
0.07631842892822989
0.6814141655735125
0.8696241735741336
0.2698215883674496
-0.31952247962152336
-1.1609820853704245
-1.0714474895305224
-0.37750264373961817
0.025139768303090282
0.986395972584735
0.759908863582556
0.13217025742609717
-0.5321756474065538
-0.7963039808987621
-0.32609560438203405
-0.694177260572908
0.4237064234100981
0.7825952465151303
0.49733581148581896
-0.8681674070133272
-0.7575832231547781
-0.929995168315852
0.29704219619268474
1.1058641270369853
1.1042280481089153
0.4465650293890753
-0.3705423490192349
-0.9597152861866094
-0.6293703943667922
0.4831503287597012
0.8013260876626269
0.8764303446703885
0.3927831648246672
-0.4223138229745588
-1.4293547779654563
-0.8101733932715809
-0.7017071861753876
