1.8801847834479588
6.678211100998156
2.094579765876912
1.5045831000648697
3.9985973880743497
-4.834622413483406
10.030540316075067
4.547797262607014
6.5718219096503665
3.3192076310526746
5.216826465120597
3.2561521591603064
0.4240519292727889
7.010792629609288
-0.4064038726498227
4.87218257030958
4.230495330894925
14.642788831683308
3.8421180560459796
9.967963340856537
9.783180410497694
6.106942793300682
6.508828625517115
10.848113289535556
11.41264856898568
15.291119319354417
13.976053520121292
15.339734008142315
10.785646097583946
13.685473891266728
10.537897047034917
10.31635834481742
8.441317131718304
15.502583985694514
19.086490923162586
14.393055350430508
14.923857005616972
21.76563337391095
19.510616828906954
25.807577760962303
14.847975361374704
8.083718553976407
17.865463009856615
20.93314010483782
22.400225676118136
19.579929171325713
17.261361110177027
15.62904486268398
16.135824591630318
32.46978447035514
13.824468076636869
22.483373310954487
31.092538019906225
23.950739720476967
24.8159302185835
26.28214388317053
31.904488101824615
20.36813522590401
17.970562285282632
22.460199796462852
26.30950084191695
21.617954037996846
23.66041412279572
24.68193989095405
