0.5078096724725194
-1.4559281765626064
-3.624354088390911
-0.6144164329313297
-1.5740124130649704
0.21334459254089566
0.5088292470826183
1.6198533816870144
2.542381255796835
0.9774267597676551
1.132422736116874
-1.36641546021534
-3.3348122934341284
-0.7528700117305758
-0.015852733712560685
-0.19824756512378638
-0.043327109372791606
1.8948853518890134
1.7395536125837794
0.5919384658554843
-0.6563621093162211
-0.5011308429536105
-2.7722712976771624
-1.2160360205009066
-0.4956774497188256
1.3715414076542096
2.103288603594361
3.5497358318190733
1.101062054034062
0.42547310432894486
-0.8999780243480712
-2.443212567257468
-1.4370009630611535
-0.260416547944599
0.27558422719742215
-0.055382357174209584
1.5193499312247665
1.162079852304445
0.7579091440352835
-0.8808049630775624
0.09405082770364781
-2.584450080289031
-1.5997215457315015
-1.3041480761703315
0.4119730087920125
2.333694090160561
1.901590365518921
1.6564343377814381
0.9672954067401768
-1.0854648872876684
-1.1806099019727703
-3.6835526020639042
-2.916484623141087
-0.350065582633122
0.2830872308439607
2.1391114693593285
2.768093850394776
1.903062591282664
-1.47901504553489
-2.269604267793198
-2.81534029947169
-3.980054743491592
-1.1349909019874245
-0.4650132294708297
