5.33256386284612
-0.913127900190247
-6.272289147615511
14.766912247553563
4.436391514138435
4.045930276535742
1.4165356995341138
2.759184689155063
9.808216573750512
11.83237069664542
1.2492411654474616
14.594476408094213
1.8571718846453855
-0.7345437490659972
3.498753553943404
9.294078936026567
16.356809976391485
16.91845462749746
19.64890416695014
8.428833765030518
14.829425468500176
15.219371511866482
8.133002748807359
6.196544826695
11.156206439495874
33.03065566328372
15.587822014899361
31.575664614824355
34.630399371505284
22.729985547501393
29.083698101191075
25.959256819890093
30.562678597556623
31.777367351335812
30.28292260903466
23.399628844506566
22.879922043570467
35.38051623458755
25.060025803594037
25.38223528026687
32.68259568749047
29.595727479775817
25.282589736122013
35.86985007659972
33.814830175342436
31.195975991085323
22.52606252048064
46.430243648280396
43.04294986124763
34.480671689191176
33.78185785689853
29.009328311351567
34.158917308024584
46.48184666328107
47.06131996931495
36.86141963577558
45.06045494837725
37.030441969171925
45.44857952714923
40.35736381412675
62.76239835417161
35.892467113660146
42.83998032389958
52.38117701841852
