29.193393131580457
32.038798242043406
39.458411113202224
28.74143711912459
37.46820113428322
32.76606565891332
37.10369612161943
38.357834972904
41.27933847027477
33.64239262333812
31.731178785132197
29.130420275504477
40.59350285932806
36.1132788723754
40.966844374793105
33.936657262137494
36.64336816732058
32.19274438251379
38.54863970548099
31.771016940523655
29.450159947459845
29.33615633235268
29.121450555131588
38.52639103611908
36.60744149670851
41.739966448436114
38.056967283132785
34.14936063554975
29.069724989750505
37.88336263522617
38.459093769382825
31.475571078472363
31.04985140086382
41.59864120617186
37.88133064406943
34.47894764117285
31.563006178341176
23.39410532782505
39.51017067096303
37.98081443806491
39.341028879388645
28.542404735293022
33.858267640097196
42.38103677745469
29.24019009881924
33.351293483429494
40.55311170654141
33.434121029519915
31.840116219999587
42.244351467987066
31.35228238282069
35.06966359713689
43.3420497999048
50.12961339138012
46.03409131038098
42.67164370851673
38.72424837189732
33.362331061206916
48.19008442567331
41.40564279048335
31.54387705779891
27.5102865521978
43.1882133981198
36.3726592648695
35.0947229311938
40.39173162094898
33.08618287171665
35.371093305976274
32.94545427564586
47.163316569570455
32.75376915700474
26.710629156377593
34.861125816787606
43.12733734891025
36.096247313708126
45.2298346632006
36.629908951616336
35.59792102592427
40.23493090212821
40.05576590238125
36.850483302888
33.102173062610795
31.698817165441245
25.944258853934322
44.90656701502376
27.85770997250472
41.997821822405704
31.649860408853847
33.40372069313628
40.11103233988764
45.10478174823805
35.28923341150336
31.739400374646003
37.85114514280102
30.928055343686378
35.84103182311522
43.55144913565755
42.447909970701104
30.774793685516855
26.024094902770198
