56.521528063601835
47.33021683804927
57.174947519318664
52.04452455366131
60.10006702783118
49.74108452819453
61.72550405607336
60.04478634725652
55.06214286338288
49.4683434273138
51.147531382511374
54.33291109359432
71.49039826929125
68.00077483743117
56.794156307100764
65.48120416991968
54.1380830071885
47.0099500913974
69.05907090450646
71.2986348852171
71.32569873682024
57.11081792350723
56.40752724322353
69.9847557833609
61.16903840035559
68.87564862159384
67.7030840260716
57.954397414798315
50.18358611347291
58.0758772754654
52.966590237313
53.20615741531128
59.19608392288375
55.51205808596902
62.102661635424546
50.59360118236885
50.34902670033696
46.5498894804083
57.18238579392954
60.67088459549697
64.68619898276718
67.04796642510182
71.8151023104682
70.676971218748
51.94439656220646
64.73265065410294
55.79515791400135
60.58184995581217
48.11688607669302
48.839808469869645
48.37493616702119
47.666658177348864
61.42375569820677
54.3506426964324
63.841108761439266
52.84513402647805
66.32993557873314
68.4330681958089
49.81799999927666
53.93073793462237
55.93763918459079
49.63076497435789
63.2276571985153
50.47445815081525
70.09465142597969
47.65979034871512
65.02058632553317
61.66301972123327
71.27396327864577
47.59684470211046
59.062827646683346
52.25086566838101
46.36515487263976
50.0378451210308
63.05610935145229
46.60531390455934
71.19763099045326
67.3912168110829
69.64921012941281
72.23597821543903
48.42032209710418
66.02751813139741
60.824297536385956
63.396035988306366
68.85492196967533
58.59109446238575
71.06968409327892
56.31464206100164
62.99688679434726
60.40093328977373
52.51762887860379
63.3230914367265
66.3172734173429
45.248569075896434
48.375605822523895
63.33386070451357
68.07452828901623
58.86594868282384
68.16317234799376
59.859867645860234
