28.249386498493095
34.24076867071101
35.630027475298704
8.102253867684407
26.803508600182564
20.408046752067143
27.443877339889685
28.077584818066896
4.396677293941735
22.828225025411832
13.714611698283903
29.16733557224942
32.9418589392255
34.78790343370027
14.143942340412703
18.90503583262752
35.31032966427128
18.24164533818545
26.511814734186185
27.26583927265812
24.687827592045256
28.498701883916315
27.037087830150686
21.42599725203824
32.833945232929814
21.66171534582717
32.66640558684951
21.967313542807137
16.8233625403629
15.907503127814023
20.894652156758006
35.58021262340611
26.545417973896107
33.56568692762578
25.571334049703292
25.49288827347443
40.545875349457816
31.96178926028923
20.340606086526243
31.269322064506014
36.70304821346921
28.81889142218109
21.226037032073556
28.867285771886845
23.89730486176717
10.913122891437103
20.450547391497814
30.259754808226162
13.557340142022728
13.851380463643611
9.660936626536504
29.349345617870426
20.651081653461333
11.924100007528121
34.452506176670575
17.34325714633667
22.622278562260924
27.37433655919524
25.79097087280679
30.77046748416143
21.572219072626503
41.74029023163129
29.876471479420488
21.40510687409639
23.493857202709222
26.04323041343446
21.760859720156162
21.897167461150904
17.521410846512225
30.101016972841204
17.333383197576158
22.070782457598515
17.765182658784667
27.127275074853653
30.16689200938243
25.025997446090987
17.078873300558634
29.363739724065095
30.808211041341394
28.099995773578826
22.932917815334477
31.349651931200093
22.871014341312872
29.995448720249453
22.262125097479508
23.126038524261716
44.85280205537708
30.38694049608968
18.32328067155961
39.43190953783622
10.2303198426143
23.26621204676148
35.4789754841462
39.46748982721313
30.94958575957815
23.350138207105804
36.3955459167724
24.89071374532634
30.857053189976206
33.82966031405545
