48.93253770972578
42.29281087468958
43.59703077755953
45.097316700190866
43.659959367491794
50.014198591479214
41.704136567153846
48.64048893727263
42.74497297915286
49.00662303332291
41.10983403043344
44.61968491139222
43.06238797315147
48.12898273043034
49.80929797176827
44.71350087197757
43.84132337773321
47.26015023462279
40.94610781929164
47.380366078709805
41.821105106389496
47.330909698273956
47.522284519449286
46.447575834627585
47.24394501513928
43.2360933157885
44.945156158219035
43.12002912665815
49.25973487120865
44.746478924316015
49.32886161344744
44.80493539566247
45.3489538663046
40.5517450025542
49.067316028177856
50.3439536353298
43.400089446392315
50.881266042386
41.55343967954049
45.400655409256224
50.436416445056736
43.28694195760541
46.20621303828018
46.12108407045382
43.39917260834875
49.87976621714277
43.474475277396394
48.12999025670064
49.75492958964033
44.84810500823901
45.065804363179744
45.83592038870617
49.30209745739053
47.52381789091894
50.99815532503359
42.85234179971395
42.987894102857965
43.92552006128165
49.60942811217723
45.90987411791248
40.487591726478016
49.4882545841433
42.29654687552032
47.585769488751566
45.00572807588768
49.87346868725108
50.294332718864
45.58475675187184
40.30220272393531
41.81670517805512
45.39463809866974
46.922150654618804
46.98263687111303
46.96323181840763
46.682313489815854
48.02048378908306
43.92630169425237
42.69039851912335
41.047323862121175
40.3614019615124
50.554602211301415
49.88244602302162
50.499209200407186
45.00444712770863
49.59796255324804
47.220042130826926
40.676712555331456
49.93651542792023
45.96719170268664
46.08237206553197
40.36876754938798
40.51719902323031
50.104781675404055
43.309575081550165
43.76094090846286
42.089935736826405
46.33429551894469
46.69235124254584
48.991296951132014
40.49278069752009
