21.797639809868684
19.328829121710797
14.85591207551537
41.79070994518878
44.675148215076476
36.39134185147248
14.169988373767199
23.867392075849743
25.53044569102499
14.375640880490774
36.0889011285836
6.834995089727677
19.38377731368622
30.688206467998775
24.426018430542847
21.98044714605774
25.641225102201993
30.575486974935206
36.57461523384239
43.629342223410475
27.10699080970335
23.950213683603497
37.3504064718271
33.830438407470126
28.00794055628354
32.024230345160305
20.863095301775758
39.45294666472722
34.78472821466744
38.07396731396198
22.844124608289132
8.283070170500086
28.97710638504579
21.058095577373194
29.09533067439142
30.606079170261957
35.11096866914032
42.46000009636103
39.083515776106026
36.796746231647425
17.324637672780096
31.163139702596595
19.427559295435866
17.7812250157272
21.37791557423409
35.89486522730815
21.621144523208805
17.456254473410752
21.883742075626106
27.11980090563738
33.108840822781644
21.85670412488733
28.45432108568886
36.47045678645562
30.063950718529604
23.471562982373186
32.74962716230142
34.353262972434166
34.84594840757654
17.68903908740394
37.903787915733986
46.66347911514045
43.95504215853104
16.36195674497239
10.923287508997635
32.66806466757296
17.732403810274654
31.320297338289016
25.256089112666405
11.271864239425758
24.423777204932566
13.886209417253358
51.6540392775677
35.337936729007936
22.164568274410133
22.082178872988592
41.628988894604255
34.585110445952836
36.79328920704395
29.414935346058872
18.504634841790583
6.914974691426259
18.563414770109283
28.68929387756747
25.833529519201697
30.279766813656025
23.86649505015257
17.300983232814417
36.2567601142527
27.832206292813215
18.940940699114456
24.605498311886993
25.100397772152743
33.34932067469346
20.009765898741872
13.734333512113498
20.427612928473806
22.608358871560803
30.444792177326025
43.53386648075699
