56.743342855310836
69.155696257317
56.64701356783704
62.3383661252899
60.73640787635748
70.8902219783996
57.49793889397331
64.92548614384287
69.08470292931479
65.59813285953834
77.4071631902622
72.57814057132816
60.42931048765156
50.060828160943416
51.31252904572152
71.47976109778273
77.07719089328968
60.22070128421668
61.96912347814187
77.43381781658599
59.57030385231862
59.348032939573194
76.90597591373147
73.84936116104181
53.095042094192685
63.77838175473557
70.36194049685655
63.335154666630295
57.34101828580135
61.44342987400384
73.42675094346436
67.86482710749935
64.11626457187556
57.51237551034683
50.943606513796624
52.49779439798041
51.35146064761831
61.1733333704927
58.0478613086401
53.777540113385264
68.2832586492932
75.82666061139476
59.764265946634396
53.075626445929785
67.1491297142841
50.553493224934215
69.4135103640939
76.15154752565738
65.45723862606587
64.87119846276562
76.48080151753274
67.89057607199423
58.306986261730636
59.66861879367406
69.13323763069663
73.68303319721517
70.50222560789072
72.34236173698048
64.08842848347888
57.40503873191515
67.96561357150667
66.23432701165338
75.07424708504496
54.093933645055436
54.45290262563921
54.77537633821365
58.66657583435729
53.88073026004145
57.07342331379296
72.07434698695752
73.86795634923772
55.72511900311097
71.51605775444062
65.37811677286342
60.67699757549359
60.29482202551839
58.574965017306624
72.18588476356305
52.45255584520591
65.72501272169534
58.414288664353606
65.73467180642437
74.58561957591127
54.244204085967795
72.4513052892896
72.4690776258011
58.17713991098597
77.32047156218323
53.923951123561245
77.03712699847698
75.13214660936207
58.93983207993364
72.92059343374362
50.28313449043922
77.00199912519867
57.45390011696128
58.24937519782463
56.16150685324429
60.49209018979914
56.4823930441134
