2.989767144520195
0.0016745261447717041
0.229627182576526
-0.25915004408581543
-2.3228427626187576
-0.8686350943650419
-0.7400343710375819
0.7863111706826802
1.8136045657863944
1.1047871247935952
0.25181604897315596
-0.8172559085518227
-1.35098595330729
-2.0932160333156795
-0.8330844506903119
1.5824388066903474
1.6137333866575732
3.2866433902797576
1.1312406360555514
0.34913207298792415
-3.018220070019642
-2.1460237577006707
-0.9002417672783326
-0.8126338017775044
1.5154145673681532
0.953894843134871
1.9987380773814003
1.170344440128115
-1.423763905337781
-1.1734569848844107
-2.4166219264762505
0.3914933111872403
1.9774305915635486
1.559862918440485
0.7233614624655538
-0.47862537511018266
-1.102272347210393
-2.3540926062417826
-1.3282444884748497
-1.1080447464480974
1.0366385129343816
2.197752378736189
1.5122714729574733
0.598769813433798
-0.3153667788270477
-1.830675076124933
-0.9414720529540603
-1.5974330367191667
0.533400871319843
0.8571932807742619
2.294366567974502
0.40582293290341087
0.18833230630168235
-1.6076053900095029
-2.6164339629204445
-0.6793178589080404
-1.1293017285434
1.3373924568060152
2.4610321412816463
1.9692467689571085
1.1168692672516798
-1.304909802141748
-0.9028675651201247
-1.6031049752749635
