-1.5939192520891887
-4.8121419969334935
-2.6269864757991033
5.914217970132501
1.7720980664657895
9.75036565513097
10.465645623944614
-1.1809126022410643
7.64600006397461
9.712131976346583
8.78009881234883
9.394628062083266
5.829652840940652
11.388555501262664
7.036384599291763
9.195140344949744
6.503303811651598
11.325649031003307
20.861359192092
9.096658004694373
13.000014068565793
10.463796527806007
5.263655574402128
14.320750750091303
13.894977770085509
15.591780326733971
19.826837885054793
23.398458090910307
24.153498918723194
26.328172036354225
21.55117382192542
7.9855750217686445
14.705125969273737
19.06160365686498
25.072200084037448
27.204479632154676
22.944907874399224
28.182081599444984
24.803558320586333
26.20877123899622
23.80351687351268
27.549646786025193
24.346774315430302
27.164693750216447
28.115596853246856
22.0765760723053
28.789195837691192
27.572791846718033
36.123540286491284
35.94292213379052
25.768042125979772
26.610231056821956
30.134911350347142
29.416862407988116
31.642132059010258
29.242606563443754
44.763846679271765
33.52700790708691
18.446360722005434
34.30436255109666
30.221509113396205
43.19269827659929
38.27799068597789
31.266613671493303
