68.35692185294145
72.44909455182761
70.84025961492377
65.02202606616528
70.77990526377049
70.98972517947698
68.4489313551844
68.99029090254508
71.24503657438076
70.13643962794357
68.63799800336537
65.99481640669401
68.07783891912806
69.47073757453711
70.93896147379289
66.97249566453326
70.9082341995239
71.68440367577671
68.49295538880631
69.09946608180833
73.22286075934431
68.43722471472276
72.08731428416169
66.87929493666984
69.59685577287067
70.83129542429882
67.25340558490923
70.67992863853925
69.87840378614962
68.57247020584235
69.60465343093968
70.06241905169117
67.74346347893895
69.32838439396862
71.09602806678271
70.06008395478635
70.20354308014441
68.04786126111811
68.25740062472458
69.33931236009015
69.61769315660743
70.33622544183255
68.91447749495224
67.32801057603524
69.49195165522643
65.70499831796128
69.41047311661833
71.93129173355348
66.33413441767661
68.83441994948402
71.09978756962037
68.29829058108729
68.04113312896602
71.42221290237565
69.08986584336235
70.39699228733869
70.91379247187696
67.53243658331652
66.47828623119531
71.42159885570258
74.32803750144298
69.09730791069698
72.6080487608875
66.94713185053553
70.95875811606987
70.35773415325345
67.13096121375415
68.23793357088364
68.31245200256818
67.91849810664876
67.69717293434807
71.22587828120689
66.28918383365964
69.45286702478082
70.90806200580792
69.00175319967995
66.08664843941385
69.3649178369292
74.94891018584822
69.51257161622273
70.38965946610524
72.43673152585816
69.50838654950182
74.19384427037538
71.93711825350648
66.77789048311723
73.4512253960609
66.732454907776
67.84114760091691
70.50229253163825
68.77487601993957
67.08199342879587
64.29709840983234
71.37341511945439
66.45858368862505
71.77682290869153
72.0516302439755
69.97397861060446
70.49764102918797
68.69710153270009
