50.152959744895455
37.519786709048034
61.81279730711554
46.36535758012665
57.9999598104672
62.517345247985915
50.015625923964876
42.30002952127544
40.09957219850311
67.21650248530922
42.708329577602484
37.751128125110135
62.6404358306809
48.8213029538516
43.53156848005896
45.4390865865472
58.94091226685177
62.8494857608338
64.73142792911442
51.09995356472071
64.61995429234996
64.5745778006291
44.920900004964565
62.313929879271335
62.89861687389956
42.01727933051887
42.712117563146535
56.47054439117532
45.72405415500052
48.88713886996824
59.31693442570614
54.14714652211305
40.340840963232935
67.4351665590095
57.45997201379713
60.2211614729751
49.525340830307826
39.53014845061831
54.593572258030605
52.971882639833254
59.662182361317875
64.73363759051304
60.2702356402929
53.63194357216808
63.670161772106226
48.34010417743724
38.61245159673258
41.79588152324142
39.76316134936218
58.9722575964394
57.3510026984085
39.18882554291026
56.293245516348655
49.91364325700554
45.99779330382291
55.27223759041219
46.208941597648774
42.971208033375376
52.081027552207935
45.43559164130693
66.78290381808142
46.04062787120512
57.51789281542766
66.53136094330651
50.54377306040417
37.82821369464045
50.02081092986213
41.86753265359825
41.65702076342147
59.39701671062757
61.21048556309401
57.77069136611694
54.444518893139445
62.20750125454947
41.623726885378964
65.9015936435809
56.84822674571497
64.16429712068211
66.06544585705856
48.93094513551784
40.23038729875844
42.37994935547948
52.07221375743483
58.79122539153194
49.71418955420793
61.33687635023494
65.50725777029618
44.66891271258059
38.9320746743101
40.70742327594511
54.542020542046366
43.2576278685291
58.716075320760325
65.66623369759446
54.48661750806421
49.16987316434388
49.20940810302801
40.39588340114957
43.284437407525104
56.44100241067237
