2.4638706025935257
2.5519173698737916
1.3515213696677537
-1.4866698202420299
-2.5019463612558153
-2.0131471773925576
0.26846680444108667
1.8932305757099788
2.468307386671546
2.0269543827192615
-0.8525610840084181
-2.1224747214073667
-1.9959931509358204
-1.3782105758657024
0.9754930350268604
1.4694082953491339
1.1979618722867529
0.6631454661460182
-1.6574900239766834
-2.5357527201992207
-1.121321008308086
-0.6225726733231605
2.724543876981356
1.2525510192813396
1.2493678625548823
0.0726752375788321
-1.6305715415225512
-1.9356878907146244
-0.32838361272732175
1.1132532990823858
2.0241847589691315
0.35671406481857426
-0.04658119428967508
-0.8154880697492083
-2.3641731359030347
-1.4027885817667944
0.003755278061169376
2.0221258538973865
1.8353018385229953
1.4640360454630992
-0.6857330744141726
-2.1762282875808676
-1.4651541379949564
0.7855483591103345
1.9657984096211045
1.6663840560500771
1.1295236102261192
-1.4046123818417315
-1.6197254850379659
-2.6480782645758385
-0.9175354645014733
0.5483356097976918
2.327726188910376
1.3053179026183128
0.46217254966509635
-0.9805868185835934
-2.5633376073191694
-0.11821175390924799
0.4740145317603818
2.2605491303830325
2.254300780077433
0.9197191030165042
-1.9734581539013356
-2.506641882245924
