-13.904072385519388
9.549793239230587
-1.3940150414910928
-2.1393419963953013
6.5430962583921355
11.637719952930327
11.174720816467637
13.530734919546674
9.850640383758645
12.034823858301866
16.032412832105024
5.722637623122519
30.899114609975022
5.03066882590131
0.10611084600307841
35.25882227021759
-1.859297401490485
0.8280600718748552
19.80053995249472
9.656145553363388
18.901932466275113
23.975803056932676
35.46105868064795
23.355305028272948
22.55543007713879
12.76406092513997
37.516782946123016
22.838523705699316
47.99834529648423
20.85140201748656
37.22728164338551
43.172301425517915
19.970808826815635
22.730745209460448
28.40455294128004
27.00158705778952
38.93592231186203
48.60733030961947
27.213282360230245
34.717051029678736
47.278869872168016
28.79986844886332
39.21245696279154
53.204898337531034
36.36895333615055
50.17166249883188
45.5132910171234
33.60019739243282
42.952312269010186
31.049295899267136
26.974279593572803
35.88840278431917
50.15957077554735
54.630233935357076
47.5781335589256
44.8474309488408
36.08204267074433
43.82515545629251
54.45447698718107
68.0570497026561
65.7153904025226
59.459742740898825
52.749950136663344
40.51371022864778
