60.405647736858654
66.10758501079329
69.01244922154788
56.43169813423892
65.19979698376038
76.33469661942438
66.53721671727453
76.27144612220346
79.1584633560695
66.92843472718569
61.46055081441705
72.21531537134865
62.017158224679385
65.77513434766539
72.96208907394472
68.72136067725282
71.53074281955331
56.19229625143944
75.86396930782617
67.57136141326991
69.0199002537182
66.70416929115694
62.23216697050557
64.17491340046097
63.44150665284175
87.39878863868688
77.09347147697594
65.52557221171482
69.32390257258899
71.70784381178414
77.40170489596359
77.45821206054167
73.74726893367642
78.08726893382479
72.52835016861575
71.7342251047571
69.02880500948793
73.54102869086381
53.21001049853542
71.52495803029561
73.16367974932423
67.75069670338894
81.98253487592565
83.3911157841703
85.73406241719891
72.0987803311467
82.68928682948993
73.51402767057739
75.20443250266814
75.47183025403373
73.78161535917029
48.753960660973256
68.67609215845962
58.66107906097471
61.77611738324454
70.27806947920487
73.93637412658579
63.987425141136825
84.76984410638062
63.87035046393667
75.74043708868254
73.14620970538613
62.71440495046918
66.090767321362
71.82241772532787
76.14392120314582
81.0680736010993
77.79514209499092
62.155454352522916
69.15384666305414
72.3532381267572
77.73421334922344
62.71835328987326
72.14509294162012
66.18552885248377
79.1240333216973
72.73807679644526
75.81029845951808
63.608740668209045
62.44403731322381
72.20030284101584
68.12807888107017
71.56796498352821
79.43319715858631
66.18512558311079
61.73383521772847
77.1368225514472
67.88329264545953
68.33035085441149
67.74036332455758
62.48611010300647
58.986278388800585
67.58021972286751
75.11372561319648
86.46294759423593
78.6008253018625
59.84184397799059
70.43009921168982
69.2258406820987
92.2884812736996
