32.39194642701959
33.45447234322284
34.390232617112545
32.151064780246514
46.66117005775531
31.996377816494505
29.552351905155387
45.82691986958334
44.47290560521469
33.69376025393535
40.06495410081424
49.61443071695891
33.56977058013446
48.70713942754101
48.42866072750027
29.741259211862566
35.06300515730519
28.925894286765395
45.80461564219328
46.61222539051635
29.05294933555405
39.53779396629977
46.17456661855555
32.00535909184903
42.48810884462013
52.21180636041643
48.29104206569296
47.45782981918343
34.00063902734047
32.08198339861139
40.83089656651468
31.68147674225589
50.35385214936569
39.00356953539328
47.158811910165866
35.436988144514764
29.299779637190717
35.695478324045126
43.67183273697895
30.340973010874553
49.36618869128351
37.81261823544639
49.583599379044315
43.26507012659734
30.906617643884285
41.59879402383559
30.488101041327525
36.256058943208586
36.75838163303432
50.521622902413824
41.605838609656345
51.79491274668589
33.47821110043578
32.99870517686346
30.393457255070672
49.69386726454454
41.953161080095406
46.487816793489046
38.83793299753012
28.316868406599554
33.026879062729066
40.80355565200517
42.65679051760725
31.047945539140482
51.0892584608888
52.47307453944169
42.442082553049374
52.8202512845228
51.67856030516991
35.193574370247234
42.049318491698315
43.46997536014854
50.902614565258496
46.91125167389564
43.362580083885156
39.58840281251955
53.25512464196621
32.83684966443056
50.21399043588356
31.52602768854838
39.133089394662164
49.27067047557063
42.84771045338404
38.8023811042287
38.68429629102571
44.59431443965755
36.888140518158565
52.732477565063064
37.25629305040425
34.91351803909342
48.942565732078464
46.78829131942723
35.74976847416683
49.65883914776847
51.1221533638367
48.95925861893819
33.36387344818303
39.635818137224135
34.80241851186366
52.17028453393351
