46.58851722219462
52.49572890594494
51.84074385893162
46.255552986109834
51.391362995059175
53.0211657573654
51.59641889039783
52.14544175373578
52.97598334622433
55.37048416851606
47.1041080470179
50.47492331180205
51.537470486061345
50.66999281742017
55.729603037983495
60.92093130686419
49.56677227781334
51.268449290071985
54.240320229053715
53.02760506629859
55.79759303158318
49.65710379980226
50.132951124031194
50.43314955705112
52.07629223751915
49.29778082898776
52.38693757558421
46.19476434059039
55.8558989434366
56.10808134536204
51.80705695927664
55.12439456507115
48.577326232265726
51.57851025332336
45.06205309679985
53.77182548637518
47.36643372763925
46.79257693707743
51.02997391683762
51.29345343061356
56.32758873252422
50.865262974941245
54.67368746641223
52.07289717921633
48.999278527487945
46.95706735565831
49.041793757391105
45.26524255491569
51.25639771954437
48.009037275692805
49.4750555039007
49.03187452171849
53.08741092593893
53.415960309334956
50.63664182108499
48.62005314152562
56.202525839938204
52.49128296627738
51.95667254014457
54.56791847938751
54.185282308917
48.0203833235209
49.11609812171574
50.38409721695564
51.43079811439697
52.09983609064231
50.09973776171561
50.1572855210492
49.93950983672365
47.599097710077835
47.744747056328805
51.51966764790185
50.16944768951379
52.03792785968645
46.415647170295216
44.72916409682885
52.48039856339529
53.87233884757995
52.01035918299839
50.55740377192212
46.6544098167769
48.520891872515584
53.92908765581405
50.11268561551024
56.09635520340123
49.60678886712411
52.93474355615802
51.531912720782785
50.80977024905937
53.91468836370988
49.320408349246506
46.176652534764145
49.570767994758405
53.7512620574834
44.3136432010666
51.90529450324706
47.266128792731166
52.3190545153148
53.298115212150634
54.23480286951181
