35.19428368331354
19.081130972882974
40.14011462249114
32.32482412640384
31.46611312475008
37.18626694221716
34.230752591641455
37.832785132778966
43.44182767753816
35.04233427189597
45.1120145080035
32.33582196784563
41.544342271380316
47.15169764565199
31.35279822340511
24.393854470709865
19.817533262609157
51.11437278497638
34.056786523573294
27.94957577559758
31.219096844274333
26.41142702714221
43.5072309668531
28.103700805746165
38.47386393480687
50.50027737149969
26.103417988380244
46.46404082021492
49.66703511779778
33.386011032233
20.527585518493332
20.8765900642694
42.716772540048595
50.08597342991547
37.71958761791595
35.873334262209255
26.02146477958776
49.07709605039424
47.46946134963474
41.32397921088953
24.885394189122877
39.107365698749746
31.583257509207282
33.13605946797102
34.794914589926236
40.091040880542124
20.353900958478498
40.9497877801559
33.75701768852518
21.53273719972761
38.231240584030616
48.795771767401504
20.233444502981094
39.373086985194846
18.24360741590014
26.468627459322203
29.871751362780056
47.53258370236817
31.759747845873484
48.50190822143035
42.50707487187951
46.16442910763086
49.69335073004579
41.08574894960843
49.07988737084692
27.686328892857304
32.44685810670287
30.701579040823876
30.1835390783971
40.68000637940989
33.67157298703768
21.243940232557193
30.409570988589394
51.21932966690002
27.859190584096126
21.513240366989766
33.85956359851696
48.73264927679106
25.10748148077301
49.26250986018793
28.57013825929481
33.11260154939704
30.79547690134978
41.98846612485943
40.872656347013134
49.12171192642734
32.526390946789284
51.37933511468039
26.93782394274041
28.643401207187047
41.842500978719215
38.555353939911235
18.962396531551796
39.968304718738395
20.097247238929214
47.89896307184517
30.274499661934122
43.81585010979752
39.522872067246695
51.84521629253424
