11.482434366604533
32.773160307256475
15.21635181269885
16.11189295993796
32.61462799833254
22.594571831494306
37.68166495513903
35.84221938243416
26.622036601137676
30.80095861963005
36.72068732642343
27.38138209550153
21.103682568109175
31.21886908232498
43.304573069723915
16.873125421395248
40.376113944758146
32.9324083940324
40.21300137855656
16.28837206541926
50.29200097464451
35.5971834296091
30.651543751309795
45.27382730360143
13.887649782363656
32.31612828061052
30.68323913565141
24.06761625213418
46.69984375943495
26.02944261180173
20.978850949601124
38.58176164265425
32.647838223145726
32.048173211827226
32.00359577960762
33.41814085316126
33.69614233262696
39.92135311440256
44.06120258549756
24.034991868725577
38.68378541631783
35.941414023299174
24.9407119640959
42.30244021185214
28.674603626560465
17.356866489801927
23.40353731813331
49.543285404190456
43.05878147324605
18.52442581763703
44.537894485971826
31.14511125898187
41.67197723722571
30.73389157666608
35.86721426551444
30.37200979617406
23.10952869707016
30.160084985366126
32.86448696673553
21.57880622945759
40.45834672991681
34.78847173152048
34.00695314838561
35.5889871368476
23.779940579097925
37.09453638621312
31.39940032300192
27.85093576299186
30.39383204356833
38.11461821992964
42.54286732781449
32.78110131281598
9.705459108366654
26.410595006119834
21.221915924074047
39.26984373557514
24.890866606681175
30.37345907459478
38.282124928644826
22.10210581410653
32.415069361769696
34.83804462001889
30.280836307774983
18.483357397029607
27.639100077147013
28.091670291318497
38.79263048405798
12.445702621647921
34.744476801844336
35.74375087888964
27.94064829650874
25.531379941015715
39.738355246533146
31.980166081428425
23.789746411973887
35.570295488180676
24.8573974374445
28.065864023965254
39.00031137031618
43.398232203501664
