47.89826131830113
39.57166951265835
29.076094708405684
36.577870639945075
39.26577898547889
41.52049410497283
39.068018842000896
45.81369553107153
31.568403356980845
37.48120231131921
41.15956938385373
46.69495612685789
37.039045623232404
48.24667003568956
45.44417442357935
39.28134184730787
48.88561977402995
28.014600668952536
47.59276307504166
47.31094216855688
45.22142287499811
43.42605963092886
42.88919063153644
29.98603953095666
35.54318819657459
51.415499456223145
30.298576011562677
48.2641633583611
50.90992697327006
50.58180750080017
50.827886352921794
43.25054663970571
35.56356924655158
51.278479460638295
37.881803869164486
42.667032253651485
42.685166590371416
48.86600515732544
50.62560478366899
27.94908266482167
46.10459401123999
36.94798200438175
52.13783036136137
32.34969702974418
53.10542663291061
40.44804534044803
46.19229906850933
37.56908855128375
46.58838696543589
30.52140484445138
28.72330495476414
49.35313511848469
42.13292931281981
46.87149470637095
47.78224917374182
44.79504217518465
43.73340289249049
44.7337453607562
34.636708362493465
45.079146500199215
36.73395484042357
40.48146379017847
48.25858067045526
45.28663108395676
42.7733404264002
34.335633574845346
35.283069523907336
29.990051575809655
35.80933862833564
35.79951786244195
28.30272359301611
36.134498146008966
31.38941000152275
36.91821577067825
37.958135257576295
37.857895035191575
29.511983973616125
35.55142734265559
46.93970572812476
40.8007794251341
33.92326768902032
39.391290892536574
48.034005857243145
37.89880720589709
29.623150803607405
34.492337269557794
34.047142903171846
41.57018350766124
31.237377586699793
42.87865654302781
42.5015871247724
34.0634626942935
36.79271256804441
39.175226777606355
35.09887942405442
43.54090847230739
43.872141492628586
52.98107140344182
29.998280913030516
45.74795493318551
