33.32532078447332
34.60095580375404
40.468404882919145
36.180766481115924
28.659893781384778
48.351036708726525
38.440212865137845
36.173590710216196
44.41322230663396
30.690227305066056
14.302679667870144
48.2892958327681
27.341903182322508
31.54515483752648
34.99669011195455
25.915708691873274
38.290888585787634
10.058335850298054
44.02541749047125
33.30459705921856
38.94947509906646
25.435861715494042
24.575317015235974
27.144442065573738
34.67103414002976
39.57671710062752
43.87113414549208
26.226200747418158
30.684424075375688
39.732319840856746
29.958629819160087
31.97508785765781
29.50378667421512
31.737201431383998
35.64246499960674
19.66249495216046
32.79766870516862
31.513582089880025
22.840809882850216
17.769557052413887
26.46253157903911
28.78528590111066
40.41095723432209
35.33181844409084
34.650750239085696
38.110204529184564
45.35129851015636
24.36521142501198
38.211618278819685
25.006495845668002
31.69446290818662
30.157295327945583
37.12187718589771
35.39321793365788
55.31471991534995
14.194932021882693
31.957974310779907
38.021259735330545
17.58729886672294
29.760769782959038
32.78590612525401
54.45566526866919
42.993477830499785
24.144124182585678
32.4843718688571
14.552078780397796
22.881752181917534
8.329136990815982
19.980209938053406
24.02930098331251
32.97533709218952
21.032712140801813
30.630050937510482
22.411823675759145
22.92859532359146
36.4470487730681
25.229686606530258
5.160702977052605
21.247298331411017
37.187481312186584
25.85335399708469
33.266940691027756
24.610297796055626
31.556807620849455
26.835865619919964
35.04160888873695
34.35373436892326
21.62803311536844
23.60244737809691
40.88148855628668
38.929966304900496
24.638350013551786
17.644432654411357
21.462655588453913
14.474681684149306
29.516502422209303
29.527491290794167
25.018245280492664
32.130370449749556
24.094107325460346
