43.07822658385615
46.84700661095427
41.3825713185236
46.90454973107569
49.9945012041691
43.11738550899712
40.80273844656588
43.89717691680041
46.52276205919621
45.53039235175088
42.7291540115098
47.16967280064723
38.99973440996795
41.450663701484935
39.19331698094618
38.43962090820475
44.866890343923714
49.081268634225985
42.73894978323372
49.22061730953261
40.309267260342615
43.558558028350326
40.8398695019939
49.66839627626709
40.492825762314105
44.61440715026326
45.31564020215881
49.18703628173529
44.77357134479388
39.87332685332448
44.4776894806076
48.37325789240478
44.544805332064364
47.31385468817711
41.71951091048003
42.745678245977295
49.74048769574133
42.45397062853503
42.94914632693024
50.06412706991931
41.65844628010609
47.11643952166111
40.44611510890133
48.53494660443859
45.90310755560333
40.72353045332365
39.91712760433241
42.13754844145037
41.909661421973325
48.74438746401629
45.107063857326196
45.544472775551185
44.35804673331439
49.51483450126301
43.912542660079886
46.45198513615426
48.46402340587542
41.21260195256224
46.044275237633485
40.464176528321566
47.033651355856705
45.97994666619767
45.58865247703488
39.8049666137964
44.69732057056452
39.180559035826214
46.03533196679302
49.32095832744401
40.203046677815166
48.01673798636844
44.46772059407915
45.33101310911987
41.96710007544087
43.263899708068465
45.65020526426888
46.26569670274071
49.703687304872005
45.03941868061004
43.47754517338149
44.601852839979564
42.411658991894605
43.24345281076202
43.45648400364681
49.52454683688155
41.39067946280458
42.01013070555734
48.77401088884278
49.63286103681912
46.68741760890747
46.00838143026348
46.424525745988106
39.89226706693265
47.31631993956671
38.987720575435894
49.11045031332114
41.35015568843438
39.80923725314824
46.32792915155641
42.61204631584648
42.17278818068976
