70.42987651934541
74.91185318797027
74.59027526967786
70.46168938931355
73.2516077653034
73.39166361063442
72.04608483695364
71.29053704218923
72.97649050413784
75.78873003761552
70.16409274484377
73.57261628947063
74.29257404223839
72.6983178160213
76.56629154167263
71.25705021716209
72.18952128782438
77.36950216061348
71.98277779657707
69.7560966292145
69.55046904464054
72.10897409294542
73.77464483150843
68.3833882614771
73.0536370764476
72.88441237280917
71.70702246788302
70.71901460449298
71.99306945374178
72.04618479218838
71.26657514731735
71.02310594509649
71.55772833057038
73.34330063584672
70.13513855590041
77.72387901458673
74.62476146609121
74.03885824876772
74.01568546889486
70.05231012338805
74.94183816436966
70.72269442631104
72.77807176615146
72.23802671861571
74.03559201490637
77.09145280915666
73.66364038074599
70.60491915594
74.54737400446035
75.4196456149154
70.29433730200932
75.48400137624921
70.06297628167341
73.09015710170505
74.72217829244941
72.7969282578596
75.86866163810629
73.65730483739858
74.52730928085609
74.02083158801446
72.10504836967789
69.57725055376527
72.79183196757155
73.06365700153229
71.34467916400818
71.9171614526812
72.01009771076501
73.9910806430751
68.26238282076054
70.5074778460427
75.00551022569978
72.71882090720452
74.81196179741016
71.35497157992957
72.95144672984947
72.26921343255074
69.46170332788067
71.09702540856217
73.57890515855804
72.00515805980898
73.16776602199172
71.15350385593179
74.06803315508071
74.29041711405988
72.16745318666543
71.50089873903991
74.73934303272249
71.7482331319507
74.1858940440581
70.28334491018722
70.30400795819294
74.55505553761252
69.96247842270706
72.84845612505868
71.476484801108
71.39308553074439
71.4916601945098
72.24032885246413
71.15770097093959
70.13776711750936
