47.19998279305159
47.412476629491806
54.73815879389629
53.95875091707212
50.778648986710316
45.78887933465092
47.9009422623667
47.979522239588434
46.37890604772565
45.580389756289954
46.05063792760281
52.07300034987996
46.667004434603776
47.53796460934287
49.381114441545954
49.463423029818706
50.76766150613776
50.25754430550113
46.05457981468342
49.16837494934095
50.85509884517674
45.65273173707056
46.16851446508352
49.65855015107758
52.30841859115269
46.127084462098985
45.985382754023334
54.790837564857355
53.80783725400315
51.33115734474915
52.26295558408156
53.35668668437823
54.513009950645824
45.69150391360788
53.83186520633578
50.97660110781389
51.79366244031756
46.13263345122718
46.167803830444335
50.1501986194253
47.211440721956244
52.76676089222333
47.352589484980086
50.4231967316011
51.52227568099957
53.072825024813305
52.02567937361167
54.20084771432552
47.58126908667955
53.69803724971467
47.69893921968261
50.23927104329781
49.90087303396296
48.38600415039784
46.39813062379273
46.740183540283034
49.689200279939975
46.05587067511024
46.803254293486575
50.26284188593688
52.46291355887682
53.44513413145985
46.55582583017567
53.223101940023355
50.334889083060176
47.37951993267286
53.40432081213254
46.893396492740756
45.63456588182873
53.30777400160348
48.74839560914923
54.40866205873721
53.92211322128187
52.52326338664546
51.98322163308697
46.433437189481246
49.18569908619523
50.859275562437546
49.69742482641229
49.22424220831677
47.81985655616415
50.48096792484647
49.358752440344375
49.409741280596386
46.71239886923006
52.670485550912915
49.742523177227625
51.230944188985234
52.21776655411744
51.99251136288452
49.91478561827869
47.80805110027076
46.76100935981031
54.17746563790033
51.8666505722507
54.56009145043483
49.34047969732731
54.12775626015926
53.445173523244556
49.538003345777625
