3.168097317301304
1.1942478185263918
-1.2275194633284197
-2.6432853584825313
-0.7582978496737572
0.34028718317896134
3.0649444401698656
0.8072800581725204
-1.0770297625144025
-2.097634961450458
-2.3220840571016796
-2.5849724950096906
0.15377982753839392
2.230404886279408
1.9257170566030275
-1.0458782867081113
-1.2807072964354176
-1.7925412463801278
-1.8559283819441195
0.1948187344007728
1.834262698477799
3.6678407531088526
1.2065805989342715
-1.5169244406295141
-2.527692001672997
-1.043649978891754
0.5566163945248506
0.9280181652022634
3.222320194618991
0.536039061891457
-0.6147197389991825
-2.119937524588267
-2.459313970833516
-1.0326904458503612
1.93084706295864
2.4778146582442235
1.7692834559126984
-1.5306708441644798
-2.200373709127498
-1.515857509886372
0.8743465733786462
2.514132978800854
1.1861686062622558
-0.6243315744902191
-1.7230235545480679
-3.3701573385761914
-2.834155813696945
-1.3305384855433404
1.1051297603575005
1.521574337360481
2.1545911877103743
-0.412984538767327
-0.8019530076151398
-2.342504864660466
1.4512069331185387
1.2582960715718756
2.979629280310011
0.6232740090168051
-1.4636822574568675
-1.1309476106682144
-2.4964272841419626
0.13221696590354154
2.5778736927034664
2.630148309711169
