-8.464912880356962
13.5816245459001
-0.6864509827428495
-4.740362490610779
-0.9005883212681862
18.073686277345388
10.17803520400965
5.627945903829989
4.7518546310589365
19.799195644158264
2.98453820415388
17.743540744000782
10.46570883987656
8.46876133935093
-2.1697573681713322
27.08024818634314
-5.9751236316208445
20.404184048661204
22.452386265374663
15.814600589500177
5.492536074338428
17.826373650230998
13.071389183113268
18.589821006531988
24.828098002525614
9.913709684397597
34.058984738563495
20.778211875683127
36.719622387532496
31.65402120927538
18.870978556885063
34.659201618343076
32.28602484344073
24.671813364088788
15.180288145861525
19.49619564784075
39.73362638118868
51.565859215012665
49.078843203612905
24.827290877558514
26.73255309848966
47.142938163817746
42.90435091335319
31.646426798816677
27.843376529118068
24.18607344936059
35.43682196200541
37.558058894574266
38.266380212852525
51.52444357877937
40.877401642892615
44.04433439403176
47.171809701841006
49.98974224515609
47.690422562354
52.361523812776966
53.620985582406945
54.20593884415927
45.48954883230796
50.92013975003307
47.3878609896292
46.70549867817529
43.91906742878224
46.808108508115325
