70.74744987551067
52.7282683292223
67.51515564137522
48.09218944289201
67.86267025592082
59.70899864902233
52.88935071897458
67.69550698216139
65.67299390605076
59.19846540011485
62.652520086883676
51.26209990035518
57.26232178710402
60.39972080012454
70.12093454968159
74.38859729630411
72.06884156766893
57.089018996595684
53.94382659111075
65.4882067445436
51.37961239628962
66.06291198895018
54.082023663771416
62.83669696434826
67.4851112409586
57.10088050077594
59.05188000211533
59.76030357497003
54.13184227665698
60.05511704486789
66.64866479808583
70.59862693167078
49.903256416054646
62.00122005056928
69.23834565411512
52.295893357823815
58.12745037320331
52.17856954289511
61.77674666259325
66.84585956403785
74.77305807642303
56.221198187592165
75.44901695845657
58.03522191256133
44.81026606826224
54.85259129692036
57.66420335319527
61.5879015685275
64.66292296895602
65.6094359190184
57.87217288183349
56.349228700047995
64.167236614997
64.04263534834776
54.40174310927748
47.749163427907405
75.74624753303645
70.56619275647618
66.39820147065743
56.322858159670446
64.68446783837798
69.71540422216819
57.12211049894806
67.57401451481215
65.76675100967925
61.44518071554981
55.58818816075912
51.36379833841331
63.17589483108181
59.62298214504318
65.7955850555538
60.349864159735475
50.9442430300853
63.15940193805694
61.39519510350443
58.08853557108449
67.9300199354073
69.40472129897891
61.9296374355317
64.34494014468284
52.212677144099025
53.069636886013576
42.48875231567176
56.05735111558568
64.98159024184864
57.57446652802023
52.5376120237115
58.1975475857545
64.60683358086034
50.32877859197059
62.68861722337165
62.85525962429917
58.216630873059415
60.99277127753331
68.39326333967429
61.95744459662354
59.49955643703252
64.47007136461676
58.2809644459891
60.895587334639316
