68.24893680520853
68.87151997597796
60.75597015127349
71.91809637595348
62.43196113593831
68.43076870940877
68.76049456713903
70.89431385164963
72.2142606434715
65.16083387411315
60.23282436250417
68.965608822372
73.72015914294198
65.35120139971464
64.72876635126141
61.839759862291444
68.64984559219931
60.65297281154655
69.55676531985816
73.07791555109806
72.54617089053524
67.98672900029541
59.9882873067829
69.91551973078055
64.31349309330494
72.93443661510169
68.32220075327693
67.73993700083093
62.47326440973923
70.6583642497449
69.68199028680667
61.2416609586861
64.216896913811
62.892540340144635
66.77794364042953
66.91272268726922
68.2295006449622
62.77698148929493
68.70460594034817
69.73501959058277
64.55306022681498
62.07339967897454
60.17919345483565
67.2912078633419
68.18889876001643
69.04936709693807
64.45320834181956
71.63422947028937
67.51356646832201
74.86679564801751
69.58824809364287
70.38157733925962
66.50589032781525
73.78859022346936
62.79639610820905
69.12830048602093
60.82567982228113
68.48899744367682
59.82803197766371
70.1523832183012
67.56423197936867
66.2127708307857
61.81182539965458
65.01068978758985
68.60569787278206
69.39527153001572
72.44385311922575
69.00314661355145
67.72342898058301
67.60918683306136
71.63984495318067
63.837692756758614
65.74658958281675
61.60639553955463
67.58252897247466
71.4904256370521
66.57624507572098
62.2518105635401
62.98901144483686
68.4453518452498
74.93474383752115
64.83670577154214
62.79390256066059
65.4284821149131
72.89615045002621
61.44374361455953
60.52344012039728
73.31347756142013
72.90950597299462
61.62354006266145
71.46875769782615
66.69740642564594
70.11635810023594
60.24165454892806
61.34635986281456
68.56719991611205
60.63531370242922
64.82300294256163
72.56827977190517
67.54796578637637
