6.669498213717835
5.364584354447197
1.1029371475171486
3.4519228565328843
6.2469250871142545
7.539059791832413
-2.503092362619668
0.600789703976927
-4.825308179269879
2.6498696607951415
6.184758909143625
2.524492653662155
1.2554205495827366
8.625795611403966
3.132215054926348
5.966474539855115
9.138965517634752
0.537177660481094
6.9501590845661045
2.915832502163058
-0.3984352709870178
1.8067113530740824
-3.181412144673147
1.4521022738421656
-0.5400604498449493
-1.3172226010075643
1.1962197986095382
2.435790245781083
10.902480615439291
8.847844050788739
-0.09977895248968682
0.17044530939153013
