8.814538679906411
2.187795529808217
7.104155550979668
11.721134304586915
1.3738923352797467
6.3048665410144356
20.442075736031846
7.360838482101179
3.7450558750326293
0.9943126621263767
0.49065806512682586
3.0784650291356024
1.3325404111761754
23.214955151610663
0.6989659281003286
5.625938283597652
3.2620317442556357
7.840724681251043
0.9311714195728514
3.8471059512821593
2.6146625883517407
1.1871512945745035
10.132831580860989
3.2536147083191995
1.1461090918722894
2.60387415436501
4.669371851193432
4.6392000863569685
4.978680511060721
0.10741176882808494
1.3270457370056579
6.235241792798388
