0.043006889601322484
1.4686311249668984
-2.378415608792693
-1.221730812218527
0.9668422487276931
-1.0415735629615068
-8.693243918864779
-10.749833466376378
-4.783420068218146
8.893545765161207
-0.9137751337392255
5.216896054623362
-6.382500105146352
-0.5004832418878147
-6.753165674781689
6.072380691590821
3.7558721057310165
2.754261296069128
6.242618395274877
2.6156236297329007
4.195446036655843
2.1676243827782153
-5.913477878481666
0.5892217968455363
-3.7265588899461957
-4.071303070183474
3.70034535070731
1.994219263951087
3.5769716983066835
6.170382764139905
0.40753304789547207
4.983906131422504
-2.663268931891649
-8.628039317752561
-4.174420393186828
3.633511781897081
-5.9332294891795145
3.990149036123882
-3.788643646867299
0.7105830447551138
4.708614151090384
-5.7004868049691115
4.090496100526729
0.7752227227693977
-1.4838371418583551
-3.5509712277473886
7.3087170740709135
-2.6690976798738206
0.4474028054307885
-6.3603286270615325
3.9041276437278527
0.1321081636761321
-0.3267637178307776
-3.733951804963265
-6.875292284116832
-4.052448702463175
6.23803989752306
5.767730045563831
1.3572998369784517
-1.4247559705915482
-3.658634079702783
-2.081721169801674
8.316485786646592
12.696288492803047
3.231649072824853
3.152188474978463
6.537435979132005
-0.8214567444463146
-0.27242319971553197
3.1176680460512065
0.096751985375366
4.400058466060933
4.622719304061695
-4.500620577697493
6.430368707786414
11.132757993956979
5.3021694933596
6.968039360311785
-0.13414983292076843
-2.0208625539113583
-3.3458405918621805
5.896147035820419
-5.959464362498219
6.42616655785587
-1.0729106791675713
7.181149881724494
-11.993206936446494
10.416477760757058
2.1415312742633335
3.0305435955213262
-3.002430220516187
5.127404826195448
2.041434040593159
1.5158556587770526
-3.751586094954079
-5.882110987510334
1.1377175546026443
-5.57579439283319
3.175937795817291
5.01903577307911
-2.8664161370085477
6.008276934940218
2.3000285290631752
6.976697414153963
-7.661956411029397
0.18466207624986997
8.82403380713068
3.0911287556852094
-2.662678873781988
3.4712975642290185
-9.021668115241052
8.429559134602474
-1.598613343881139
10.977965212912132
-1.7875072688662028
-3.964583811640013
-6.021271912353174
3.8986773800293584
-0.4529554411157939
-0.8061978058929704
-3.063560066910674
1.9783195630217127
9.265032384741877
3.3978333142902355
-3.6722415105967547
-3.069031171315298
8.526014001786715
-1.9280629744697695
