0.6167049867170808
1.5225431595577876
16.327514871542174
0.6530571848392343
0.42879665542613826
1.8413125402369404
8.667802324510472
0.9143285209716103
1.891744794637679
1.0109989823580248
0.3390470860539744
11.792997127175358
0.48881566440731167
4.562302746711036
2.8398030369656277
1.5515722149683215
1.7667181729276253
9.608897574159553
0.38816017115508883
7.07422702823491
1.8310624300429739
2.2430309613977153
3.001274731180705
2.050802056235965
1.672698064151259
1.8179940417302978
3.0775834146696557
8.797164565716873
1.0195780064858304
0.09433918320771797
2.4527882583787486
2.779932163835002
5.50029873984651
1.214441704565307
5.831991987303632
2.986731069138853
5.849841209160699
6.226458438762289
4.178732676486931
3.998483493643826
4.730106549552569
0.9338118755768501
0.46412477889527115
3.874408672165766
0.6260922829090202
3.2895553006564207
2.6780767697264904
0.4701397364106962
0.2493280075930975
1.9879856644499516
0.045585820752027516
1.1129032059578439
1.116253621840358
5.240039600975677
2.5191731899594116
9.219310709336753
0.20435235000892388
0.003484376640664694
0.7439021449897716
4.405678925417122
1.6730820297179587
3.2642918847787183
6.07150896353857
1.5870473372612046
1.0488419869557348
0.27457181264162905
10.327474889526098
6.073339872885472
5.147317885501037
12.773255645615416
0.39334093869688613
0.16719262244505262
0.8223378364860783
9.704775644914157
1.804447174546637
4.1623249028587
1.0689663146518225
2.2905090937388657
2.3856699809525077
1.9694861052236836
0.3347527984626399
4.502631931435033
1.813766853830509
7.7575281295758645
1.6292402018968646
2.643233411548893
0.7349364270422797
1.129424971469651
4.917290992514987
2.018870338192153
1.1356217379577485
2.906850663467248
1.6766412819831706
9.507513721731081
0.5976091124404239
0.7694452330009189
4.419218417493791
2.7391010751122242
1.9128853764451854
2.281048543094918
0.7556908683735748
0.4518725905657603
7.51912762848607
4.964817860185667
0.4251942084824054
1.4111983627824374
5.581201897449999
8.9015977357038
1.6818234557918248
0.8549962862496547
1.122465049649388
2.8241559106725678
12.97053931985717
2.686103300530463
3.5287698648857497
0.5200369855607216
1.4481196990258391
9.562553566181125
0.9504110708749312
0.11997143571869133
0.873425513589926
1.784427238209495
0.574249665258997
1.2278318748861674
4.563189085300505
1.7448088193541158
1.920037573440017
1.7141577805175294
