0.8590722946811784
-0.24495540272101268
-0.4479731919072447
-2.975017158382232
-3.021956786816091
0.3929783028223255
0.7564576353493013
3.1146707550257435
1.949286776688707
0.4245206660193165
-2.4420415520222085
-2.167923391047449
-0.7668469457570366
-2.035999501232914
0.0009668345496274267
1.3790280458216193
2.5724917922721775
0.10419377330331692
-0.7179488514690255
-1.0308131677663521
-3.6051870845538807
-1.6918318521043176
-0.2335961404268539
0.9695336949231763
2.9772730519841195
1.9650825160455987
-0.09048324343202345
-0.445920574403762
-2.620427031682937
-1.4178942670122563
-1.4693957636775508
0.3060721565677422
1.519477570564649
1.5412698288442896
0.8598484337802499
-1.4880625979775526
-2.9548679853711253
-0.8953563494339594
-0.06480566224250528
0.9717148203794218
1.5573124298312448
2.365646546899563
0.3040499718148011
-0.4341131793633524
-1.824545170007253
-1.832015744332973
-2.4715684327463636
0.5710367249175471
2.547666608659985
2.4462556949228915
1.873801330789719
-0.10652993400685443
-2.074241618491053
-3.3912699937265365
-1.4381211657494388
-0.886293779168764
0.7485591769369573
2.114689919517975
1.5568586823912551
0.07974403778169756
-2.103000249455996
-1.8196684271938917
-2.2379057359356316
-1.0427892871550284
