14.171243524666842
4.962164577313819
7.311720180980554
7.0179835054868445
14.766276990080128
8.424224326311107
18.16832869861639
8.255594153137944
-6.590969261415994
11.111473530488986
8.08697731828098
26.848774449973913
22.808492516975956
15.795335682402351
19.75944671327721
23.041255455336152
17.211985319441304
12.384328696182056
28.37264558324872
32.74530463622432
14.459910312211559
19.829658014685688
19.91876049250748
9.558777795536578
25.043303042921963
13.568877142583002
18.06241932425778
29.79652455608528
18.353720887082407
25.32055836531549
23.681251197048013
28.149478116128645
19.0675206090218
33.17978962722098
35.95147286222349
16.447822302952403
19.774346827557686
31.983457648401888
32.04740702662811
27.103250157296298
41.39842348394652
28.34755790579359
37.14466882886038
43.88158448671941
24.69401388297145
22.933963152858144
37.79564249861385
45.32987996772666
40.51005557666152
38.17531324832983
37.92933906901698
29.76066786526006
41.689288448032315
42.25354908848324
44.21339053015999
33.47567226042808
36.514397983038116
36.83926295217075
34.94158314716897
44.008780992308715
48.66752374608568
51.79994813051752
45.46499635507289
40.46738256085655
