51.541957118209396
52.222692809051324
54.114501842915516
50.31104438696695
52.49831590075287
52.52798702617775
51.72993728413286
52.25639657545836
51.443996754638945
50.88287045967897
51.99048905645976
50.980896155650186
52.66000644334684
54.34744448206769
51.36410884238601
51.92571148924547
52.77477453440261
50.80725173739534
51.54163325003214
51.36854119918635
51.21439511007911
52.191712984371634
53.31490258830002
54.91234712251105
49.0829320153928
53.76754089196204
53.07785656976923
54.92805288668491
52.6615795404094
52.555257722183725
52.12614604799451
51.49267005443053
53.07447267867771
51.47049459867586
54.0109299221169
52.54493170282366
52.51747711567676
53.35356622256939
53.44509668027467
51.17453814504322
51.38796836396333
52.4658217900013
52.27821721952531
51.7274884813541
50.3848268249887
54.96390203162817
54.46695520507561
50.77655972681291
52.252650727867206
51.809509401118795
53.55556738304859
53.37187583748885
51.69938781639035
52.05399741715499
54.20789629078896
51.90146267425165
52.91806573514758
51.26281912966245
52.99536402250868
50.33603290628811
53.26099159565754
52.462760395418286
54.1155940333501
52.5009730206532
51.976849120152046
51.949197040486695
52.38422501608326
51.080816808097616
52.93247413718969
53.72510244158669
52.96675205087019
53.360003271521926
51.16366095110364
50.64763968606876
53.56481949278978
52.243046363926716
48.57018395119108
53.18411903822668
50.656160050628955
51.09171072580189
51.211575806612714
52.49662821510437
49.3954689687643
50.59047427949343
51.078374614369665
50.497587956436575
51.718127994584144
50.48761586770593
51.840765526423816
52.79349999431044
52.46974983961835
50.98137652873904
52.305084791638855
52.49290754517392
51.792597152236866
52.0186155199268
52.414461944542005
54.58878096317929
53.03372877477979
53.74705869468451
