85.50630535902953
72.72262453241389
62.80575135720204
65.05318697326763
87.7563459927906
86.81715566330621
78.03140669292583
81.31765796970544
76.3202396131429
60.24058819522744
69.48262377828321
88.22837755756333
74.10960381064419
68.82391327832727
60.338752323741815
74.60400133800299
76.97851192182613
75.11795495904742
88.07203720663081
66.07358786540411
69.60603481164725
88.62420116779987
76.48740430679425
67.96847383798438
78.21447337688552
75.83483380123052
73.24542970073783
79.66744181387337
81.41830744709202
64.76177200466987
83.78962572813441
77.62920181213828
82.50873071508278
76.31973858352836
86.62011065271362
87.80421126594149
72.25211588035793
80.73840742029861
73.33080605326528
71.9954287082437
62.86119103934371
85.2129904451343
85.34416609991074
75.23973451284357
73.15651790439131
84.56080414509995
60.46044379501505
76.6077960874531
61.7838543458299
75.93681180796948
64.28439459585893
62.37826065849804
60.58175248909194
67.4052450307427
64.1767429819472
88.68589058951571
67.70604395205643
60.799191308680626
60.73210220298919
86.07758821895355
83.78433474303066
68.6436917776359
74.67949024931858
85.24503847770276
80.7820483812576
87.78874314916794
89.95417112315339
72.86152950829539
81.14105335740874
77.3538991146966
73.51449570794185
84.86834140426186
71.57468451443034
67.52855114041502
88.31179262674662
87.51549625227295
78.62100993172983
65.90139021377058
74.19065105876463
63.09242290671564
83.06028138262992
59.27204744918834
76.01093782211643
87.80239532476791
58.927194956212105
68.52770089086638
83.03630358819717
74.69722580160871
85.50884374256404
72.77933723743071
89.14082476443483
58.70032127845145
89.91124120403194
73.14239610493982
67.19935566316252
69.33819121709142
74.20173038233116
79.13325672389712
60.86336072623003
67.90290381103259
