2.4250834805910904
0.8265017474044403
-2.0576553383887783
-3.5221078815438953
-2.1446209434291843
0.32419749535896236
-0.04914811169936162
1.7331282607360445
2.4039334604879334
1.762003739739233
0.22787850982896085
-0.15279947857352916
-1.3673405600329516
-3.0958383268520273
-1.4819036655323767
-0.31256976305291345
2.2794946104629643
2.265441365101835
1.5839076089670743
1.1755680984318708
-0.6479283241775382
-1.3067837725608695
-1.9985354890473848
-2.483965807078107
-1.6845544442787392
0.33428765069807087
0.3943980934590391
3.3560578919471586
2.0451471874901164
0.9348958640531164
1.0604581427199606
-1.7638556807405534
-1.8574413542129404
-2.6381688854334793
-0.8214010458054918
0.7809231108497543
2.717455299952881
2.2932575359878893
2.418455191854547
2.1203008192158337
-0.7330973451149749
-1.6523683169615089
-2.2681920559127424
-1.4301645427975584
-0.639309295643156
-0.1745735114244774
1.9890369624432087
2.5384254384632343
3.0068675013767217
-0.4642290496518433
-0.4781938956063404
-1.80703812632549
-2.5162367608989933
-3.1627024664024823
-0.9920463167816465
1.7873674192135731
2.6051099752856204
2.16833525940328
3.0085683239794863
0.07844157862339869
-1.2820358542640709
-1.849703913876849
-2.0826844085210765
-2.936141869507173
