-11.157031571471558
9.701408971291105
5.867096551623308
11.18910644100555
7.613230383751984
0.06699869891914512
11.246449104576662
-2.789141942294439
7.228284840585232
0.7889330940061043
8.185658526518733
3.477684057542063
8.471316673040674
5.383535970178904
5.429451004032572
14.593350913448866
3.499357648749972
12.181758371389225
0.34379125618725226
5.189514938011306
3.407949019659794
6.230845136940212
14.038154330664108
11.582286243734602
20.779366750839053
18.256776989387703
10.180666754138535
16.250625216337887
13.609399768121243
24.356548977240465
13.870684927389979
27.159505152786245
18.86726341314649
21.10744497089381
18.022881190351633
19.515243999285996
19.08879971517236
23.29674479539061
33.065914691611695
14.396764284774509
25.8390960327644
26.203189016251233
30.22067825706052
31.16924479786045
21.543787602893634
27.292314180325324
29.44966590098019
20.326417482442654
29.22101860999614
25.64458271617927
17.40720843360904
20.454169450095712
20.85625525451603
22.000287390431073
27.771363842484067
25.111594000405887
28.45393590891656
30.970268441639845
25.44888536330851
29.830711126903697
25.078752327985622
30.23641992591933
30.598853426096703
35.43727763478163
