-6.1145270394548525
-5.420142853632871
-7.349325758633535
1.12298665748708
-9.634907460889504
-6.120858038367466
-5.627619666557698
-1.2800142195006283
-3.505863959761172
-9.189999629915132
-4.623635789777378
-6.445829855787073
-2.7358742004192393
-0.34290256858142154
-9.066211751312686
-3.7347891538084825
-0.10088891360076158
-0.7681530880309131
-12.667539889892819
-8.216064698954302
-6.896957753791565
-3.0039132920771663
-2.8306817865314033
-9.717236053028154
-6.47500335286421
-3.2283656974211277
-0.4496550324793791
-4.338319946605016
-6.550687617752706
-20.906346114651903
1.6786155716119762
-2.1516512209993914
