4.019257123948949
2.3197453277171447
2.496084104529799
1.065464675374639
0.4485306760417616
1.7751310641118798
3.103604397726434
4.1395730770732175
0.9532323381365193
1.1659043675140275
3.4904685454392332
4.7391433640925005
0.5522874431336166
1.7199610649676718
4.681335409020828
3.402411331633295
3.8535402996787766
2.305422341851106
1.1857842152535063
1.2419440587488337
3.310764674283969
0.7328613447513926
0.14939630763850373
1.241356284625833
3.0918800998663407
2.800645771647319
2.4430418638525966
5.4076909415222785
6.12127102558924
1.388819584211215
5.467943675671944
2.202697062076783
