-2.044908308740456
-4.738267671339745
-2.0983583390871434
-0.8982605671868586
-1.7687392471568573
-2.9267172049473635
-5.384641246601824
-3.929682344454498
-1.1499301298759959
-5.256696357664608
2.32508873641235
-3.2937375945372835
-4.761329741373414
-2.6679630815191557
-6.482540313733652
0.08390628514248899
-0.9971673083875447
-3.557506965567514
-5.171614449046342
-6.429110111800314
-1.838470903802085
-3.9608358645898116
-5.189998076527111
-4.688212969584246
-2.3839213580775307
2.666754173893012
-6.240844049514754
-3.3485244261017053
-5.2549413881607
-2.5798629950474647
-5.888409838641136
-4.788557710124911
-2.6348129974387384
-2.9660217632900756
-5.177299599277351
-6.3071230469859385
-6.211971972290562
-2.0028555210367065
-1.7688154090966552
-0.36049478541190405
-1.3415650249599775
-0.8875629688368745
-2.0358062909849854
0.5767973547085425
-2.6762791917718065
-0.7145737701029495
0.04016621715056701
-2.913167202173205
0.09476673199718055
-4.986956422575833
-5.482107828677802
-3.644650884638342
-1.079037880673866
-3.1634564120567754
-3.551364821055241
1.327846073364106
0.15347540906199297
-4.378614559054228
0.1066047250035469
2.5303422481512277
-2.3318439964804147
-3.9840187771609634
-0.3042135352440356
-2.822919560368686
-5.761938740091698
-0.20847398259475725
-11.031599914555716
0.8946520068199675
-3.2950413863605545
0.9800230219176616
-4.638944153121925
0.10166804826312514
1.1379785987433118
-6.750041079502737
-0.5170754781224693
-2.6998706719348426
-2.9236979817796085
2.6207264873040126
-1.3644494641251312
-3.004679471646107
-0.2767372180305605
-4.090037502383231
-3.2482320518192522
-6.641563450974163
-5.389682300693961
-2.1596164127801023
-3.661233234117334
-5.86722281022778
-5.190212433529856
0.8121599973453324
1.9376069807420668
-9.882016427724977
-4.225487501802936
-2.711803911467168
-4.138445677622075
-5.241732326450524
-1.5826200274514428
-9.129705676900102
-1.83144272274372
-2.3566891397065954
3.3361274847681788
-4.4159978921638965
-1.913873482345548
-2.828823986701189
0.1538501428294179
-5.66747536887295
-9.92098070534212
-5.178639676688368
-2.1780161830447846
1.2885109163687947
-2.1790065094559115
-3.303456988506866
-3.370733117998527
-5.683140031591622
-1.477041013594764
-2.84158552274193
-7.931379597247845
-1.725661309621359
-7.612785881436289
-1.1361906844610996
-3.664461519067109
-3.9828309265899025
-3.2273792528445417
-0.6618605478251531
2.212312663680841
-2.471486085976788
-2.6264858675276246
-6.743421898591242
