0.6791640104417842
4.448087333977368
0.23902487874548436
11.454460495092452
0.17669397972696207
2.388253756591787
0.7290921007045801
1.0577013863328226
1.417806839540832
4.400282654392192
2.6722306660755435
3.1809539337018395
1.9236356460499004
1.3653404143968095
2.07818058900898
2.5757982929958603
2.213725146361279
0.5796060643192206
6.144941529736552
0.8808477484354011
11.773226797157948
0.91322641134282
7.351229543374082
4.015329549152735
0.5743766389318107
2.8296943795396796
2.0399654295267027
3.619717629876958
10.310211307467082
0.3827147818478
1.262783925337275
0.48337903512881475
6.502106320742343
1.7657213419063258
7.592197335187734
4.312332512825969
8.508689855507003
0.0029534571707423595
1.1458681034204363
7.286101007976947
0.7982931719678711
7.4647798189571795
0.09786151361419788
4.222189020014951
0.2808362642875626
4.014612025560267
0.17276293448537364
0.14544271941088524
4.044102321225287
4.809673798947669
18.53174181643531
4.4609910632408445
4.314835069434861
3.1085987622120426
6.005950094359783
1.6634755887455068
8.35486330382374
3.8728156388901085
0.6045593858403522
0.6550183646274562
10.741383569474497
0.38754800555881297
2.1935970358292773
5.134264838453029
4.384635239250693
5.989350060770535
3.85698451136606
3.5887573784466755
0.22192843097968107
3.133169968107916
8.127491550510346
7.178479527563079
7.1719399959570005
1.075767321804137
5.906780133976974
1.8772756324444448
0.5198316192650237
3.082837471787974
1.4943366860585443
3.697356766120965
2.7396647751160383
4.87094368534376
2.1824612516120334
5.648468736075129
9.778080942196993
4.129747013483518
0.3589201156629496
2.219832635862248
3.514025482150776
3.4106750124701257
0.155016081716599
0.2137722228885345
0.4590775433271773
2.8877923389390205
0.10300149978472783
6.723106060520415
1.0137482084271823
4.078537215379147
0.1093788810377586
3.1863664047249975
16.27110218646994
3.1300811465164573
1.582983815432421
7.42677560982371
0.18580817136038122
4.367770186800159
0.5959283463586579
5.513369362835549
2.4608325593323888
4.580052577126708
16.05874447695663
0.2173506667404656
0.5925276224610115
4.242151039976624
2.5493955938060275
0.008608433134169235
5.952926807571526
1.8825450588074388
3.498171371787234
1.5065478368959921
0.5068436878155879
2.053962938779857
7.0298285768535465
0.6970183851093598
8.973645419650708
7.845503219945496
2.002043032106759
5.294856921456663
