-2.908316046493688
-4.918128221339154
-16.127116800887535
-20.701432008089515
-7.604650479906962
-4.766140697212581
-13.343658531397027
-7.354065566613916
-11.486209834703242
0.19227330239043816
-22.63236334635939
-0.1551085367157352
-10.259335327146921
-21.512495404112673
9.612320838458771
-0.7044303479547125
-7.70175853575466
5.136058126439256
-4.131015866924449
-18.25551961589004
-0.7407551643032146
16.272719775704868
-12.236221816983253
-13.71059198945374
15.095330897343612
5.297777116619612
-13.799715818925577
2.9732577113959735
-25.878644994103905
-8.317795002804326
0.1249695857613844
0.9872002373891391
