0.4874446489109076
1.331976655621698
1.761247452740007
0.13466508797228743
0.11352834887698018
0.10517126492639495
2.51092749853067
5.396679579314688
0.48328506517698555
0.38402974264522693
2.7613774618945475
3.067088985216239
1.069233752485897
2.473782541702174
0.16890572127665182
0.1808198211012273
0.1880037325454509
3.7222033882832286
1.1652645490739937
2.211965344224269
2.4995049941197314
4.525707437863967
2.06323671578115
0.6520314588359706
0.6088716710541894
2.427495554974984
3.8286581942695204
0.9039368022501097
0.6108121912895775
0.07054400483500303
0.13926116134691133
0.5085981756260213
