6.546824984932815
5.445869703622763
2.0393818939866546
5.6387006986811725
5.431480809236522
3.4499619069175305
6.948661775106022
4.86278751016854
5.920375550757683
5.085671686741087
5.3964394688082615
6.989873362033252
7.725155007105807
3.986103552422563
6.397668723864999
7.209716277014144
6.850761424503451
7.183579829210369
5.428764730578237
4.390240833784831
6.942831908632538
4.10275607168587
8.193620581491237
7.534666302941062
5.738148702172026
6.52628314409973
4.113659899947015
5.9845787778156065
4.668508899684738
9.356054975080518
3.849250722662847
7.062186898048363
5.477302615742214
5.636211194495846
6.515858426031083
4.799318637164054
6.058847361925211
4.867944767796313
5.618327148820078
7.887018434591104
6.590178891306096
5.921711240089705
7.674739895426635
4.442724279926098
7.0130839320903835
5.943589352171044
6.679713205638563
5.121770459696288
7.337975620219631
8.717498696730377
5.526944666854576
5.259218551497884
6.855400547114969
5.77712318779432
5.822502947939387
4.982909670161792
5.814475132028827
5.578514833481981
3.9848159393215354
9.066434182755854
5.771219283437714
6.380512490645387
8.97858831036068
4.487559588472462
7.150638806766989
8.24226957501751
5.239859051564
3.9585978532673654
4.131349389056984
3.975988475045587
4.925416937818769
5.13137285704439
5.187312057571918
7.965946114526043
6.742179562704927
7.406517666879115
4.570172268986463
4.8582698967843765
4.784175717640802
3.4493979954030127
6.531991810018307
6.462464369063922
5.03098652556087
6.9883337465923026
6.880759481170465
4.5860912341064175
6.916598265137649
4.9392886962501885
5.5767588738943035
5.807443698986574
6.396639088534632
5.301992213961143
5.439185644284089
5.766547481262061
5.242317056363302
7.290703231501396
8.333241282438244
3.7083446781046097
6.520519787315299
6.843876345992604
6.507845457024275
4.413127313880425
5.3187736895948685
7.796019101760452
5.561402766941065
4.912620673367755
9.193520259103703
5.100517526543444
5.374761170287165
4.849295689078688
5.086954984909212
7.642584921371731
6.147242857337488
6.564156590929957
4.366624893793995
5.642245888049594
5.324484061465436
7.635570609443942
3.2682535632145013
6.286804375957287
5.123843266202405
5.115123316895688
3.9688604904647637
5.918895542362839
3.6657178205660332
6.3968929889789585
8.580436561928463
6.7768646127329255
