1.6747034644789274
2.5882601308377815
2.4348144384088157
12.581206298456996
9.28428905063563
0.3282374281835268
3.3455531325038033
2.1093749520228324
9.04805400476431
11.031021979892287
13.658606698900439
2.7075313758546784
2.2761084880518876
3.213381838625112
0.7273871877232392
0.06695006130776748
2.7558593305656145
8.919036205677266
8.153702536268241
12.268943598298652
2.6369067857749675
2.452501568627516
0.6956603061843329
1.000000763510986
2.435680759120123
1.9465152015456584
5.797688481956809
4.15880304378441
19.46431438703132
0.8286325357660314
0.4110335672198485
0.33005422152489844
4.999244772418811
0.4183872379679345
3.2457758433192816
1.1020358104013028
1.789395403518589
4.096975306482254
9.340462206601075
0.9868964427968508
5.319698075736543
1.5174898957752139
4.050227999168567
0.07420560044560147
5.258416947496792
6.717511878442569
1.9608719587840213
4.4154255796462305
2.250572417217182
2.5936539788047126
11.64509715534459
10.819834623180478
4.0471654665148655
2.6741423103790525
3.4991597012216036
0.13073137978168292
9.128522101604473
4.291901601699452
3.5731972535198935
2.2902453350781347
2.1207763642418267
3.4980185670983563
5.147924108902564
0.1981373483073719
4.5652137247207305
1.3741301443277671
2.2700448751512083
5.152354804812762
3.498390344820471
8.451426804441242
2.8441638909186877
3.90082763404653
12.772616468586206
4.78396848629713
0.45782965857925473
1.8473300177323186
0.173081452651207
5.027957384665433
0.9556566705299069
2.989636144640301
4.8201222439001015
1.7914278953348197
4.765725485015954
6.102210973618781
9.857935448964572
12.483404266740335
13.804275359992266
5.764815004791883
5.154866718834674
10.612657471790092
7.2984094931194825
8.155151873393114
5.648212070878646
1.6206340058846034
0.20872052466790916
2.0846212153982284
3.2116537284887574
4.347042680256331
0.6355585851483917
6.149831146716276
0.8290486435866279
0.5370614849444775
4.195932057516364
13.882409471959264
18.52912103842264
4.246630268580272
3.763287301563252
0.8351844993090081
3.8860025402808094
3.8747185596332496
3.652746741432121
10.173615169065801
2.9150979060406015
4.888170140850907
2.7489597672258586
0.004188634076515141
0.5196426584948748
13.035354223524223
0.546779873560935
1.5424428589612054
0.7048483572775469
8.611968798553942
17.7645646453319
4.2049527328267775
0.16695317293650747
7.334701225752772
3.2300894876434363
7.519457544566553
