52.05657415668423
50.34720230815831
54.08525104955359
53.15609053153791
56.770058176702776
51.984269606930646
53.31060190921003
50.93692839337337
46.792837892212454
49.2667315958929
49.64887071850928
55.1127069325537
50.5933805723792
52.532062367320876
50.29355988240975
49.66141657993751
54.3420406648264
51.41567075194788
52.32192588596054
53.63247043160927
57.12429132559191
52.18190658817433
49.899782494846676
52.26780239347916
54.49200954650825
51.13221217840119
56.77270318085349
54.38997133710796
49.219679371163664
50.41880437608116
54.74955037871464
53.52795680555594
48.96107325670491
50.63303625034363
55.385025236242775
54.297323993087076
51.30556761695324
55.74055954387545
48.66198081520679
53.737376915179176
54.11970775442772
50.6147817957341
53.640161394727244
50.59175360035762
48.92762925748712
54.841142297647764
54.34865693084215
54.70199879404321
54.87229760038406
50.37182359212042
49.64616309498767
57.15945001066909
52.69815710893932
55.478862209421
51.71481064722235
49.47838073159878
55.66925513237163
50.76643400858918
55.93502903013928
52.17150186792835
52.320471766279965
55.81748540770226
54.693970127236426
49.2537588953599
47.70066790245061
56.22173423562861
55.74995030975257
55.214203332024326
51.96847852973554
50.82293366613751
51.774542982517794
51.618515289855395
54.47771650891907
53.711552318953665
54.29693767484136
55.89146327224311
55.54931342056034
51.40485149669236
52.71271076499316
53.47646979527234
56.580397257217506
57.35198744937922
51.8390707251189
47.762191417105875
58.27269124095793
54.861424562277165
49.69768678244017
55.48652875263785
54.1163978947677
53.37194851155226
54.51059299727797
55.039042133500594
52.13461892420583
54.73883027483577
54.853200324991036
53.31854313761023
51.528226322266946
50.998522768851075
54.50303913808449
56.9548038104038
