36.5953092768913
47.980542234522204
48.20765375410895
32.722338430206094
37.861592809662305
45.76963710768393
38.44077264711074
35.373484582100616
49.5189993747128
45.84539828240636
49.13035641627607
49.42711108634542
41.81766035107508
40.51301098897208
43.475842694010204
32.129293588527396
35.19493077812433
46.986513069537324
31.000894134290597
39.86301629162386
37.25035249263518
43.96250389359608
45.263561972603014
31.299199188646565
47.693754593730844
38.42142689248114
34.417923529620154
33.80945900971683
38.30558766895186
45.94987792909579
32.71040165733448
40.24386959883777
45.89909495409329
42.865852825466334
36.38640164208664
37.70376661013589
48.82332575359747
46.51900494705728
46.96599335393213
43.35349456021296
46.786575283582934
38.62135307024697
42.541301704826864
35.803646603881454
44.523255683580295
31.110212435425836
33.45159161349368
49.43286662009942
32.75181573474497
31.628999703543414
33.651636292228936
40.158858398688594
32.56815477739866
37.080144674912674
42.66242447786761
35.17339733012361
49.066701875851194
32.53943925801897
39.383815832528235
32.104965198071135
49.05668813428346
33.74738970012195
39.99746162196253
40.545502055082444
47.62312131414491
44.70887552355609
45.24654689983328
44.70581086341798
49.29055295266175
36.12316102101695
38.597709486692835
37.50315339214514
44.015666625424835
44.03123838505931
38.09413968888989
36.35984472013039
33.518749720494874
30.528852198560905
32.79227151923349
41.85753983816205
45.63725020602646
44.07113513576171
48.04472050455301
41.37534916791947
43.722264941699855
34.81297060449059
48.684770473140695
42.41743395271408
40.54765416957903
38.164863469623896
48.63779047806404
36.24231524304504
35.849080234918794
47.382893407518964
41.536017767580425
42.77197196933836
45.3216592583221
49.17091718710638
42.345052510505454
40.684800201962
