22.055360917028146
36.20594770537031
22.47829204851144
24.939124663936685
32.99078736415604
25.58116373940702
32.972936929518525
40.78065465975615
31.45836729470433
22.347869776316195
28.60488771627698
29.091544570232593
30.626925124783018
26.087939140433043
35.046837317414884
24.550038879212266
20.411054972682813
32.55092728858816
20.95814930572758
17.825968289876407
38.73858438413881
31.58072684367307
21.146671440143095
26.09963859489498
17.195484982454033
16.230180074607425
26.568640134764166
26.01298850124862
42.73730267493811
18.010390495878582
34.15538086010328
21.970168635058037
14.956185794314173
41.61321251990248
40.54439713621042
29.51302816973821
16.034947239846147
28.9250411074643
32.171587045034016
32.75092907183832
22.94063857466617
38.7056544130455
35.98982282253215
14.852394915154274
25.30140283291533
29.45715033109554
41.69666009089512
25.29346172345165
22.67794846100917
31.44047274417469
23.974432672880994
30.2809878718735
33.12560081351535
16.086091420065273
17.49276345343337
44.9995499784763
12.702485849535254
28.00765861211152
19.816593780474758
34.61575743320086
20.85112379989622
34.70531290098717
31.670254964850127
31.947251218331036
24.75293281404126
25.971253690519
35.457792626595975
30.123268390727397
40.26336428483011
23.95335126621721
16.902536206103612
36.6391704362043
26.625410494828998
31.912867709608047
27.784578211506176
26.834055245980696
36.63262117145732
26.42460882270198
17.837047579189367
22.753029872682237
36.60886103423354
32.01792670097186
38.568448942739934
30.91366287421463
43.70433523600369
23.695423371305832
38.022317280756155
31.21356970464777
19.24014499793915
25.407277010603615
25.481838429087645
33.574927035096636
29.290342308410885
31.200515886203434
26.93425319300368
30.15549186159959
27.371265182404215
31.92894384760123
34.52875870842623
39.71822122247599
