23.92372694006096
29.89683553235131
31.588059962343355
26.37534379876668
26.576835586485156
25.151103089804543
26.35227749470938
26.33590523297071
32.35388531472437
28.58391679520949
23.42981762368377
27.636656279843415
25.020594454193994
32.42470081354654
30.50193203571626
30.543976385518057
29.829496238244317
24.293906846755405
23.81673393671781
29.73735044153239
28.69812434017087
28.04228636353666
28.37490968295581
27.515133327647526
32.370855496378695
27.29072571809591
29.076630102622953
26.813721349796616
29.142159403060457
25.065010971160827
29.236212294364144
29.584316203386102
31.18337821339699
31.086872516353502
24.859519772399263
23.618086439643278
29.83739685644872
29.604460226213412
27.762796164090844
32.00601138514313
29.88369196577647
30.573526903202097
26.08265955182574
26.678470477918246
31.352019156200114
31.753213005227586
26.331927184503474
26.968089698521055
32.11664643394351
28.23378462016109
27.273405303893345
32.11312313102255
31.478161057886496
30.229098939596057
27.43246184535758
31.365742358854483
28.066597831910848
30.10703777008127
24.056292889412784
31.243119083039097
26.582520383244503
25.63354514501301
32.30181565779176
26.183974009934214
32.08462890965703
27.044791033879907
28.498796124678922
26.203099692017062
30.69395866562119
24.42653492867594
25.53401955507096
31.414293962806745
32.07035149970672
29.85197896082927
26.867127460095826
32.207460555079166
29.243898615987803
24.044427712111187
32.19481651412359
23.966887097194725
27.57006417173792
27.20388672486133
30.62953258174826
28.204277952501208
31.882103716499365
31.775870983212876
27.156739243800235
24.124916715012873
29.925259141563025
23.48318945309738
29.343077698656497
28.653584600191113
24.317508213040984
26.123445615970578
23.33122485685836
23.434091175319708
28.462727124451643
23.2982649053126
24.813960141538995
25.352717407300688
