65.82385109415287
62.39531095886787
68.56137070014412
55.99376315146087
54.50902755400364
58.535641723148565
66.42649922214676
64.84685594385633
57.885485861694065
55.5322601116685
54.11376751043656
52.69997268608024
58.594987468829295
62.32626710311438
57.47743917244008
54.09063991418622
66.69167740751745
55.560468455836464
63.48087643726759
52.81712892791164
54.010928286988786
66.90113111861845
61.21428426346979
58.85304928080022
50.95635292890523
60.54298040725424
60.50166915939741
56.814498044071875
56.29734437183427
60.448989818958395
58.14673159174709
55.707404475708124
60.74322221096067
65.21562340844228
59.41583870878904
57.44147543388772
62.52597059906008
54.74667285622891
56.9531823748361
67.56938816770639
58.337210410985605
51.08566550614372
56.89354985159228
53.60618901681146
55.60684318120156
56.909327191889965
52.16256283728535
61.998959213325946
55.46853259343398
55.07490958485865
58.97290991983611
61.069634136374546
51.11113520164075
51.727150708130566
57.93428586869873
54.73445907629212
61.20594836552488
59.33338219208765
62.46306888612788
60.09432272217593
54.54462927127409
58.32562748929094
62.15633281256903
58.31042830646414
62.7000663223653
60.3865176024646
54.07478509685674
53.17687651778207
61.87961221098857
61.519462319524244
61.962684971662675
60.618182782790676
60.23658129748514
61.726876023142296
56.459144390531755
64.49445805124635
62.88862711626482
60.54891896828391
63.62033836763105
51.69206286948528
58.57066185291155
60.20032641594482
59.85006787794832
60.97947300906948
60.619139405972156
66.09527033663356
63.9853411122235
63.82568535549929
59.66838897115116
52.79185697094711
54.20379366263569
56.72741705258139
64.76817068841704
65.72315486057167
55.299888260663316
57.07941175947492
60.55147608960431
67.94910460706849
61.74178636182448
59.76213463208039
