51.066704054868936
73.64803890623065
51.70836143442069
76.1642631409565
56.069619846720315
68.21614600209051
51.19445879798853
52.06135192217361
55.832248004016215
69.39124783563261
65.41295318100636
67.43989564933702
59.4533718308023
69.74952403994243
48.524640751917225
51.88715836403666
50.964690537513064
55.850625138139634
48.68904652381454
52.65190796270094
71.13688404892673
74.17117871604918
49.074044116712486
72.89184660734374
63.73333589629047
77.14778937964604
62.78769811113996
62.70029134174426
55.115310092430626
74.7779762876914
49.943145421077716
50.126852402652624
63.27646781553456
72.29262667147202
78.89380585356133
73.07490467026352
63.992640990541105
49.223757422109564
76.2370950370144
56.88144775404141
68.5239383801994
53.46135389781754
53.532970428752904
75.81722335283524
70.10773746719933
48.84235428364361
58.048641499496604
48.25604255144083
53.420373659015674
74.11370497770025
66.44291252056601
72.76566688203906
55.950956307110246
56.94796104230313
63.178119049775006
51.92577420927052
53.29747552555324
71.28799123242115
77.43889133293249
46.53695905551004
77.8885160180967
47.81451467114202
61.322043245963826
51.48274366519805
51.09128545703925
58.93663650343731
62.743926401967556
61.76294393499941
48.68812466160123
50.070531157249206
56.427419452732174
59.41062559036425
72.48116497521795
52.20354855732083
65.86118831934718
64.85585863137337
53.550635446353745
48.28332240944995
75.77145648850595
71.9972570254194
48.3083386018335
57.629647100243105
55.906154512034746
57.083026763552255
66.5930448390323
61.663401139196196
46.97437010052068
73.10330714638856
68.65651145684211
71.84809967381975
71.28021683892797
47.43952885476904
70.38313943154205
69.80856442205888
59.713286372660406
73.292521965975
53.30179641979599
53.84709904400369
60.81321258206282
66.93601712505884
