24.345577587824796
32.27546054134176
24.988647646035353
27.434563962976977
36.899028657843516
30.60528930335219
28.340475920425803
26.756391947093057
29.106572487400598
34.99436152306157
33.143064701102645
24.080404012538903
34.21150289538576
27.219497795170334
25.803098845139786
22.91295606547827
38.154777725573354
38.129350425680016
31.082735592239942
35.25394277684889
27.7098469434689
34.066733364118875
39.38760451356361
32.851372190899575
28.198945035154896
35.758909451398345
33.56793743186687
27.0244806425477
36.140616488583895
28.74968981411365
30.465822846527132
32.36548113357248
25.714501846667815
37.13701848632825
31.8640266411033
32.27994690848864
31.91966169219374
36.92470776177237
42.11081536067979
34.98493415883002
30.395546263656197
33.57704900074324
32.08679500506927
30.11937458123942
30.199846203209717
31.493342662847006
18.05956956741074
25.388362270960304
38.26271538233712
21.437909765451703
30.874172274897518
26.324098817595626
37.64821628178425
25.83764102855372
29.757051921094458
36.65565363687425
28.597698428163792
32.16979906304493
36.64176963752007
24.343618866646285
40.40284314971468
38.14290174978369
33.810891544026475
34.72125077263563
38.69862221097239
31.58639508054886
30.643136776106747
28.117410794810095
34.58361510525145
30.4926012698166
36.59419198950828
26.36687503579018
37.80961942122933
33.29490479899827
28.22421026704298
36.27381566430329
31.99320256418135
29.718290873062188
32.74904679327047
28.014760382763914
25.879842096989186
33.72195196641155
24.940145130609427
22.07389182376309
32.41813562573193
33.640476454750264
25.344097897871745
29.53968997578754
32.83338868148261
29.34837191971726
34.576382260846486
27.743719985863333
33.523343129329525
31.82343524375797
36.14654513332299
25.344882511288844
30.282415788935086
42.77126095184951
27.830899259745006
30.501520227618265
