64.95670828398045
60.986095574333596
41.93903151216756
66.64397594073799
52.50181798971828
45.65031211550377
52.755972916465765
55.66432309753768
62.26854797766673
57.58618991794327
66.5808167610339
67.79749153983032
52.494403455600875
61.4243033190346
50.280681779930866
40.07957783155301
47.728722494095315
57.69277180114439
50.53274797276556
63.90066544809296
60.48122261979669
61.410566103958786
55.637045836713455
51.22668263565022
53.82449815652141
65.34119292623461
54.375354920820484
58.41242017476524
53.32819573705394
65.79745795701264
54.17240893803542
44.69143899331115
41.19055772177664
46.62381709399375
43.92465606692731
67.40995524432036
63.20015388743842
64.93266079074843
52.79983623796425
60.4034520684045
54.85460278797569
43.76630002624582
68.62667317437621
60.04844027382788
49.64614430853872
66.21448578224843
46.22382178364143
49.539495502214486
69.18881311198272
64.12464648907788
50.14350034408288
56.95175990865292
47.784565770876455
63.41481219305611
55.85125121173563
42.11981371854434
48.19188690651583
54.799940431436
56.176842636301515
52.873041886705046
42.66858918859144
66.57364786786914
56.03032779388478
44.4522935928179
67.70867907793922
59.44935899940379
68.57009061251736
44.358980956694474
52.4404558516691
44.35815431100723
45.3616894006671
69.30494138169249
52.117235712588325
67.99923407088495
46.4895695525434
64.95244163768042
62.493522538184926
65.49742127876335
60.094340410568094
43.991853261354734
48.99071999801377
60.46758496110504
58.52733563715833
65.67301145873031
58.9691066620512
47.0649190409827
60.03391707096149
41.4252742147269
39.790105931584534
56.20201966804908
40.80620805519434
52.28492944977977
60.46266707836385
54.420854582714874
45.82631494477213
63.00104858517894
44.53900071883803
63.28257858681512
49.945159638507675
45.704531800607676
