39.73729411675474
57.65418798570819
52.583616569976485
56.07986054088356
43.86813103420142
42.41322946246729
37.647294341502175
51.00272099670504
51.852560053217104
29.141289514310365
27.9843335606329
59.95815463281935
45.05759557344322
44.932299696642005
44.936068503451104
19.82609689261312
46.396669657498535
53.45756874906562
41.776022697259265
50.76488446922757
31.825080506441118
32.09214065053494
55.6007049336275
37.476158409704
34.77046515961804
45.56422685457567
46.53950520803504
62.163725137551836
46.51728073371414
59.63350250395201
38.15588278360548
27.359042507311734
46.79692668507575
39.05908475011383
48.48026710463694
50.7625202695463
50.203849714465136
30.966202619912394
37.807125310652665
34.054126556601254
57.798582798385524
37.041880661960235
48.33103533647587
34.870496891561345
41.264593158818855
47.380541565244705
49.07182201684948
50.684500719136764
44.253579224873185
45.057587299015715
53.894210814289664
36.794870099630785
51.907309476383965
53.37892887576544
41.59930650689954
57.47530447613557
43.04087247738341
36.897208298765584
55.430611423687296
35.694858343102794
33.32454105819449
55.88993026688807
48.665395607563184
46.495684088177974
51.038534606328575
36.73741883339596
63.28229022422341
50.06394314009003
42.16300498937969
43.430598261260876
49.206545010082536
45.442776738761886
42.49415068225756
29.040876502199726
46.28520941320676
57.419908941825256
40.368020758619785
31.939619968868023
38.199511122088545
22.38699345822662
54.65148188564847
49.63393475048649
28.627619992598518
47.336703553528324
53.91298583827288
42.26435855627318
46.86309264975934
45.908611076159055
48.23822749601897
53.71275500560667
34.1933596286611
64.43210112308887
47.20770310079264
47.446913948430094
49.26893832765292
59.74577072509384
41.05737509746619
53.923935394760356
39.499311697594806
46.316460897501365
