67.44068860665035
42.3595679101727
39.50674376976142
64.59793563774542
66.00000031531376
40.419117600090175
40.57532275755465
69.63421182242038
56.08219652959928
47.015868407710144
49.7406137432136
41.355190678633164
42.70780284577581
59.82282788854067
62.92009270233313
62.36977007387577
48.879814664459154
52.814374571369235
72.2590134499761
70.62507497231721
72.81695744709245
65.03892884796905
69.98308159219079
71.88444643371122
65.29859159444166
53.592507367867604
56.336516817219035
67.47550098550974
56.3537228701324
54.63717894939101
62.005788025576365
67.54212758825314
65.27891331576498
66.08624917731649
51.46279895834755
69.34728622103748
56.616531845829705
71.25624299061174
52.27002384435009
40.824833320949
61.412767919293316
44.93663765324143
62.226348838454754
67.59500245886113
48.6780682339203
64.54285633887693
47.51501840466293
65.41449349548672
61.259760638074496
63.23373654222817
39.82889802060854
72.34536232632158
61.710124995430874
39.35401907805917
54.20229986316349
62.946094548250485
52.86453943238031
40.43637689958876
59.88542279193125
56.015254388761065
53.46583373050053
59.69887189407157
71.44848928659258
62.933382985605505
67.75041507440504
64.71377529084629
68.56099616077569
48.885983827071136
70.12444411844437
39.94722147397517
60.74195540678872
55.69881773604849
56.57828167856948
68.57040965791008
65.02828604359746
62.3368915282788
64.02655656318191
64.73671590545894
39.87832346657559
47.5711074372472
45.23236663610314
67.13947904855554
69.93030248255961
44.96637826247271
65.9535103706269
51.76978219355614
41.57451881403907
56.99228173956155
63.19045777621503
62.52996360795419
67.3976586429869
63.87271277673592
52.307316370673995
49.19880740394895
47.30535450499906
66.7576117379173
53.19385666972539
54.35258734416786
51.1377177831669
52.256903800250726
