47.62131848814909
48.87141104101964
54.38816038278965
67.0483230619159
56.02273130717912
54.13372132372493
50.63538218627248
61.19405991404699
40.233692794822495
56.465402831645434
56.789274452117475
55.36378402319664
67.75638076742311
54.91613176620601
73.12121175549979
45.14293496383378
63.57284622529713
50.21616997760077
62.23463738937893
48.529414460359334
57.4532602461596
47.17124007996764
66.06360867109476
64.1630562716156
54.1152592085524
57.2257865162224
41.18300984070848
46.0721685779655
42.66912994080387
55.00117282478215
63.372437989067095
50.332471529220435
40.90915530424954
57.08225442190787
47.28295910588889
41.896955104420805
50.30555414824383
67.66061185213931
53.094171604213855
58.25877329791338
39.579401994203145
52.32365918910357
63.21680004719998
45.93158593136645
61.87745720090351
54.75247642794669
55.62889957735901
40.50998707428654
41.090480676646045
40.32524949067918
47.35587177525239
46.73695417801542
52.76765122817684
46.231420728889695
51.81231442285426
65.62589370579451
58.39242411122542
56.57175020204118
47.368883373784335
60.0063944218583
73.54904712731837
40.792665339001466
68.89255103189404
60.99342016842027
52.39394363813161
63.507472683239655
62.17739541496658
41.551525330983615
43.57080319809723
63.266949483456514
49.648528030322296
60.19612146282709
50.041444811855435
44.67841825639169
52.7827312823742
46.880321430913376
48.17378512319831
63.90627727173016
52.35210773568377
64.22971031688597
46.68542541174612
57.2334585075899
40.04073490226102
63.70344784994302
67.14551601394643
44.82815238044583
41.72331087423496
47.57150633342816
65.75226728758071
66.7307245643141
50.68398303123114
62.13337111516306
61.350228214436825
53.893816886054346
67.53715134670334
54.24277604414991
63.710141761873686
57.66327067625673
56.99003137938939
64.53213058369317
