29.80049826016304
29.252886091030724
34.28823718973189
29.141013900630135
38.25480984981707
45.16412085922435
30.416871169820247
40.57801490276256
29.503274087970173
32.86353712629213
40.23750116124898
38.788029927221274
42.11960903753541
41.625476191345484
35.47871939646346
42.520607245852204
38.9715160361864
45.807258766451596
43.862705223713135
30.940931934844745
42.96900104169585
40.711035246223595
41.650680057977254
31.685323736684108
35.3144893078643
40.61878476483888
45.043205241179784
37.05848387817411
29.482178827040322
43.57614943031248
40.651298560444104
29.72608739897569
29.49055420213449
33.81807681663765
29.399974834330525
46.342728278532164
40.71158640353079
41.33177067265967
37.94569501688695
42.062734954410104
35.14992191829312
33.924404848932035
37.60484040133622
42.44450507483504
42.144853757880114
30.167960939842146
42.35434514068358
34.821461104781115
40.64524734654431
44.33025016118069
34.739377546100776
33.59069950805596
34.69019382714406
41.76673756663117
35.3251480056852
46.14091345249254
45.82582691572165
38.86169752064564
32.66839475868201
31.824465962696184
43.326527408675425
38.08039755389904
35.35754936509296
31.72682401776197
42.03645451792647
45.340999015987876
44.81773741232262
33.20387116637098
32.811891534131206
34.617061959186216
31.580174458652323
35.309471299355934
45.77592647826066
30.89026464522296
32.32374454836111
29.243512727661955
37.143788513254286
31.015685422504166
42.478024519874644
41.2235496169149
42.66579751900125
42.628891637689044
41.772545809744756
34.501981361923136
29.705943529340207
33.970474582394814
30.48583027193782
30.41855862249918
35.33558349066561
33.63064026204934
29.888581635994615
41.216655079854974
39.464230089957695
30.38778091719897
30.698486592922723
38.1034420719465
32.68260139975989
38.49303482032357
41.28359749227476
37.13894320729193
