31.918640951279897
34.04529098134644
55.88358907092541
50.478362806089166
45.447976394382195
54.95779660187929
40.56135052470874
52.11803410528631
35.737639080655505
42.481663850094634
51.657767708975385
47.131416267345124
49.20350858689588
35.98620977167527
46.22019018342624
53.089525173668946
49.20931895586603
42.81813943561386
36.76467077270364
44.976396527634655
44.915115623416085
37.296340127472135
57.511007552096764
58.15855461898133
55.529502236288444
41.89140514540369
50.50599987896452
58.67447156257059
41.35663452918854
38.09638077146501
62.07012566907101
48.10819531782436
48.022707313390704
41.27107190317931
42.46898889199589
54.31530222308276
54.66181177558893
48.8108716141469
48.366271153164604
44.81496971319928
50.756738788648015
37.542465148182195
41.89091392648249
53.81301349577572
44.07335825152262
37.65198937422617
45.32684471609724
42.8197970284343
45.871580176722375
42.84330285916283
62.413974248532384
39.197208344279574
43.92197079763091
52.63249392538464
37.72361342254541
42.422510687003886
49.48274047214549
53.085784676758166
37.59315073918037
55.123807990014534
55.808076543225525
59.166527557490085
31.077428980366165
39.54634206402024
48.42492861493959
61.15765192981026
44.95055533324099
37.885389442658
45.643463772049486
35.76419883221492
51.825244311642656
45.571206228075546
45.286711459440305
50.2577045487711
29.45339484356245
51.56079185572401
47.92173305220957
33.07069465322628
47.697994266550054
45.06264634582019
43.57531149280565
46.53342766436821
52.663587244584285
46.67080432352422
56.17240994061629
44.732374531267254
37.8723300926184
41.040431608555885
52.479734020272964
40.83901530443111
52.1608487743143
41.4733608649354
44.81708246285815
49.85199611577434
47.520250060735634
44.710908133400004
50.01527922639713
51.90392157394585
44.519222171135304
40.47876091912464
