37.99609223710536
48.55320019154444
52.58659654015263
27.32267700833386
47.654124240162346
33.843289953831736
50.877333688392774
51.467258226230356
41.49851512051171
47.86854324928058
28.322018273942877
46.8614041341991
41.09980631222966
32.357759897000214
28.722867476665105
47.750605071566895
48.659973609104625
27.2658947336437
51.13280164987911
27.070101909677717
33.69316670434123
37.19713531620998
47.44621604039624
52.56856988809285
44.467146975856316
36.509779898885974
46.497842490145054
37.224443950487554
51.25059937323057
28.51349428307547
27.379018979684194
50.56149366772256
28.778392575859037
40.85296667148937
39.91765418973557
27.149458787432653
41.020363001444295
44.13576026981049
50.137375465841586
31.977747313603853
33.53513075754288
51.602548885257676
47.28672291988839
51.42966299851014
30.867458365355752
35.44386090850908
51.344414379620716
33.29447790150707
44.14725474627646
37.37000601628847
34.22020818847642
34.51307865118623
45.53784348237426
35.84983040143496
28.116069764683612
39.417336299673295
35.60675770570313
51.556078479033445
35.68923987281396
34.533076726812034
44.947305058423794
50.157531913270915
38.70033285929658
35.526903464708845
50.98359209744209
44.929612195412886
34.274686620911034
43.39270112634884
52.17495112481794
52.42184468010045
47.47816322203612
50.86906573277379
47.60382205970447
33.24304403498084
48.05346920999862
46.921482257293064
43.80677562213888
35.53333171641016
40.89695997578872
27.898306535597797
41.32684905932245
36.843428160338924
28.23941852558468
52.035580922461435
35.8020393969689
49.731438980643006
38.965529836636826
36.96276156515296
51.746503660283324
45.52156975997387
31.715031143482985
50.971502279362966
50.70835592179195
35.53268056786367
34.136259586588125
31.081634279662673
31.123523102550756
38.673852332640195
30.500507138169464
47.190384500697405
