0.2778693324095041
0.043318594172501085
-1.552941445919239
-2.3307471037549807
-1.150465846672101
-2.2027083620079395
-2.21645317831613
0.46113969111737485
-0.2286898537448458
-0.00059913744288137
-0.05690705789949524
0.545545126047545
2.8260204811310166
1.0368541348339182
1.269759670505723
0.5402870808044232
0.49251052630025854
-1.191291300268291
-0.8858630495358026
-1.912852064324049
-2.3039451997327403
-2.5420834449264618
-2.283285227300077
-0.43381780794819547
0.1754988619939875
0.6626233855762185
1.6195557849960536
0.45544308827168223
2.8104210527156086
1.4831391091770048
2.2519355668219747
1.7246197934659215
1.2047846630967234
-1.4121547370055716
-2.1633185280187868
-2.1936624235414324
-2.0042531705698843
-3.9478670408369774
-2.3457217602183347
-0.014819943316536466
0.1571133146090989
1.826032533835392
2.0988871310576336
1.920767946923282
2.350906660094101
1.5126196236736353
0.7857089236552836
0.8507353680806028
-0.41072838779620224
-1.7025834395830404
-0.902873493303053
-2.2389012557113945
-1.399719731201257
-2.300669469750599
-0.2708759191230472
0.41437329889583563
0.21622683634312834
1.2201130971239387
1.5832515756572125
2.179815503855241
1.8534730530483312
-0.6112352903070704
0.8865949284513843
-0.5665394563745975
