4.037140232037215
8.780531629383754
2.1084235956372455
3.5090192347282403
10.882730941470754
3.3555829760101124
7.786999399274618
4.745867398370587
2.4807188044219126
10.516039908012338
6.40017914284684
13.411155637281102
24.75217774243945
13.210609035206524
20.19090462578496
8.972101204424106
15.992439266401666
12.674917110710561
18.484949758335112
26.022976022263173
18.066770021438806
13.066004407808903
14.19920998855892
13.982621604899082
14.04759131519201
31.081780461143055
12.518087218890425
26.497369398883066
19.015430687001878
17.600794123086093
10.807185729763473
16.056007715803595
29.068666199672787
12.47425637981161
24.668699845350684
16.468918017229953
35.05071904422916
31.522916045372178
33.878705258968736
33.46824942671566
22.814832685818438
32.390301461541625
28.116772127472792
22.049067654154904
33.89413197944942
39.46193570895899
33.69806640377463
46.988533790302924
39.16376567018786
19.817830309684805
29.537970035755077
46.155838361872696
49.379156993904424
35.865769879800744
31.377007797906682
34.74852506418743
51.039408881614094
34.6157412573053
34.78991812671559
31.261552368427992
44.90447946956963
49.66830472528075
41.517406122113194
31.914875375791045
