20.757575757575758,1.0,1.0,6.660378887949152
18.333333333333336,0.0,0.0,-49.164354652822645
16.313131313131315,0.0,0.0,-35.168338563224985
24.7979797979798,1.0,0.0,7.634973456224233
23.98989898989899,0.0,1.0,-64.53041834414138
13.080808080808081,1.0,1.0,5.024775025135513
13.484848484848484,1.0,0.0,4.512904350297015
13.080808080808081,0.0,1.0,-30.742800113703638
5.0,1.0,1.0,2.390903157486795
5.202020202020202,0.0,0.0,-15.27474257650589
25.0,0.0,1.0,-62.075677172261706
21.565656565656564,1.0,0.0,6.942722606263233
18.939393939393938,1.0,1.0,6.093267314203008
16.717171717171716,1.0,1.0,5.019386960885964
20.353535353535353,1.0,1.0,6.573535667274705
23.585858585858585,0.0,1.0,-57.80308359746732
15.707070707070708,1.0,1.0,5.010246466425473
16.515151515151516,1.0,0.0,5.574232129874595
5.606060606060606,0.0,0.0,-7.308009190383591
18.939393939393938,0.0,0.0,-42.60798561137148
17.727272727272727,1.0,0.0,5.633537465673845
16.11111111111111,0.0,1.0,-40.15235138810755
14.494949494949495,0.0,1.0,-33.80696055309705
11.06060606060606,0.0,1.0,-22.75437380715455
18.737373737373737,1.0,1.0,6.021342446757132
23.78787878787879,1.0,1.0,7.769554373671117
20.95959595959596,0.0,1.0,-49.29321848814841
8.636363636363637,0.0,1.0,-25.44341616587273
21.363636363636363,1.0,1.0,6.578448197172625
10.656565656565657,0.0,0.0,-29.907453344692122
18.333333333333336,1.0,1.0,6.290577671035644
15.1010101010101,0.0,0.0,-33.58830519148057
19.949494949494948,1.0,1.0,5.984767960750817
19.343434343434343,0.0,0.0,-46.04441465787702
18.535353535353536,0.0,1.0,-43.258547937883925
6.212121212121212,1.0,0.0,2.659026716801186
17.727272727272727,0.0,0.0,-42.76236528578739
10.252525252525253,1.0,1.0,3.9834265813992995
8.434343434343434,1.0,0.0,3.1789342446809385
10.858585858585858,0.0,1.0,-30.9641642855624
9.040404040404042,0.0,1.0,-21.780528580702377
8.030303030303031,1.0,1.0,3.0815257814669805
6.01010101010101,0.0,0.0,-15.063681398359368
13.88888888888889,0.0,1.0,-31.630800394065105
21.767676767676768,0.0,0.0,-54.67089736741101
21.96969696969697,1.0,0.0,7.294060547806865
23.383838383838384,1.0,0.0,6.984311587917244
14.09090909090909,1.0,1.0,4.825864617972641
17.525252525252526,0.0,1.0,-43.24850012272119
18.535353535353536,1.0,0.0,6.11975165965723
6.818181818181818,1.0,1.0,2.9016158178446187
15.505050505050505,0.0,0.0,-37.87641042851255
8.636363636363637,1.0,1.0,3.719759277994007
12.070707070707071,0.0,1.0,-29.723267764593075
12.878787878787879,1.0,0.0,4.384159389343702
13.686868686868687,1.0,0.0,4.721976175479947
22.77777777777778,0.0,1.0,-56.60531953780489
14.696969696969697,0.0,0.0,-35.47365406692314
9.444444444444445,0.0,0.0,-23.8809083308627
5.0,0.0,1.0,-7.655607768831434
6.01010101010101,1.0,1.0,3.0011750210839705
18.13131313131313,0.0,0.0,-46.24937362793245
11.06060606060606,1.0,0.0,3.9727773813255323
5.404040404040404,1.0,1.0,2.836361366949149
20.15151515151515,1.0,1.0,6.007102192763378
9.848484848484848,1.0,0.0,3.4846132588870313
13.484848484848484,0.0,0.0,-35.192286505210056
10.05050505050505,0.0,0.0,-24.067991053781288
19.141414141414142,0.0,0.0,-46.97850907439029
5.202020202020202,1.0,1.0,2.6092274161064744
13.282828282828282,1.0,1.0,4.5751508714927
24.7979797979798,0.0,1.0,-65.70806968439605
7.828282828282829,1.0,1.0,3.0215760280714523
15.707070707070708,0.0,1.0,-35.70673028045959
11.262626262626263,0.0,1.0,-26.144951325322737
17.929292929292927,0.0,0.0,-39.224165597109305
5.808080808080808,1.0,1.0,2.3841699537544367
8.434343434343434,0.0,0.0,-20.635921773166167
14.292929292929292,0.0,1.0,-33.66014281163567
7.020202020202021,0.0,1.0,-14.497745807456955
22.171717171717173,0.0,0.0,-55.793952830787795
9.040404040404042,1.0,0.0,2.888967241220855
22.171717171717173,1.0,1.0,6.820926058555297
8.232323232323232,0.0,0.0,-16.551735174679767
7.222222222222222,1.0,1.0,3.0021988864087
19.747474747474747,1.0,0.0,5.989847324389466
24.393939393939394,0.0,0.0,-59.92638645981685
21.767676767676768,1.0,0.0,6.58372770828064
7.626262626262626,1.0,0.0,2.7239671269188293
6.414141414141414,1.0,0.0,2.99489551231402
12.676767676767676,0.0,1.0,-32.142720045355674
24.19191919191919,1.0,1.0,7.617820087080275
20.555555555555557,0.0,0.0,-48.7451243026612
23.18181818181818,0.0,1.0,-55.87925896776472
9.646464646464647,0.0,0.0,-21.24962053847159
14.292929292929292,1.0,1.0,4.748240202180216
7.020202020202021,1.0,1.0,3.3095873529808673
13.282828282828282,0.0,1.0,-33.70264049174126
6.616161616161616,0.0,1.0,-16.56720953311422
23.98989898989899,1.0,0.0,7.341575894161529
24.595959595959595,0.0,1.0,-56.43012188936953
23.383838383838384,0.0,1.0,-60.3189535292721
11.868686868686869,1.0,1.0,3.9988985672269073
14.09090909090909,0.0,0.0,-33.24193275349523
10.05050505050505,1.0,1.0,3.879037456571406
22.373737373737374,1.0,0.0,7.148196981317194
16.11111111111111,1.0,0.0,5.59600250563709
17.525252525252526,1.0,1.0,5.71938277672643
7.424242424242424,1.0,1.0,3.153602542004811
17.12121212121212,1.0,0.0,5.918364727317771
18.13131313131313,1.0,1.0,6.080098763079144
19.949494949494948,0.0,0.0,-50.080563990067
20.353535353535353,0.0,0.0,-51.20244898293584
5.808080808080808,0.0,0.0,-12.974016254606347
12.878787878787879,0.0,1.0,-26.530068756935684
9.242424242424242,1.0,0.0,3.2958417760787793
22.97979797979798,1.0,0.0,6.913200548507217
21.363636363636363,0.0,1.0,-51.224769304099524
20.95959595959596,1.0,0.0,6.157622108639771
10.656565656565657,1.0,0.0,4.004935203448116
11.464646464646464,0.0,1.0,-29.32641820910755
10.858585858585858,1.0,0.0,3.574369857950308
15.1010101010101,1.0,1.0,4.926209524992137
22.77777777777778,1.0,0.0,7.101317533310168
13.88888888888889,1.0,1.0,4.895144910026955
11.464646464646464,1.0,1.0,3.8114251151929546
7.424242424242424,0.0,0.0,-14.849524516983314
14.696969696969697,1.0,1.0,4.818536413137263
19.343434343434343,1.0,1.0,5.9978164255602815
19.545454545454547,0.0,1.0,-47.99672344056361
15.303030303030303,1.0,0.0,4.9701704979783905
6.616161616161616,1.0,1.0,2.6641272541225742
14.8989898989899,1.0,0.0,4.885595246484886
15.909090909090908,1.0,0.0,5.059250889459201
23.585858585858585,1.0,1.0,7.059460551603329
8.030303030303031,0.0,1.0,-16.074427913551343
10.454545454545453,0.0,1.0,-28.216581204034377
12.070707070707071,1.0,0.0,3.9358751540208035
12.676767676767676,1.0,1.0,4.645996517949327
16.515151515151516,0.0,1.0,-36.96145785038381
24.19191919191919,0.0,0.0,-58.79408163311301
5.606060606060606,1.0,0.0,2.4853550354079528
12.272727272727273,1.0,1.0,4.5258175588092175
22.373737373737374,0.0,1.0,-55.88553954757748
6.414141414141414,0.0,1.0,-17.493030790928376
9.646464646464647,1.0,0.0,3.6294120631893563
12.474747474747474,0.0,0.0,-34.70268494180968
25.0,1.0,1.0,7.509088567484624
22.575757575757574,1.0,0.0,6.742075055079657
24.393939393939394,1.0,0.0,7.555401291444897
9.848484848484848,0.0,1.0,-21.004095664969263
21.161616161616163,1.0,1.0,6.166722833884499
20.757575757575758,0.0,1.0,-52.43491328098417
6.818181818181818,0.0,0.0,-16.556212109100734
20.15151515151515,0.0,1.0,-49.47287014167215
11.666666666666668,1.0,0.0,4.252097105638621
18.737373737373737,0.0,0.0,-47.10257679221245
16.919191919191917,1.0,0.0,5.248364085334987
10.252525252525253,0.0,1.0,-23.213125439832602
19.141414141414142,1.0,1.0,6.198589272912764
9.444444444444445,1.0,0.0,3.232834594759314
11.666666666666668,0.0,1.0,-25.436836485704376
16.313131313131315,1.0,0.0,5.181979500274378
14.8989898989899,0.0,0.0,-38.01762877860861
12.272727272727273,0.0,0.0,-28.078721217035277
15.303030303030303,0.0,1.0,-38.48117114721707
24.595959595959595,1.0,0.0,7.27511529848559
20.555555555555557,1.0,1.0,6.435488218537829
19.545454545454547,1.0,1.0,6.400352693496837
11.868686868686869,0.0,0.0,-26.65436646504595
21.161616161616163,0.0,0.0,-52.99382340535678
10.454545454545453,1.0,0.0,3.656074310753695
17.12121212121212,0.0,1.0,-43.19201474491179
7.626262626262626,0.0,0.0,-16.790436618147762
12.474747474747474,1.0,0.0,4.345147634257244
6.212121212121212,0.0,1.0,-14.807075741440936
7.828282828282829,0.0,1.0,-20.029284532834666
5.404040404040404,0.0,1.0,-12.649890801782346
17.929292929292927,1.0,0.0,5.420021993649308
22.97979797979798,0.0,1.0,-53.54539322344498
14.494949494949495,1.0,1.0,4.8774637468818
11.262626262626263,1.0,1.0,3.7131136963361255
15.909090909090908,0.0,0.0,-39.37253079923026
15.505050505050505,1.0,0.0,5.052966394953642
8.232323232323232,1.0,0.0,2.9337366677442613
23.18181818181818,1.0,1.0,7.379479590643299
7.222222222222222,0.0,1.0,-12.866876934960278
17.323232323232325,1.0,1.0,5.5251688856156145
22.575757575757574,0.0,1.0,-51.36707642080464
8.838383838383837,1.0,1.0,3.023088743212721
23.78787878787879,0.0,1.0,-55.806294469333146
16.717171717171716,0.0,0.0,-42.24683087378862
8.838383838383837,0.0,1.0,-25.5338115930052
17.323232323232325,0.0,0.0,-37.47253283231966
21.565656565656564,0.0,0.0,-58.383180139779284
13.686868686868687,0.0,1.0,-33.547244757053576
21.96969696969697,0.0,0.0,-53.26569128763061
9.242424242424242,0.0,0.0,-20.90738818203825
16.919191919191917,0.0,0.0,-41.375142698187084
19.747474747474747,0.0,1.0,-51.936027537219736
