49.54503878147695
49.92109295370585
49.08774863849331
47.35574715672832
48.28932816648611
46.48206315954505
47.48305110090127
49.28096214972503
48.435796521888385
49.23192739531597
48.70224548872473
50.455289694555894
47.31363590305791
51.28995968865829
47.04483758826557
47.61370700092072
45.849745545018514
50.03759468583615
51.06744549735002
49.859048769379704
46.74891745368061
43.76620557903169
46.41846203863102
44.3266730895592
45.38207390278555
46.89152028147746
46.3431745686896
48.88627406458282
47.350569781026714
52.45983686452588
50.99979969941047
49.86431557076586
44.9762983974801
49.1489416730424
47.46711965284138
47.940621266557486
50.71344871094165
46.340946883135146
49.30285759945487
48.62920873977788
46.298692895022455
47.23998101201374
46.07417600043983
48.21094048856323
48.2530587232562
47.135830440211095
46.16136233496438
44.571107826550204
46.414378119963544
47.76854477694984
46.38337978529388
50.45975970674636
52.22462949580817
48.05663931697722
48.976053045183846
50.83560666400371
45.23205284186657
49.38035237910619
46.54130716153727
46.24540434001388
51.34992095934105
47.27644494444013
46.95573530211634
51.17529749796631
49.92953549364487
48.236091228977166
46.4466909093874
47.20251675214397
45.64881321960883
44.68253835439151
45.46860714738369
49.29170289487876
50.52681010150481
51.880056229291505
48.65178547655513
47.30689122286818
47.479879497039164
52.19369369772495
49.13730596225051
49.04061534830826
43.97779022941169
46.94016020814166
45.34166283608046
45.28413656575221
45.39804297558226
45.87709832782228
47.216490511921045
47.112844237942625
48.91352375998191
46.49849589531592
50.08731146550795
50.092880159674735
48.04652066416615
50.028748497321516
51.86223466819592
46.25759220218924
49.41220395759118
49.67474402857303
44.34122705752962
51.647003341530706
