38.24000469597714
38.40643177200049
21.80980456547308
19.439883290861168
46.93555000294431
46.888139034623705
23.58971064751971
17.137503816995732
49.51779555656697
19.270626609277684
31.973829408350454
29.874032390287493
17.633876562471254
29.16384931870761
45.089612995647826
33.189061360234554
26.920930760417427
22.915619591759224
31.470474029374415
25.802985674744892
28.75995978882277
49.756424743168516
38.82071110119388
18.69076169995202
21.111912435647643
33.572245517793604
48.31566159232207
29.11676879892923
27.78225600985666
41.62862936855343
31.439054507921202
27.526419686782404
23.53262765753799
31.155451323717948
42.59393829491411
48.42658875012722
27.224106579682932
24.873701024875324
47.98582377282225
49.339456184703735
43.238096160216045
23.870989130004855
37.61494903565723
25.87431346061436
32.99061307073261
44.92314921841269
23.092487067034526
18.625462531738123
46.38575533360232
20.847223948127322
26.208945341666265
19.428340527482632
41.60707783463406
39.67123100670763
43.256394339361584
36.29366265829361
40.310300406389885
36.00764280703908
48.65909178653982
28.21648969668234
40.82951327274216
38.874981942793724
29.013276408828787
33.79075108802047
30.955922802727272
25.386786312477174
48.65378761099117
25.829502509812684
29.745877701846553
45.551033083694136
30.960045131137022
45.66944572146076
31.994541192863878
32.76737848297355
45.84461413116235
44.29177990675333
40.52858222411404
19.505453219822186
30.12456477619475
29.577823851308676
21.679234865562925
41.98451242359382
47.84727134255345
33.71294568372053
41.44073480552403
32.47795689534308
48.791258534811604
45.41014028539213
18.49984940125838
48.54091046880849
32.81093324204957
39.357559277147075
17.47356009840477
26.907066098239447
18.120772848362442
24.26810973474126
38.54411377160918
20.886634090858266
26.05513867333241
41.211744337798144
