59.365409325806716
61.61643930660646
63.347442223333765
61.84048256450975
48.58327516052266
61.9447744853822
62.835751528727876
59.60759884961567
64.19014088741652
59.28862761429693
60.34973578128965
57.74521765242366
66.39927807771844
58.584341516732074
62.37300994236371
51.80904545987085
62.10991184646547
55.17689512342571
53.53443646988016
60.59236747974104
70.01286672462729
63.55619038617709
66.03975054933117
61.0102393347951
62.78015890453119
62.31960163044916
62.189055555624805
57.38990888488865
60.75595889545101
60.47067888860195
57.23474126902848
58.74444283783299
63.49730445501587
67.59136540023798
64.86111567875993
68.36777988309467
64.78727742771578
62.831648514689725
62.46023978648433
58.979861017234306
65.35285306548442
63.59803707214196
63.893269913294056
66.67888710088204
58.45125156035309
62.5312107429864
60.66164009450919
58.373945589157564
58.60129250501636
62.22887735134689
68.79596226527305
54.0076193080841
58.69974482426338
62.20857320534818
66.74437975637916
62.19730852998465
69.80770926890021
64.32865870926547
66.93571902983913
62.1586307300007
55.75531946971578
60.78432741798618
59.32601104257132
55.28929394404218
67.79217783771618
58.74982249346537
60.25143104960042
62.87590564656868
59.309778184026875
62.32346102179622
62.822005192366454
56.39827983515033
59.7330365386116
67.99686299366215
62.2407443858292
63.02843180948038
55.2208347652566
61.8921281846828
67.81269914818186
59.82980116121326
66.0577018283908
60.69591156661204
64.80194120413354
62.687595697999264
54.01065799492915
61.53683081107732
74.26051530777691
62.641763734374436
56.91652004325314
61.99658222300491
64.1696911128955
64.13182751724692
59.69343997900938
63.0476592892312
64.93295553178388
70.56211476722731
57.57499487005963
57.1537838818531
56.643912801250735
55.33958431833746
