62.39894605179296
71.6444080606208
62.781862818412684
70.77269254361477
74.47113992596285
56.658657061545924
76.23278845128726
77.32025853347231
65.3857090138411
75.86153098706323
63.08496158706402
59.8293411287358
65.9700083860302
65.33086516972813
74.68860515320803
59.84791858955912
74.21515316855178
63.55888299407165
73.78252376885783
75.20626113465195
71.71696817999138
73.87108437012623
71.23213484765478
57.37693675246908
58.425951795606416
57.169112318215824
61.14512936972624
58.47962389104357
69.3451249345461
73.87473748431994
67.84521010219427
71.82672200393118
60.74207847284627
60.42071823209695
66.77876768758053
64.36993855750919
71.44094764144404
74.12379458787487
75.46536399270695
66.45566469514841
77.2375480734646
69.45588695526891
61.66297369876078
61.70901562381277
75.0255325873967
63.41612682288288
60.745295523744616
61.008192689706476
59.23032441737287
72.89593413467124
72.18912953069007
64.16547351697804
63.81770867825652
67.22257918198251
76.60703547141483
62.52833554211013
77.74617004528548
61.362469656816195
63.11080734823595
69.74358306321213
58.08152180370701
65.72567908084457
72.06907475195774
76.08107045619609
70.87226881618308
74.15367136764554
64.73330541864685
61.02832145698591
70.63553903392712
74.20803494944079
67.6804976350247
74.37735060900654
70.47963656163914
59.77062876792836
77.58137949902127
63.64232927699369
61.84223574041329
60.76853313624454
59.66576262771571
75.14623067833656
76.82396605080594
71.17279776831803
67.90591499783326
67.32074426140153
68.66848038365438
60.15105363924762
58.08369482199187
72.06095509823982
59.22736496926642
57.42209206153495
76.42226557149333
61.569481872213494
58.09136423460546
71.35778427123059
77.28889738196321
68.14390363813645
66.93049395582878
67.30706819767741
77.18334312486519
58.79200356031263
