-4.592704152817635
6.30956950478827
9.585466791318108
8.587881927850063
3.949622786907196
7.370274918295639
14.06375371504162
-1.035588338222401
-4.421560116352184
6.922819836170694
-6.331131482592912
10.031148678288023
12.20110204974464
-0.6115315875985186
15.896115548723092
-5.467663728817104
2.0291303401031815
15.455621569780094
5.356635784345725
-6.112183020236158
9.37192401992785
7.060382771942237
0.7535739025113326
16.11971248001734
-6.75465973841243
8.71876418868284
3.4023248108566366
-0.6469919324427771
9.214410791469714
-3.713818979606665
1.2619169048457848
1.6069612831536926
