9.548619788665523
1.4817343313284028
10.659306319984886
1.616774507154936
1.2539323284782857
0.5758109214089321
0.4791790463285073
5.4508154943318345
7.023457935785466
8.930454771070897
2.3920220310081577
3.120814782460299
6.4997803677292385
0.3116254772050417
4.441382373027624
0.2516783187090965
1.0693409579087565
0.4388232163272843
1.6482340545402265
1.078239125191167
9.50597221576631
1.1917198256062072
5.968258074809113
2.619611840355278
0.7160716883172278
0.03625772582129565
10.950575673368666
3.3363730676966594
8.814227580179262
6.902750726849025
8.354900546179676
18.511432226363922
