-8.602398295782507
-3.251654655266531
-13.758546339485147
8.535004783428167
-6.903021311498215
-7.189490557077356
-5.112912733575865
-13.21582751073204
-7.79229119183351
-5.1281619169898365
-11.944488674057677
-13.685540104167412
-3.163777279842456
1.0734821134424637
-7.655701352579888
-28.6857769314744
5.867117627019189
-7.494314982777874
-3.8641508330892216
-6.1989519903164005
-1.3474396201149874
-12.300528721336862
-6.500250782101296
0.9412974356108057
-12.072991346459759
-9.613114859539936
12.743298990753637
-16.255213061729737
-16.25788409934297
-9.253323383553955
-6.3912376169777785
2.8731823109084598
-2.607607921922092
-5.171646046181351
-9.297965006207832
-4.511326847254504
-12.528116486043462
-17.03647360393622
1.5900083066201356
-0.03305886024619831
-10.381979985494663
4.549333667259079
-6.298619136857344
-2.665869305604821
-5.148872889305573
-6.362096519357235
-18.704920504611326
-3.1011735839760526
-11.313020313978136
-13.151554793476343
-5.496534148514572
-9.395054441687613
8.998280207039544
-18.210176422211227
-1.8616544839692208
-15.565935437884894
-20.93359482385655
2.298386265492857
-17.303805102413826
-11.52490189082738
-11.177398672937295
-11.928830337440079
-17.83309441833548
-11.422957225666764
-5.924547760039639
-2.7867368621075737
-11.36258944429742
-7.750132185850075
-14.614312718805635
-6.545982476981885
-3.075436594500886
-4.799197213130149
-10.633360802018801
-6.819986205687805
-3.167754960750327
-13.007333643053785
-5.114577302094286
-12.981736856629635
-13.254050231978725
-10.479432369112219
-3.9361366393500883
-15.628799010088942
-0.9071798499777008
-12.59249239707382
-1.1666361235237561
-8.806769018733931
-6.712213955628423
-11.964968968913174
-2.8019588302840535
-16.116768120808985
-11.864465746576434
-5.168597809004796
-10.762404990368264
-6.944368072003792
9.89160928482724
-14.367610229300883
-3.7216838261416254
-1.8756073734271723
-11.283863399688949
-22.127618402620193
-7.381273218133909
-15.775673727682413
-19.206228875044573
-1.1678883376437117
-11.95159515400632
-5.250462231214213
12.110951579033141
0.6132557775216547
-3.7784321220470236
-9.445155300018993
-9.612614735274601
-12.377784676452187
-9.858946740207163
-14.26332545860846
-4.512498380278875
-2.639797753062692
-10.277335130725449
-15.486317853183747
-0.004948643960624111
-5.6172659188538985
-1.8648729622710105
-0.5798671440377436
-16.36649598896389
-4.200603728089531
-8.840125783667405
-10.477811019759312
-6.674123724243471
-23.42803026912093
