4.465072535651135
1.1318053798071621
3.6931994658286778
6.073002880289508
2.6184718161376668
1.0608454839783152
0.7866655063920284
16.62222274663253
7.439724132169881
3.777761781147876
5.530205050249995
5.6136957122090925
9.082401812865267
0.051413153060296424
5.841326237872643
1.1746497720075708
6.7876421851298545
0.715591088752505
0.09732846605816223
3.68962115624331
0.24711195134095715
2.007365785139543
0.39681057017269755
2.3115106614229006
6.252529883874261
2.5106517204474947
1.4548890283470128
9.542189275370708
5.183812733012246
0.2809548207720232
2.2256127491229227
0.6392918833845856
11.67270499153941
0.4720250596759816
0.1814921068656733
9.499765033908998
2.041751799639307
1.914682767451099
2.7695859930725666
0.15199177007969844
0.22484693462494887
3.1063431700887634
0.8878680201374028
6.122765648100684
2.7346362709283882
4.416425179768852
2.509622074870426
8.449337352495643
2.5302639062848824
1.4534423390743045
6.647633522801537
7.461593325592436
6.660921306662846
0.5537258912197718
2.07120392647332
6.439362532640564
34.964829226150485
0.1934462876301799
0.8216736754826225
3.320422023857585
8.088640270979855
4.705342907412249
2.505760765437588
0.9878910443231177
1.8829281744979918
0.874263489355537
2.217874400063725
9.94270230470267
1.4781010826974872
1.433633396304339
2.23930933943129
1.9394298296671169
7.406587444390681
1.7068903714257377
1.06830304477123
0.07966268581719224
3.9356541351308767
0.9814848991540503
0.6879015651337419
8.490261411710195
1.2293381974821942
10.656839295477443
1.2488828306593607
3.3240994614770485
3.0177956963368078
1.7021855038272395
0.7522741817597683
6.740111755847565
1.3481543761074484
0.5206734791397991
0.5520656401346373
1.282941635462793
1.4373719182157496
3.729863971505759
8.407404283046876
3.87656056250465
0.4725770213417201
0.007676079407298128
4.056574432367088
4.0979192579784955
0.24876625647388728
12.587833153549223
1.8466997233413192
10.747050841993802
0.4500531581875518
0.13913960440963535
0.14120097009776345
16.108206642704246
1.4872704160424857
4.604975727263228
14.72901133789243
2.408921972053023
1.7616662240406744
3.6551572129133736
8.097439611167065
7.105063960266622
0.18200938002728598
2.1333829918656417
1.3404284102125268
1.268156229994482
4.461597435384907
2.603043817974418
1.2970933011067478
2.4491627282391364
2.0312137845561273
0.8834790443686747
7.791084660518104
2.6430046682388713
