67.1092170941653
78.94833422285406
73.35145602807077
81.33974947707728
76.8862838286239
77.90821472052212
78.98057948853479
59.80924050721892
76.80156909582186
75.57650416480662
78.173783765601
72.43963074051746
72.53933890664781
71.4787676516745
73.63798657045854
73.5799410260007
71.6742504386127
81.64101918909485
64.72547997579477
63.44626254742835
73.93338457954586
70.35234494844757
68.33300848292195
71.1397834202823
76.35592971611077
59.304578971802286
69.3781740482827
76.30840971742509
67.05476870455232
67.06854184246214
71.86225491983485
79.55771553735705
72.47160690418801
69.99094840879356
71.12578184669964
69.77054569245962
74.68437609656739
69.85312613996793
70.17484640004822
73.18712068377715
70.1434779209056
62.064097041424155
72.25392534980567
76.6889425681862
80.2721673810522
77.76167289789689
70.96424604495579
67.20769578485879
75.06923821965736
66.31888460370986
71.07200829851533
65.94575319862346
77.91854761180772
68.72077169914341
71.03096505204513
73.32850353950246
90.38756297785578
82.12895008217959
65.24323040164029
77.3592993264448
62.533118702675765
79.71969575864549
67.08130629957351
82.03070893903464
66.62004195415264
70.77052398447475
74.33990038523456
70.69256548740312
76.16018150099173
64.98392360525034
67.82608492030094
72.83554206619192
73.36917811910422
73.93943973626085
79.77001163052361
75.91612784861452
68.19894564060989
62.12981114060162
65.0072476712587
72.87752649503449
65.55466728542115
76.59546130622887
69.65087797870427
68.4827969747784
69.84855944152618
69.47457266623111
70.00351962562176
69.402538713542
76.01520678078826
68.13990628345366
74.32386632187153
77.5261794959157
84.59845510892744
84.91954021127161
78.35567177304372
63.63881877947575
75.90627185288898
63.671896000830685
75.92524447621851
80.3287740881166
