44.17498442108711
38.967299517826184
41.02493520101628
44.46478589641614
47.768519949897176
44.38016748996661
39.03787525662659
44.19739813382543
51.6470875979833
47.715162051704326
49.15877436346013
49.79991287765685
48.078514720358555
50.864609300802485
52.22562320016311
37.85948101375692
49.38792844270505
48.92996002849365
45.76410874270562
51.993616961854386
54.4864376883132
45.72863198132026
37.92936835404592
40.10592139513814
38.29110958933869
52.289530374001586
46.92626164125261
48.20383608882073
53.89151352632982
43.46489428086541
46.838797420091524
38.34816139676651
37.680053863418735
47.8861855083874
43.63044517374685
40.328836067020625
40.36680608632412
41.09869647304136
45.054974143438116
40.68670070578942
52.902846388076014
40.10223843655849
48.03514893613433
51.640157381755365
52.89194647892364
37.76535805311898
54.38213633566786
46.672593678229426
40.226497186778374
44.257033760208884
51.72390321012405
45.101134431624075
46.82549544255103
46.87907722534462
46.742928868753424
54.48575830263815
49.36396752491396
50.559643132199795
45.01691324239016
37.34394164105503
43.80226137133694
45.58226157640125
49.75812998424603
50.09643735386821
46.81917375530021
37.7430797674201
38.583857466952864
42.73559827523034
42.41896540371614
38.18144567792321
50.93920382176269
45.43260142765033
49.91892557299235
46.345527895613415
38.2542289840935
38.50972459468149
54.128216656191164
46.470414608950804
48.5658490940974
50.01014773298259
37.95173981427137
40.70821344560452
45.01341432416011
43.67347930256575
53.63018051219376
54.06973823731853
42.58646187442872
43.91329636605881
43.697728060176985
42.423637884459936
49.57063768110261
42.563142397839385
39.4953004709349
45.95080473033734
43.22808604812255
37.95612978310052
48.56222515031582
38.66412393708546
40.86329233464049
49.69087707796491
