1.6179276331530918
-0.26458123507417186
-0.0004514624307598858
0.9281647899930612
5.7205678607303465
3.5974523112703247
8.03467943351848
0.16371248824375417
-1.640905382841364
1.194456388006307
2.7401139582748777
1.4919908581704784
3.540013773670893
5.689611553637789
5.953427441073794
4.76556415535547
-2.329520501927246
10.305235957952409
3.7209774621142424
1.6900772620526237
5.586557756920524
-5.591954876837506
-4.358753745223999
10.014164985692803
1.1825374324907139
-2.7693856722434056
9.272872352622485
-0.997283579889158
6.200409649076581
-0.7310072481363896
1.0378053335325956
0.24002522421664185
