3.7267724870520693
1.4649491416347873
3.2620802439227568
0.2929618462374886
1.2625362864584304
3.532746573892882
2.9590600602623742
3.6921821235550927
1.5214636716444085
0.024962045481184705
0.5018668311285848
7.154943721845864
4.454778052356251
2.2810711591193953
2.656490354484198
1.548829666435181
1.0680742635672547
0.7404348160624025
0.5886283054076931
2.1596661255680787
0.39672090734286763
2.393774053120249
5.72647906466835
0.5619820516799738
1.1695170369923504
2.2994828495772994
1.500318626982376
11.479890488725779
2.1910706787157674
0.3030455521240426
0.6161794627873033
2.413479249254666
