-9.985113882329003
-8.635391621005903
-8.134974130211187
-9.646220906834602
-10.889617282229477
-8.3371695116828
-7.163814475083394
-8.826943733871342
-10.888893889704773
-8.098358127342516
-9.314337876690752
-9.453662768096798
-9.865801178826255
-6.407930265825515
-6.811849415316532
-8.261993526178227
-9.572828419861306
-8.591369507065187
-10.050240249804261
-4.3325008110186385
-6.9749346539773365
-9.764709318491771
-10.920301490056438
-9.533994788158026
-6.497940210281552
-5.659717923962692
-8.358884400495377
-7.524752256068405
-8.058890039075008
-11.907183901699351
-7.683055907245201
-7.258929166820863
-7.43266342267695
-8.23327299585807
-9.555212080240475
-9.708086583356728
-11.686295373151271
-10.068234065378709
-9.340348216674142
-10.125224680862047
-8.515176317529756
-12.858734769027969
-7.054631820859285
-7.837173371855968
-7.145690411525388
-10.089402770081676
-4.661956704120225
-7.742645900187291
-8.647512826097802
-11.453245495428959
-10.733106171196853
-8.914575479970667
-7.28662880898794
-7.636890618125193
-8.869210216044467
-10.738840016447952
-6.36775313279973
-9.580445118967418
-10.699967265268437
-9.771902883014562
-11.064796702516528
-8.819467155216303
-8.164491104571908
-9.484669330592533
-8.024745628208706
-7.564367319038037
-8.570692359394611
-8.571999257083261
-7.741932396233142
-6.71087827065918
-6.114973781842002
-10.151392496657369
-11.604917346945442
-9.480565473571476
-9.652935176786668
-8.377625633954525
-7.452337417455292
-6.884873441876341
-9.610239177791993
-10.30257321061865
-9.485232882520211
-10.416688452117853
-11.842742261808693
-6.657710428009445
-8.667206852337756
-7.922428297983194
-8.172051154151482
-9.071253575513254
-9.12234420242963
-10.288823329536145
-7.179926730139366
-8.813740827010268
-7.968967533469723
-7.377564262335265
-10.639475514195137
-8.951425334972349
-6.516914352839606
-10.183204560629038
-10.40086623977358
-9.83196545614411
-8.0035249370648
-9.56455507985519
-8.887687992598936
-8.753525537750328
-9.681243998732409
-7.561552912176802
-10.950744875432605
-9.940403187836791
-8.098806085970326
-6.8209848847552506
-9.041301736404797
-11.203097507743975
-11.39046762293768
-4.214788671580276
-6.438002699840872
-9.785519971678635
-8.273248515477365
-7.448949676220707
-9.357800580528403
-9.955412508930904
-8.998591657090929
-10.052998619512337
-7.195454192140001
-9.605672125339174
-8.39627625563888
-7.429386558284383
-9.036937912837969
-10.692986562074633
