2.2718579225513684
10.77646642107532
3.904642575486334
1.8834865348780279
1.6435817197065326
13.439355980144509
8.726488178311852
4.758236146030304
10.62840498187685
4.97150004145195
1.1911568713437908
8.206674319271881
0.16755517993285465
2.0805375860947426
14.905495302990532
3.05835363852434
3.022727120149742
14.107709264638022
0.01652202915467214
4.677551769101501
0.18965368553624054
0.09730482020969979
3.9598953434628132
2.492406373537304
24.514105266902217
12.6523943215471
11.04671696188731
3.7219811333227666
1.790107298969926
6.572146084455041
7.552161483610898
8.00227211422848
0.9118505686596725
2.036000526689185
6.264588171874703
0.5638204248510171
5.549088054383462
1.37168029285612
2.5995514437412535
12.549808506354946
1.6273354146754082
2.9923347664171898
1.5316874511863112
1.1438044606367346
3.18310094596713
2.698196312340674
11.64011079633933
4.94603822439228
6.604843559215871
0.13603460249263669
4.1644406938757665
2.898301638255679
0.45022772818465545
25.183684491413675
0.14191312014202317
1.0813236255293195
0.8680005531843471
6.597314657648057
1.3398162963689675
0.25147538683229864
4.822372040360551
4.331343621012945
4.773893008340372
1.041388940714875
7.724217527020264
0.2342033126877009
7.1819925172092
7.491784491140795
0.4270642607829248
1.2403447750998124
1.2695027701673351
6.485346702243885
20.701022320600707
17.679447024823077
0.6434332345481847
12.108286517174967
1.0485123909801533
4.1796047307831
24.601213815036772
1.904578380143306
2.916811234694212
1.8016244395085148
0.2020504215810489
9.25134925004581
1.528313548523989
4.580330602862194
4.444574709627405
4.9662881266927705
0.5998302692843875
0.08862608686138987
4.385822039461629
7.6106033655803635
0.09314075272740747
14.093027342202221
1.9054594111276362
0.33776219091373727
4.246311476269608
1.967404694955176
5.360720529342327
4.374126873050883
0.14498637525529556
7.268397758465655
1.191697719387654
2.4530100714663203
3.286136717028275
13.003420780350769
7.259530228559561
0.5863871931513175
2.2986679103855834
0.16488411290989563
14.794478263301352
4.475729280066777
14.465779451009189
9.04610953126429
6.556565077835204
2.6133360154625693
3.393663947499269
0.11253735932781586
1.5039218435331145
0.3382297830826473
1.7599207207085754
7.8234059240884966
18.057273144850864
13.21703906222059
3.3517707685558618
7.611779272789392
5.986380594630907
2.7684321344560576
