1.7332181285517938
-1.0621369392403257
-1.939080201014898
-0.4675225318349596
-2.311288642197709
1.5092227787893924
2.6413962572878193
2.5540138663027947
1.2469242797731273
-0.1966612331430746
-2.3035527828535787
-1.5596848760267141
0.8455163681909681
1.9607076555216139
1.9688731214319275
1.7324554709005189
-2.1928630647628014
-1.7765360930419902
-2.9421191515302407
-0.8954432960662166
-1.3202724265368366
3.0811469651492507
2.006499812864455
1.7025968627894992
-2.793631227222635
-1.9556474070723489
-1.1083417726371387
1.1264771300984262
2.3149103048661486
1.378688224583625
2.9486219432395107
-3.3561838479077277
-2.889256541372995
-2.3915571877907276
0.7389363721746092
0.35010464059711977
1.389700185293214
1.55162503008933
-0.44312793666437045
-2.244969599325436
-2.6047551778915192
-0.8936999030327533
2.0420437001683336
1.2913485087625174
0.8209760614989932
0.026927079498067663
-1.096211874607749
-3.13858330588373
-1.7684123541494363
0.5863215483254509
2.492833691168113
3.0352214668353588
1.383955106218713
-0.1888990221584177
-1.4551699035351935
-2.2878921455080468
0.004869514825232568
1.8227103384638692
1.4300813509561654
2.102942490771168
0.7428136294628217
-1.6577766814823396
-2.163506770737319
-1.0926157156897587
