2.776623501750477
-1.3581645642947517
-9.74585085172756
-0.8652979920031463
-6.0380982474826155
-9.823203919825204
-4.312680389985957
6.695356128860402
11.686725515439399
-7.6710829857604175
19.579296209365253
7.635598692192807
7.254754046998852
14.785531271209832
15.29613439463873
11.030668885839521
9.740258708205097
14.127881672569048
11.851213352748818
11.988369362465924
12.607252197903033
33.15102266594258
25.03336088393319
14.346653626526617
23.155989564885044
19.608334643262136
25.899650637535544
21.77977593729738
7.183547210021878
16.666970101146365
25.399381350525413
29.914586360075663
23.72524257896598
27.09683445217661
31.60726127147343
41.08843746471682
36.910066185346885
42.97683451788862
26.18545677494651
38.902260434436144
29.898369296822473
30.586072808209273
27.830048774128308
41.782119268585056
41.64215566092223
40.09932323349682
40.85306856753472
24.244472296408272
36.49753674064334
39.02755731037375
54.60285922363837
51.299211162236375
39.89707590148226
40.91728560683465
49.39783867420333
63.76962081097926
40.68164185471363
48.07725137267035
58.44110149897941
46.435343393231406
62.16091737189884
53.06320582345358
67.90462778945891
60.86775685790088
