2.013083414641575
1.1347463989038282
0.6408786832740978
1.1635979042581885
-0.4620925429434528
0.00624284661801959
0.4863974979171639
-0.5281440897490023
-0.9963788417040603
-0.41911610597910043
-1.0291629609864505
-1.14254584331823
-0.9512200749211868
0.8950741916728006
0.7208850127139927
0.5375163071312951
1.719952747716934
0.7147920119654108
2.275360382797439
0.6208144355366776
0.6535663294140008
0.7283007239298724
0.6197673554873644
-1.0812768938713648
-1.9586681757545676
-1.3154252760267342
-1.7067577600030623
-0.5008480801726766
-1.0600381745361163
-0.28508750368595737
0.611503500738765
0.44027266497517326
1.9925332404507619
2.144435561999907
2.3055171315148475
1.4112337162316089
0.48364398727826796
0.6003970936294122
-0.2742105065263407
0.38128152628746415
-1.1130654948460292
-1.0830669172276175
-0.8948434769535418
-1.7747209676774571
-2.31530742243202
-1.0699533656982434
-0.2231701435835326
1.7818683783317908
1.0515447349156442
1.8939838238448095
1.868321928351309
2.126305131007088
1.220117073469941
1.1859167026325306
-0.008181302254933742
-0.8859466491601649
-0.2646792024653861
-1.2267764527251717
-1.9352385190063228
-2.049287144303506
-1.2694590571276907
-0.7837867821047156
0.4205030833196486
0.7724233978452283
