1.596726854279904
6.396419498707827
3.8122362336952187
4.555500512653348
4.1540970527979795
7.784468251548095
0.933699632692516
20.937574155467473
0.43073040596209555
-1.2418442139467913
8.4303098936083
1.6760018993748478
-3.327072518647345
10.6280405865339
21.85230346294435
12.223115559593818
12.486119067137695
21.665678300147245
11.376537039049738
20.350092981733418
16.901170859016286
16.993387031073482
26.096220864663117
27.461418570436752
22.443141062439047
29.786967137688187
23.398587736060072
22.319342255647417
21.017517656774235
32.09835234955379
45.31330737319775
16.76359824725173
28.293454368676016
14.566974146222071
29.397942487564297
24.71629004292633
26.88912901329947
35.02040474430981
39.35874374688926
37.14316517908682
27.323041740036686
39.189096234464316
34.85698989563423
37.84498340246629
53.34527152827459
38.58366842709639
44.7606569882213
48.40271544751889
51.118510467208594
40.415071240955
36.371275061528245
41.65173292875804
40.394927040363214
55.883487041580196
52.071874061185504
56.62420163537753
31.574784930569713
52.254322136065596
42.717621196820076
44.655294075016066
57.10540538269609
30.83146799670417
67.24081886633438
53.38174004066813
