25.899736742975833
22.224952709816073
28.979236161536488
17.33356190575627
33.37467910699966
18.321515172443537
11.79280904291026
24.782397127130533
25.606279055828885
25.627566870281058
23.61301538685535
28.13616955257996
24.669947972043268
26.497756883415594
14.446664876195548
34.96676127934285
19.147462789872307
20.003887481895177
25.551090421343147
15.884263788559922
30.940122991165453
23.391622357631668
15.167760154386377
31.952854999656935
23.473127588015682
31.76242353274875
30.552908731478965
23.922638961509325
34.283424087977295
21.091580187671397
23.444540486531107
26.329133507207455
30.810028874796533
26.364254828648335
17.476399596051643
28.8659163585654
21.30007430178733
14.442849782152594
34.132291147891046
23.415927775533824
30.333104015866716
21.601397065002082
21.86006444395096
18.958568284265116
30.356209788979825
20.230861752991512
20.44383257216935
31.2021697884899
27.685025702872068
18.77028835005868
30.921553026475813
21.145612364501034
17.4312463396068
31.530031439925992
28.130745774687885
40.261514692010536
35.4362389773759
12.629698634330502
26.433147081573274
21.477215320516443
27.47439461837082
23.889567352760796
29.829898292826524
21.321071723967375
26.233234042540715
25.299998080482126
25.483339486054994
27.6165731581807
33.720235900580604
19.96956414309491
36.699686371256284
37.22644554019686
30.301686434595457
34.79786437833148
31.80090133762398
39.59173397039319
33.68158300713361
33.459288435063755
26.354096414763617
16.884256170610094
24.357799538222995
31.304497678987573
18.59333555485111
30.35814180293748
32.29356474509593
15.682413920269349
29.928151187823754
24.159096608357114
22.240440413108164
21.70673481767996
21.050766099747555
32.41608674719517
27.452353068143896
29.60309682889886
23.04816521713665
29.766351566116104
22.51684408948667
21.22020476227309
34.623245847608786
24.59040015112964
