37.69001224435385
34.62982824750722
37.215927263836235
36.40841170914689
40.512155910818535
40.22577829635142
38.660232384994316
39.33375393745425
38.43843769739292
35.93886098595583
40.19427077918125
38.2427901461928
40.377823593389074
36.0156824673628
36.78251402926158
40.06056150711771
37.493220436051
38.303937449809204
37.43858333233828
38.53247369717306
38.52214768375345
40.421225795792004
40.22073173156602
40.27679055049642
34.838472412645956
36.77881937127803
37.86450337524877
38.39411143397232
39.443655563176755
35.46679940710534
35.3340377752908
36.19308743818364
40.73299645525533
35.170907780904436
34.93278107763004
34.86800989375593
36.11132278465248
39.0412370715425
35.41671498859881
35.7427022926477
40.069877646473515
39.33770038077556
35.74739994779768
39.50021757864047
38.27636334271234
40.73317210763929
36.216441634420185
36.13415861941163
39.70918971491945
40.120253322597705
36.45515582710343
38.602997268899045
35.75446937251558
37.54114401131231
36.38739019076877
39.44392652896223
35.45912482737683
36.1327070409312
38.15678352473182
38.68352705286335
34.77447400684548
39.325214006293926
35.524531611469335
38.50102845300716
37.520055930502245
34.843122808817725
37.61565893011843
34.83876493663578
39.58453547628564
38.46612402950158
40.304446964382805
34.81053041977924
39.59937444005147
35.89661782286461
38.70260300719636
39.81224329543318
39.52739601240439
39.902464055086874
34.87482937064311
38.69980617971744
36.568536786315875
35.89394322617279
40.54138313451673
39.66866894892629
35.980042940690794
37.961391103507715
37.35394981547743
36.78426577803572
36.142905071098575
40.15451256936037
38.50892032503872
37.60571028286677
37.22211822253874
38.435304869829274
40.45698701233145
37.90782150617783
35.418150907707975
34.64506725241198
36.48430261984359
34.91499356549255
