31.015630565844884
29.09880745129701
29.260878457833186
28.52754065923598
26.339788906386776
29.31483419708285
27.986891423475797
27.358143651377407
26.367232623213948
29.99101609939244
27.86667737163329
30.624911052423585
28.30612566152171
29.495927541451195
28.20324224536063
28.219758527870916
29.785360094032544
28.403945838072495
28.521508279333414
29.88878836110084
27.894557591919906
25.829452296688164
30.117267985307777
28.212573828825853
27.596907930192135
28.61270159021805
29.636959995128514
27.918352997515473
28.830614187430346
28.50618936999579
29.557360203680908
27.612754599986875
28.785441273862002
27.96969916337797
29.493879923968173
28.612784550459903
28.44640972606073
27.855930252406562
27.963133518801058
30.588645731028816
28.207874777428568
26.903183007971812
30.909737919904558
27.4002834664135
29.446083524240922
29.868240826212812
28.247287544322475
28.72276307089086
25.64252648261448
27.84813428864858
26.592956817749506
30.90599937327822
29.154581787733143
29.967632522613897
28.489859264052235
29.490914545268318
26.432329907138396
30.210890583140717
27.878147377686286
27.895744702055822
30.184910094892828
27.115498664170445
28.732494620000047
29.279824499051657
28.60240327777947
27.993782519447812
29.12260250701198
28.98508710902805
26.52931873824518
28.434356000680637
29.24165670135106
28.43174028156554
27.45904598534653
27.646067131777027
27.965950188997546
29.46183743099226
27.8063571364132
28.886370579826544
30.62554638440873
26.893650123673734
28.485596785089268
27.033858015658247
29.29120494462842
28.966983088300523
29.189521374671585
29.44250673849653
26.8788620697545
28.964967627000515
27.461132061225346
29.91006160433482
29.78748931165502
28.49431738909029
27.18565494814507
28.724912308995066
27.547446229116655
26.728414606342632
28.844169975048406
29.19004836774146
31.131230352718664
30.156337768053266
