66.53507934601618
65.0831169173613
64.62217610770053
67.84775083997243
64.07200938156235
68.35263481933319
65.09183817507076
67.2645233771764
64.93627864711002
65.62904486685508
68.70807370674217
67.52467470520132
65.46972947812547
67.37155594502462
65.37557107644815
65.78066072325109
67.31294991997494
66.25088299488381
66.08278659923172
69.18751516928772
66.43576877905781
66.7767966148647
66.06004479127053
67.92901377877078
65.90875902834387
66.85868754749862
65.07728687817242
66.06702274368887
68.12769460536317
65.79796427111621
67.8289341422104
67.73513936091042
64.92753919985753
66.10268548628554
66.80631261344686
68.17627646885435
66.22302985032195
65.53463540770912
65.36025436282362
65.18910591120114
65.53565855672022
65.45006311970562
65.53012418728241
66.6618444737955
67.30036436189982
68.80243030198359
67.83623672011142
67.23497124106781
67.98386153279989
65.4509090002842
64.13559567008564
67.12768502401129
68.37292174727843
68.35135049248571
64.19066084564489
67.6357042669398
66.00124988827915
67.02669232877017
67.15951425560552
69.1812001141069
64.54622556420122
66.60875304687892
68.01323046564606
65.49102330128358
67.61535535553939
64.53826904974997
68.66325128596482
65.15461014257318
64.34964176834677
65.71611086122226
64.21240201295721
66.26563258676143
66.04470484954159
67.26058283064486
64.12460993360843
68.8908569419477
66.5186897674728
66.78316770131732
67.36925212028349
65.71487358635792
68.49497627795532
66.35820276839131
64.3020902541446
64.62240356830577
66.53074722707846
65.02839695715296
66.57380963302185
68.2084757958424
64.80485302620656
65.13347791591822
68.72614484318879
68.83434908008515
65.85975783645236
65.46618492272697
67.2500103897754
66.54504461350555
67.79584344203516
65.12329634065975
64.22324049375749
65.89490943973813
