-3.667219755106896
-0.033096291163816516
0.520112511915557
0.9507562640871203
0.6704593896567241
3.755034639723198
-2.3810900968679833
-1.5823513886327487
0.10103812647650545
-0.7709193314104329
-0.9931747045004353
0.13605126454424643
0.4905309597646159
-0.3307743195685506
2.285145713722183
0.13519858561323872
-3.423898058643965
-1.6265175693813667
-1.2762829696522857
-4.6728862477269555
1.8016631829276837
-0.35083521524352573
-2.3932293200416033
-1.3491096620963714
-2.631404929746325
-0.4542305737045003
-1.045009215311326
-1.6376659402929976
3.1324961421090665
0.1595924580004272
1.9756189309962329
2.0187893588998227
