4.744176951187888
0.9824509602308964
1.9107055611967751
0.3634900200065753
1.304987289177595
1.1254259866279457
9.875556378752885
0.8987609984821558
5.090863421235785
5.13686471272323
2.0510390716989706
9.149821027573562
1.4393655421321916
0.6977656726327987
8.328690037140362
1.9511019499054285
21.348173407236686
6.943431040183103
2.618730014627052
9.252229878429006
1.7608088101469617
5.102233344949413
5.150527639922288
4.784857233304298
7.031226454517001
1.7485540851423094
3.067014360070802
0.2738353168310078
0.4107181016147864
5.1933540482458165
0.32715241064205064
2.6431275873857767
