4.387209240611402
9.849281330641901
14.88753594258013
9.387046325824155
26.736927822892962
12.917032188830575
10.321093094063988
5.989114940336412
13.06125602444206
14.439456887526463
8.660585903903472
-11.170506240724723
-5.58328059624173
2.787988418448321
-4.561159037938058
4.753051826189951
6.413189107485665
14.6051882027289
5.318660654131857
-4.555700369174403
8.200234064529512
-5.478294883130417
9.041259088491582
-9.62965232242307
8.580268276660401
0.22505086302885502
0.10126154358223172
9.69436900742351
-0.8733386372826288
12.225831572154785
1.9424620037643434
15.70959363417402
-7.693919552267982
3.7036895430710657
14.935839110594458
-15.225842460271384
4.5681303859276365
20.646166931559296
4.5545183916499905
-2.525388008049518
28.952456747545813
8.436839308517168
13.651981527384269
9.653193663090526
9.325355281420029
17.38755924090332
12.051142224952688
11.294728963632124
8.010746315924138
1.591753052451307
-3.677801473854169
22.415586446147643
6.930418154487782
9.855871477912148
8.44810186858623
13.037363548453577
18.85734485865281
5.752443664147599
3.469715194977071
13.408484809522895
5.701845782602037
-2.4065166017601545
4.1606783962589935
8.672469977926884
6.312176457987557
16.310404884235133
13.224371322328228
2.5454949788937116
12.048138507573453
31.83167687103348
16.389194647222872
-9.578445112258478
16.093161287133395
1.8152059820575817
10.22213804220659
10.684846355940758
0.4899089007958688
1.2253193588451774
-5.491723053893278
30.943282361016234
2.3549152282399746
18.770634609808276
17.35522713843182
20.61673356970074
-5.553158520233174
3.821580299175669
-3.571804259234284
5.71306201825026
27.448594079981127
6.736283274656076
7.251227795285349
19.404302506421836
16.56656642627985
15.133498171697228
5.523642631069514
23.653027727845718
11.327929799377335
7.0360373628972415
11.629364004700177
11.962600507334706
27.002292756565694
16.073268025976805
8.85593315022772
10.886736065943186
27.83381960257315
22.106567301411506
2.271051816645551
5.327634703367257
20.65898229964079
6.067304554473807
2.090239420721404
-5.152473126371929
3.4782543098459158
8.830710924054902
10.020418594224365
8.36350666880131
5.328836010371596
8.652482362152067
10.80718126701154
2.578525053634273
18.167511067244057
3.673458262121765
-7.623668041080082
2.2858282102366125
3.419827048094139
-2.520443299047116
22.53736693852496
17.549145563789658
