1.8790588875771972
1.2704022004068256
1.6604443676694445
1.6825670891608229
7.075930133243869
1.3481336071953078
0.3100198956724902
1.4655925769867313
0.14257880285082236
0.9492121085208712
1.3336809949181054
9.268091180178898
2.432507370661834
3.0456230457467135
3.006510156754972
7.819366126924344
1.5931343128771873
1.3333573959001195
1.6411135999203572
1.226456722676019
0.40491811534865374
4.343079665315984
6.232821181171459
0.0027338362972486882
1.094532543986658
0.3765447689068016
4.078367268216669
1.1209866893019862
2.986204992275748
6.742624964677799
0.916210521643111
0.19439286399507436
6.638175505012185
9.037923810662653
9.80725010195527
5.84682318285154
1.484143595021041
3.8506795119179182
5.176207266268595
1.8018705145553564
4.221132910678035
4.685420402908254
9.995728467483952
1.2317530352215116
10.381535629090855
0.4471000032661314
8.337369196325529
1.5542875250958141
8.466175919240195
2.368952562189069
1.0805767093334957
5.5897742163909285
1.7108520065188704
6.9423592017890785
6.602873303067862
9.033625893613277
7.718401546434778
5.927036571352419
2.9740834901979847
3.273519284985158
1.031554298105301
2.4057075951721254
1.67946456591912
8.1097860796554
1.0298678088680209
0.42805898072817855
1.338822181902973
11.080858426675373
5.930983037096395
4.048556930681458
0.02867459308328058
1.918415162554462
5.083812584491249
2.5854337526388
1.9524590161125182
5.311592660787973
15.688762058327727
3.8446832044489057
1.892928369012626
1.1563315808035306
0.9517834345305429
0.41228467423315546
4.890587638933392
1.397099908514368
0.9772168742376215
7.245444884577783
7.731809849325816
8.154914618021028
9.98745439015398
0.7817651817950018
4.5491565924280835
4.731666659099346
8.57397908623666
3.5344169100803526
1.6252993531048732
1.7405220219747326
1.7064543492270998
0.46913279130897506
2.7000988094554965
6.1455018819552105
2.763411096772758
7.00949853182455
0.6702761281377219
0.5399258639460438
0.05538648124493093
1.3166471906543165
0.22701678685932625
2.337622417768817
0.045513940760766584
1.751753557840459
6.9747090088726384
1.66077008257182
6.112815847223813
2.132908754686076
7.716981689495695
0.8232622082812958
0.37503527936067754
5.5149846022421425
2.361188463706748
2.2186301695540083
2.2853617334691503
0.23921293400690113
0.8810648675699673
0.7561156291663662
1.2898638850867528
0.7418167456110892
17.725907958363084
0.5473558698070798
