16.368844975884137
2.1314821932809442
11.986233534596739
8.984677531929696
15.825833591595018
9.637176103090233
2.958882891972416
7.11183527305778
5.74128559894768
11.879018210439423
17.356313127825757
5.165307540816847
6.207534025487122
20.27056007735844
6.645634967393352
13.696288385795462
18.938953869526095
12.600547038042418
-3.6383635788095496
7.721610416642492
5.961312933096151
9.2357881083285
3.662871652185122
11.618412266474781
17.50305889103106
12.899727310078266
14.460255279411463
7.86031940374335
8.172840887379078
7.549039154327599
20.903332897279302
18.075711144018538
