5.007239876859343
5.8691352147433635
2.4598911657216873
6.347358200329525
4.61987193480222
1.35842027255064
3.155958841118386
8.304214591381836
3.0035187139315025
5.4948986550389245
6.636423577884019
2.0887224350005544
2.8213456646858694
2.2349385387853133
7.270665932799896
2.8376887359679515
1.1453575405565788
1.82755185088444
2.793805598218792
0.25439677404106004
3.9750188856403885
0.7000265968139612
1.3020652851387613
3.3970407064209085
3.0057517879013873
23.818157764296092
3.78940496506094
0.042596907799718434
9.391344637091628
2.143683045473939
0.3370114409012379
2.5705376304171303
