-8.688506463206956
15.448674821187213
11.06283729563401
-6.842547100726968
0.1724687143448107
20.113375904642957
3.9095813070159866
2.755391145360734
-6.437256530106987
-3.157974943257277
-4.662914077642881
6.563503139182819
-2.31252285988543
-4.106058986402111
2.151460270818612
8.611204240825554
11.199641496519973
14.000658818043789
26.74839186263064
-4.222377901213598
5.9380535705230795
-11.716699951448097
-2.308254609317049
0.9047114172767414
-18.331557473440682
6.261983971915993
-2.4126641912875213
9.472492667264392
3.4455210184537286
14.816819355397529
10.149223547876723
-11.16941799510725
-0.4023807679274878
-10.7675798861274
-5.2736861424503
11.79494125112356
6.79697888552143
12.42086549765745
12.167333360918514
12.232803399896541
16.18611037321959
0.9600440713658247
13.629791308561755
-11.023387252031725
11.477281468552341
17.97945387819645
5.5548772780378535
8.937930867129175
13.644784532341795
0.5755337389923239
14.983914223811226
17.054462117687116
-15.344302716213958
4.722677878677816
-3.4166468603569715
1.4351602822987508
22.20230711035184
6.3481472318362435
2.579961972631186
-8.647120561440762
-13.207229859565198
10.908243331370901
5.990690503197543
16.972971585113758
-20.03338232485651
-5.721410595554511
10.74751404219514
11.024159383091812
1.860315964400876
3.1707960121365737
5.721931681996397
12.25345154856164
-10.09281507644284
1.6657242946645718
0.15984085745827414
0.968479136004571
-3.2606303916516977
9.038132282266044
14.1564625183209
14.373018524527888
-3.410855171384819
3.5573815949613596
-5.572495925073229
8.035357012670541
-15.491317557155147
1.5317257809246798
-3.6432357025349686
7.849289773549075
-7.162736741932047
0.735675736217384
-7.708536808187901
6.440041445198169
0.3502207247184117
-4.212010222929617
-1.294919305383834
10.579132561545102
4.28738500675652
7.322092495161119
-1.1118360083521095
6.018196572193285
15.767587958956423
-4.505793000884637
11.090777050039428
15.378977037678885
10.284091935640289
5.1707749677611945
2.5469209214689656
-5.19252337471929
10.597745650422716
7.212384124606
6.617456599164647
15.054823595806814
1.065027910688618
2.5634936931521466
7.936472157645983
-0.08179641899657053
15.368053453038252
-0.912349249875974
-2.2152373171205975
14.178073787303362
4.506446433220503
5.904958224521464
1.27430466453717
6.752886520611693
1.4348840793166038
2.3673105358838726
23.62994521410043
2.3284959976630173
