3.877252618867044
3.3658063284562334
1.1550540110296947
0.3020088265987615
8.887281939867416
1.474571354135332
0.7445467140916896
8.884687167721172
2.1572240529434197
2.987965324615438
0.03607057120321686
7.4825683271714425
4.213740506562538
0.0060444656158615455
0.45075374950095076
1.6704869951006078
0.969705542903837
2.00261759352169
13.468290247454878
0.03340385882538788
1.8696676704016488
0.8443150987525274
5.944527906319525
6.560266575336426
1.1699643837154003
4.297617318116822
0.761053927205331
1.1269462355386557
0.3874455219257809
0.7849306570123863
5.834741359848585
7.692162380435771
8.111139661461818
0.06838691594732824
5.195367773726308
5.064796676445843
1.107610594194119
1.252584843621665
1.5984951100978855
7.35027759920238
4.513772191109971
7.085578680092748
0.5957043535414349
10.782661940077924
10.252943084881935
1.6297786736329287
9.140660628259802
0.19130614561964362
3.1036649194832493
0.9037553461159026
0.5833739765252651
6.634533808520227
1.6582088702364624
3.397579975869251
0.879129747126078
0.93770619143291
1.6085484529402572
0.45928047050473936
4.9297364089362405
5.549054655790216
0.3757711033034617
0.5186898778291236
0.6576921515492159
0.5703165010207143
0.4360721072151078
1.0649950966187052
3.098409943339593
6.009168071770225
2.883288997161889
0.6131124736351328
1.5467575876788735
10.995237203033449
2.49809612725213
3.7733437422053195
0.5568506897830027
0.13015696396360127
8.312270328730124
12.274700917525427
0.7772926940145637
2.427274873305275
1.179070691699064
0.12051180460140852
2.195508440971483
1.3225462534595445
1.5177378958581784
7.646491652422128
2.7458867321748697
13.041025856485858
2.9997895873052594
4.077201557032071
0.2443841723997963
1.637322133285863
0.17233991795047165
1.485728191907139
2.304744817384388
1.172076830439111
0.5644755180611959
0.9067697884235923
6.6933425895305385
0.39538287482567375
1.9640295295813504
0.6249675467124469
1.5401836605014994
0.07704239354410665
1.558804230665928
2.597899997758128
3.7343345750946098
3.7328422872250004
0.019170833880707408
1.7000413795190337
3.34712384103032
0.7317603046405855
3.5109334709201425
2.8651530860040264
0.16067404313093805
15.252344595453517
0.24709318955814924
5.924066444674476
0.44781757108345044
2.5504057409693623
3.187078240524987
0.1063363024346608
2.0440562852585225
7.029482597005726
0.12831533446019325
2.744147584679159
3.314070117640431
3.3548685451162514
