-16.353558763253865
-6.344511428998656
-8.111594899263068
13.110411513977388
23.77930024641207
3.059172828397477
-6.653121803431053
-16.835775465446325
-0.27014517766798885
-7.330677912664855
2.233872490025324
-1.2674734356029465
-10.226157480943183
-7.468705805150297
-2.837644112698954
-4.653411969672578
-5.947340997859399
4.345775274788828
-0.3297104505330708
-8.3147265552786
-7.464838441033193
0.6866978278450655
-9.834394646614024
-3.0232434208944907
-2.7291375716672825
-2.8854060299561874
-5.649140243908079
0.8180782607927246
6.221246404692517
-8.690585351764337
-5.432933573724932
2.379609436953846
