0.22261853579725552
2.054393361546127
0.6547821395157807
0.9640465336104581
0.16537208071554305
3.8938593341789955
0.4930250118099743
5.885053070130896
4.523742240392464
8.486447195496357
10.129288068925142
0.03021846392047184
3.733515180852806
0.9474333575527142
3.0050264988592477
2.4451774046744643
4.230005240032216
0.8864543057765636
1.473945129252448
2.7843802196533836
2.2041655524267054
1.9364826245693336
1.0299694250545053
2.792131569283442
1.171640886547657
8.22937489309507
3.7729398395937506
0.43812600375598654
0.24059939711179695
2.5556793834726874
0.32338084028146696
2.330115167107736
