-7.2880670943932335
-6.8060279454223735
-7.8035003084862575
-9.771919043250008
-9.007389729160181
-8.104355688273227
-10.97915665502651
-9.947806811679706
-7.553775792921477
-8.213321646650698
-5.806451702259769
-8.042094292384535
-8.136065903338277
-10.168009248230629
-11.256184617621813
-6.342587825989138
-9.170277327708956
-9.271246142019994
-7.714021596808555
-10.362335191513974
-10.051590117189866
-7.244883350549745
-10.575855979152426
-10.339333123097147
-6.58261546185669
-8.242527365070769
-8.254884058677877
-7.438066548149745
-10.257886632964842
-7.374256164020826
-8.034925968151825
-9.96995471040002
-9.936263991184937
-9.359528719536382
-8.697749582048598
-5.619643681344719
-7.377574307621547
-9.469935896471327
-9.748689472694252
-8.215379643295371
-8.149598655755586
-8.238586127194129
-8.025756587564166
-8.441847091352704
-8.315356000866014
-8.220755629230057
-7.54544634206686
-9.943083706943836
-7.745902129222896
-8.797473955731343
-8.362923968446205
-8.19646020344231
-7.683665370862057
-7.458369637321352
-8.795797091894455
-10.201914620500867
-8.712757657175109
-7.705502582538629
-7.316770148355691
-6.075961973214677
-9.579754236432217
-8.304967018985357
-9.6715432900362
-10.139286666806747
-7.602227639222389
-9.181721556411654
-6.706683776043188
-10.455278497219243
-8.219798957777192
-10.036743756508093
-8.508162247529432
-7.755285739442734
-10.304217577235455
-7.223921543432165
-5.62681440610462
-8.50378012805001
-7.327916406296865
-8.770342920425193
-7.829256276203439
-8.649657619308247
-8.613273676277046
-9.49890939801201
-9.763838481292348
-9.374327364522923
-7.184852360882579
-7.0529656212803715
-7.810719086138972
-8.81613201661659
-7.7767878739857945
-7.718182219908964
-6.083942692501802
-9.223005612697149
-9.063565120658499
-9.054451929319272
-7.37002316441446
-7.963708271806548
-10.558894254759778
-8.074617227283616
-8.887280726802652
-7.200108048889144
-6.993678034745646
-8.0384019559764
-7.676058122584308
-9.338106943310363
-7.325550668035242
-8.498020506194933
-8.654311297529643
-7.65899255337536
-7.018112065075925
-7.8555651556422
-6.7959759598686755
-8.675789523461875
-6.675838069003619
-8.386909201202041
-6.683172957773128
-7.5632076468229075
-7.516417197126448
-11.155118279523563
-7.763391392347966
-7.1611900840739615
-8.231373535141817
-7.970003478379306
-9.130937966891006
-7.378704139823829
-7.571387423035851
-9.21792484519018
-7.907243541433172
-7.05963819439993
