3.7317746199874313
5.412347557719029
0.7564444397061215
3.386418899020735
2.275171367112684
0.43982093072191075
2.9513245559884504
4.626114034026576
5.5732943617248285
8.058379259466694
5.309191705397912
2.7538495295808874
1.9101842912993408
1.2649272629946733
0.26740299214415353
0.7075356414975991
3.9860880841790864
3.822844545381364
0.7987336789835123
8.769963728132506
3.1744641767172177
5.885397333686066
21.865454376748716
2.564879354266067
8.305950323073596
9.748849977179136
3.110479604452221
20.311858950258678
1.1856956884202021
12.541603114392585
11.121838464607778
0.07901544897181695
6.552364358587554
1.8177525454063284
4.30935138946286
1.6488742814328001
2.3319706488458998
3.0104600382998097
9.197484994066876
6.4078733868814295
0.43938937336122047
1.8992938228799487
0.7052982451810995
3.75184024925825
3.891294974640732
3.173945071628806
7.264209063707552
16.556909607475916
3.0390286477696438
0.5083028016068468
0.6492165431351691
1.5845876496188576
1.993785417100026
0.07048102262555393
8.308170793141795
1.0520109027521758
4.7357699873508095
18.320054517139262
0.20109330645814566
9.978177676338525
6.485277119089038
0.8654132820493791
8.33805020485776
2.1069344985784175
0.04510329242328002
1.3952441325476697
0.4390534190439361
0.10119193070611736
1.3558626967571672
3.9120760478342778
0.5496655518167568
0.5142563704514118
5.779914979554858
0.15354280543723042
2.176739820404536
5.051543896460269
1.7757869485499314
0.7268240511315557
4.0576305198643885
3.386527523536287
8.402849740351549
13.394921390537412
2.734372556082954
10.249834808908991
3.3283306589084583
2.3365588020937755
0.03439629189157548
1.7672562545771229
4.2605564681027595
8.3265770552283
10.402820545335793
5.210895304241179
2.1961123934831925
0.4972815205308543
2.5351458660883615
2.7074294309844755
3.7468263892348395
3.5481169847947176
0.2881266846849972
0.6472740745291323
2.1568908282410053
3.55912678383067
2.841548612598407
0.8964529679435725
9.003694464867989
0.22463985575971765
3.264639828920233
1.2162285792312082
2.218293893734133
15.436739388378061
1.2497006000050297
6.970331109747509
1.611577415050348
3.4281184833843668
1.0843434898403803
12.284571775692063
7.127551123355547
1.3195741598381225
5.285605349321499
14.49218762758009
0.5795976849385787
1.0590997323912201
8.554527036014962
7.764023358528547
0.08703545297040848
2.7399356516195
5.679743178292853
3.933002430637911
