-6.471790117709123
-5.795140028877292
-4.865454512589173
-9.880967778811033
-6.53237241977013
-5.095655616116581
-4.50309452617239
-8.399904880238614
-6.935084907289709
-7.165801270842115
-7.471227949480193
-6.991836406134527
-3.4919554513185487
-6.924159342561545
-7.159983759249275
-5.381863031620201
-8.296940339611155
-4.975897651925734
-5.777948288936706
-7.327427083797351
-6.506033320959254
-6.082799520683804
-10.973924965742443
-8.121615124903611
-7.495489616726515
-8.224845530905263
-7.824249222011159
-5.4923169822731985
-9.015995411398936
-6.239181783347335
-4.145529251267069
-9.59494217859245
