5.429798785428888
4.498552423528999
5.60531647784874
4.621880947950421
0.7972627787087218
0.859299974771873
0.29696973139319804
2.0999614766745625
2.4529463955355637
0.40898024358647794
1.7418639205573916
8.588231938966262
1.124646972113767
1.498746034543285
0.9599897918733264
3.266937706799602
0.9570914080206165
0.12891344210888728
4.452094520970125
1.9830660683338766
14.180384089791776
0.958910317588852
1.346292219032532
0.45093892060302476
12.729911463541113
0.8155823270747556
3.393473500606316
2.342149015914393
1.2755867420089049
0.07922467085938348
0.7523602048787037
4.029952927218128
