12.98760202553599
-1.0106018762692903
7.374825124469282
1.1037883325536826
2.0270655283130905
0.40212733314373805
-7.125198100278402
5.774625630199598
-5.668163717039282
2.0264298629865207
-0.32794171714727494
1.2779196124468957
2.0267628287726227
10.955679079122614
0.8654130017953727
-3.2958139922109595
-5.478201156500554
-2.6856824598447577
-5.493536546879451
0.7525148605953462
-11.074864640957168
7.857391502032989
-0.6864051583441344
4.50282500394018
0.4116836963871964
8.42236728328206
-1.9195102554969603
3.8724033912489983
9.64461802223499
12.240698336449611
2.9116579727289267
11.35524121803356
5.07709929450888
-0.9029276236431913
0.14451750666383023
-1.9873133453390084
1.1636979138283587
-1.1950213270069692
3.278321445564181
4.91797207653982
4.574963206971709
-1.8512282818681212
5.066641542502393
5.406925690826327
1.4610951393471436
2.7037011156279505
-0.8078550354176461
-0.23024996630017602
-8.222673115109423
8.454818286080513
0.4990752069991393
3.9515311626394403
0.7294517798640043
4.946310212805246
15.583579092086257
-4.849394508332939
15.577545379637055
3.1727803762660916
4.631909539814332
-10.655791726660564
-8.211287961718622
4.386946954797509
-3.8659629787004306
3.9732252928602234
2.6157818149306307
-6.675034557949768
-5.058871785233681
9.5475245814043
3.5830392320707043
8.611756827870991
-0.6081287461190974
11.222536172815076
9.882318415672799
-0.5997482715523459
4.283897376542516
-5.028914766372733
-3.875783525349388
3.427953910016605
5.264587460682646
-5.177846573514075
6.138804557819846
-2.754257534855463
-5.064284791368773
13.804806976085601
-4.250757389888309
-3.7269521957245626
-7.412114331579399
1.2179814151851205
-1.7045488616092794
2.7971822626481964
13.03481572798686
7.119659270157479
-1.9329091900819604
-2.2847939903602192
7.984824871905485
6.28739078517214
-3.0110800630712804
-3.808390934127833
3.2071323423873306
5.132203615985217
4.674640318972584
9.507637498225055
-2.0374777458883484
-2.8753067927311564
10.86866989589424
5.1480095290237164
0.6949858252430949
2.627320995812031
-8.923663764227008
-2.3941331248985147
7.198871479210093
11.790271311912559
8.533425749254505
-7.1163239320086
5.063064956368182
-5.615190216178285
12.871931086238856
10.17543565646913
-0.4475649609608454
5.391717660998131
-4.5354278280191815
-2.6035984990065604
4.518741507598493
16.58493335580971
5.32758493902411
5.535984386142463
-3.6016039187729953
4.521654462958882
