2.1577399478316925
2.843994638694449
3.8360154859195577
0.55194165464173
1.7322443009582928
0.4393346280065753
2.0109919738355297
4.746054096607767
1.308631741102637
1.9139269917246935
0.2878162235864637
15.46461615135677
0.25597468037574045
1.0671657118490503
10.350837990319828
0.2188513278417099
2.1690670894568784
0.3316841529749235
1.7397920238202114
0.257809467849263
0.40087447791818415
7.343543619970251
0.700669627502158
0.31340433577495486
0.820245647397139
19.31885029804696
2.031643190083706
9.035005327569207
16.10697898302043
2.4000205314736927
2.1325232336154873
1.143079091696376
2.755454777222222
13.465104046978
5.224751047567416
0.7026966123550855
0.18398750281372858
0.7069767289018908
0.6689223062241791
0.0004511718019952759
1.9171290245348795
6.5171864026350015
3.936630866076337
4.683248134765422
2.740791985030504
5.737366424728924
0.24351687021481838
2.160666165436421
0.5007552993161587
2.7574963560423638
5.058042755910651
2.6565453955966243
0.8985966027950709
5.65738124570521
4.171167064004377
0.6055513352579339
0.5624442868842956
6.743245134235799
8.096651223304047
7.08274079352865
3.603544960332839
4.39341090651181
2.355160391309865
2.4664013170308388
2.1165845539934605
0.6044701050996223
14.724339015935525
3.465016170443811
14.121418759677729
0.21340608826765028
0.3212603091751301
2.553019286606913
0.29046547142383455
0.026846995231022436
0.39752098807070185
1.9296417917384463
6.400562303799469
8.941829108927184
10.746724115085705
1.1201648874192724
1.4291132645668252
6.663898940818832
0.06108114358884295
8.068604227915296
2.5280617995667103
0.16776712246827055
3.2044791700720525
3.2884923886830526
4.32313466507528
1.6572739039730606
1.7676346830750562
6.718602263544761
4.689201630448235
4.582417538831145
8.862217991221526
0.4483019429511462
8.310239053037643
3.365788624155188
4.536303484220245
0.6321061923395896
1.9500569883277805
0.07084409423532324
3.858008615970727
4.233519284229404
1.9304856658353418
3.4088699564581826
0.48320266517597277
0.14134035139207085
1.8494336272431566
6.586726462211735
3.5478369687458273
0.6556567583860564
1.705495099268879
1.5239165349175836
5.521787973740395
3.0043341164012927
1.8310877175727864
3.127953813493417
3.714466732552511
9.393849935285095
5.226735060886711
2.574502462925876
3.6623181988289346
15.947679700567544
1.8190208227870432
2.037247428449156
0.40405591189855056
1.7642910746923768
