55.95822588728202
60.97418679439989
57.163824781152336
55.76717337371867
55.71340496238251
53.60426110338447
58.223109432427705
57.575246038803115
52.091674357019926
57.36249847798084
57.9848944390964
55.132661136477736
57.39473863789197
53.48496721164023
54.69647861749346
59.99815412795864
59.20607961586287
53.89058260586791
56.79789072562265
60.995635380399605
56.34581208030972
56.45669697531207
52.176117465197926
60.64665158872628
54.09551360451564
59.44040884917179
59.27445363856921
57.20277212499704
59.25798320890175
60.9006486540421
59.6995628657896
58.29886636406863
58.39700953266335
61.562775448306965
59.47439964484137
59.14149302454643
57.56814256859956
57.0407490959206
56.502311961322036
61.861515448932785
60.12662939428815
50.99283120655309
60.93031121053246
61.37580270260412
60.323837798635196
55.44630924813715
56.461602437680384
57.49119778132212
54.9633357317267
52.71733234874921
60.584259822143935
57.90710990289488
59.406183403263356
59.24685871171665
53.52321107564266
59.06111042813583
59.39857577865509
58.81493510611893
56.417619340789
57.50709289933515
60.918528808327885
60.576637925627324
54.87972656802755
60.274295480629014
57.64774103377132
57.77819971170221
59.831457704346235
57.300396877590515
57.41290848687329
53.42039656970091
61.13107789265525
56.39580528663616
62.87583629167066
56.69517770523754
59.16353051996669
61.92831648263453
57.06405572783963
56.83055819219378
57.00053851818772
53.87599968550178
61.04664953078166
54.469457530580804
57.45411694000936
60.96668079257155
58.689180847166995
59.028333688404224
60.904345089198415
60.38905082113394
56.76363211381072
57.92966416411264
56.76992267495341
58.456290867216026
62.590248570709704
58.56968878186682
65.52814376322725
61.54789286895388
58.294285128717085
58.07600997143253
55.216847719798075
57.384365764812664
