26.67886911734073
33.16094429062549
35.4511698970771
24.33188859953778
19.709553705713706
25.731654004721513
18.994806134700095
39.51211731350325
24.394450733973194
26.266205361585662
28.67546183763106
19.564844859451497
23.059502817089307
36.06812853995034
20.995709372437595
34.58692538172101
32.33220893421293
35.75785580094869
20.27917853041225
21.96013401197947
26.718964516318962
30.491626116111334
16.345352139847314
38.75345684609917
27.068890884880368
28.349125679630568
29.012549768125016
31.81392286434934
26.241593566693794
19.09318646988069
24.726804764628298
22.034522186371447
35.685681284563245
35.53567399961621
17.16802084836477
33.51228168501082
17.11822788839955
39.025758805547035
19.111183787917795
27.74586576422533
26.197488785973434
17.71397499001601
34.45707395323458
35.26886899882756
31.54938724907016
31.695412510125028
16.639806763419045
29.548314350099623
24.901930025585855
25.908818247047456
27.463632186432456
32.12062559784441
37.972346431582515
32.09863710491368
21.721464364817997
29.608622223490705
38.044498824887896
37.6428985553827
31.326439897110646
17.486524040411926
29.96636306597386
39.04605932614019
32.85960096878446
39.3463407796837
25.279663248642844
35.76464374575333
22.959311844342874
27.947577584746394
17.099379721712083
16.772272034928946
38.397920282148704
23.98278737712346
34.57993878202505
18.811635945956276
20.49475021526046
17.083557848014806
25.937524541672527
22.96196642436803
25.291268654131407
19.59734539704479
18.614839438460265
35.777467256490155
32.88351429863295
38.913846213523726
23.706500818157856
21.063177909371802
28.595750419579275
34.264227235177366
32.05540555926268
29.216821546210685
35.5175875865804
26.117018273211244
29.44854310249471
29.57404444742183
23.16204922463653
18.925088015450346
38.67557776970282
20.98362824465255
18.74647917864988
26.22628173373505
