51.73691375745298
46.167408024856854
53.05578239948198
47.28813173098187
54.42175936307246
59.11841179480093
54.21191065748454
47.59164398571573
50.02358414515216
51.80187058606591
49.77283079215268
58.063154515546245
47.298227615753554
55.05086805562366
59.7207841800744
57.03556084536765
56.72300747765766
65.90377474072577
67.15649801514499
60.98368123880371
62.28384003198694
65.89672443619487
43.45640755221207
69.04449227834775
68.43499185065755
65.95852464773874
50.45979077534834
47.33498328119576
50.69365593248115
48.63977569029714
59.16648244646713
45.19029058270048
54.61625318906352
46.184961765330186
62.843260244215394
54.16266714015461
57.31978846864119
59.37571395258262
58.85327326855534
49.2856177849233
62.37948537417433
58.46665268709753
51.59411182504506
55.711783944873886
56.835147396427026
46.62772877037118
40.59030268273132
51.4957821691805
50.23508928703212
55.98866129680292
44.43679448593161
46.02846014490624
45.50484949641996
74.24682283445699
51.94473012400135
42.42303968898695
58.36103486464422
54.54013970829521
51.729958399116136
53.84478768423091
51.238554384252296
57.11182766166275
55.47781558554283
55.83636983401218
60.718368202528595
61.60714197317688
51.849618413409544
58.47841065630792
59.21924967029988
63.03836615125037
50.90660229670292
53.24318143390195
49.87556811047793
57.06222593575744
47.54925614454114
58.91748761225179
54.377338019037786
51.009404209810505
55.50820814347053
53.71149590402727
50.25145582693395
56.7091893928787
59.66536367896627
60.32170309859637
62.22148132317093
41.83324403968349
50.20968765278368
62.278425362068816
46.385300983347
55.83895292964792
55.596800515231415
53.49761745033157
53.3533513380779
61.798503133514416
65.93108714976796
58.51398895483426
57.33815577752079
51.07775513465104
67.48378990553323
55.75173721332888
