62.175072732633225
54.13029819017348
65.27707516568702
66.40815595183163
68.74842535448586
73.66769992868092
70.37305057835287
61.59099091936507
65.32418143995011
69.8279164097815
69.45207552004395
73.01629223905674
65.18757471647484
53.71364266922381
67.77320694350826
58.39312119575317
60.24896575094016
73.55689214016084
59.169887952910386
58.04542722087902
66.80923960496598
61.60254200063596
62.309627153055665
54.03365161772481
66.1852456597177
70.2982035524057
55.39301069407085
66.14173291276695
67.55986358440315
65.9211749017155
56.74442729013929
71.85535755255401
56.30152063340422
59.1317285143307
65.14103439934519
72.79253715465384
61.703854247242006
65.28258060569844
57.24018731193075
57.92196989967781
68.02014306316427
65.64342872996097
64.84855285994148
71.8087879751371
57.67358796592875
72.0367367844507
56.69332835955035
69.28926441918603
57.30042281635026
56.461237904767344
74.51196005988118
55.88733966775067
63.45922737374171
60.94503601868168
69.45928362995863
66.32231582288462
62.25813377106036
74.40020318663518
71.72590917225628
55.72124731308295
69.45143570735377
72.65777060795428
59.99756734770733
56.51196135331802
63.394877298848215
58.98887596275687
57.71406341032234
70.67917045251295
58.667942171032365
74.34712739454461
71.83081982410766
64.90368167754525
57.18257753714782
71.13491163375646
56.16524221207341
70.54763460915052
59.15668095912616
71.61744443411921
67.7454151165715
72.81815568153574
56.9392746899932
59.82474633437035
56.43792780148134
71.45996858560729
69.97229453995921
60.38562812900487
59.850852348396515
71.4937400741523
66.74469471663657
64.52871282540222
63.84203355406797
55.979025819895426
71.23726024613647
57.93420551372637
65.21833841548835
55.11547938838619
69.36268979709726
73.5066848199183
63.090353419478134
69.37305978538181
