-16.965776125728546
-12.316920269446662
-17.933700022739583
-8.526787537770323
-6.037044420157917
4.9905956031903935
-10.282865857399981
-9.350908942488413
-17.966907178097212
-17.378802784949073
0.15832373812726797
-4.807200790828254
-30.725032186260858
-1.0035198289208864
-0.8384259274148302
0.8790845748113911
-5.675824543993652
1.7399787007855094
-5.921696928986784
5.038527458390155
-4.002095391364433
-7.607965178685029
-21.495482047883748
0.044862606200987365
-18.269637053688534
5.1833682825014025
10.452078178728502
-5.970394613760128
-28.77727932116252
-8.516645540547014
-2.4390898726577763
3.874524723326867
