1.266509948684585
11.449265901583578
10.703368371391704
3.6469032571844338
1.5021883093023498
2.7990567384632072
2.8079421435063483
6.562421142796575
1.37983131433868
3.1089755643528227
1.258619056674681
6.450994836517348
17.434394593223665
4.8619647264651755
4.4359355308526665
0.6195483929471877
0.5628288821438528
17.936435698298602
4.078725246205788
3.1166152134694194
5.5388248502661
13.313116764564098
5.284160683429395
1.35630160099576
2.865508881617861
7.463710374566693
3.3002737001037095
1.0513071657465747
2.649518875752679
5.161868633748379
1.1131218014278115
4.620302098805662
