2.3431911831793153
-6.451132973435266
10.43302277648478
11.548384211632019
13.462709284557924
3.653242831516031
9.355955901908697
8.577158435782126
6.065658150542491
8.782806138060737
8.215926431309056
7.07567251165791
0.14626388228509946
7.431199682362851
5.09958207843393
11.091379782171845
5.738833235685289
2.3989768087519687
4.461655781543961
4.35567219769091
5.301039144860656
13.837165594113323
10.856760119834421
5.795037628410785
-4.619947496090338
19.161451449422046
5.777489460819084
18.11007120544698
7.931193374251547
8.80351920366488
7.775399979047766
5.928426353835608
-0.4556372029313547
10.365189760387105
16.885823857948033
16.428120894716898
24.117629533400894
12.025041571854384
6.212955367593109
-7.289810247378959
6.42612578560667
12.406751867822862
-4.058805043431578
-0.34464518063036564
3.8180898630281934
9.418914816264547
7.786053993935295
3.866598935422476
10.476571932568069
12.143816025486082
13.001820363766612
9.035861084635872
7.456500666675188
6.405947495319557
10.566075470414802
14.323870734723421
5.441892178052872
14.963734000536778
-1.4481868019737014
12.398871248035494
9.015053820252431
1.663640267052628
10.85830840456478
8.59410647860131
7.205938075618262
17.867559391424358
14.074767382602525
15.818145781355668
12.423128559855943
11.672822867756167
7.370969123727459
4.989219673578059
12.76152537640774
9.596952115839493
8.66943033851643
8.211577373511986
5.050828815130742
10.818262779405979
9.890064555263596
4.145902643086196
2.8677144231607032
14.088421040458362
0.052171567313468614
8.732518314578211
12.081779240963847
8.408319164280408
7.554843904396176
10.903733357448747
7.047313653316705
2.605786931012787
-3.1085562446119557
9.377837648941506
-0.143379282926686
5.405497377374208
10.786695081710558
12.190694517187705
13.212855631566203
3.834571628870439
-0.7707719151618591
11.589059009852015
7.349120034914851
13.400059270605233
11.655943537012243
8.474365366180214
11.99229791296579
13.672053663518643
13.112324747524235
-0.26682113628809745
-0.5010272162062677
10.09775105352108
7.725134259551661
14.420994565394613
10.152754616307563
15.774310567851364
11.52656900247107
7.273567566852513
7.363589846737627
14.60767668163669
12.793768385355245
15.743535125838212
7.902193122859045
3.916097370052266
6.049936640480473
-3.2877327686951574
8.475027258780273
13.267165469448646
1.9133290717298364
-5.159752746739077
