4.012593931067397
0.1805119308535345
0.42103866285266633
2.5469017483777274
0.08859965656170428
4.131274408800493
3.2190117804562703
0.0006129064662096428
4.620389828007109
1.4487313476327732
5.117506119102034
1.0962086819871333
0.8161733291718811
8.042986510269584
2.891879250705228
3.498197902652989
2.946276177011473
2.3205617472958076
1.6480587861869398
2.1349889982709067
5.727386862637266
4.521173832078968
0.013471151584365768
0.26816320690451756
1.830619520608394
0.8180196675441999
6.12047821735869
1.91796817303588
2.5943972330336824
0.23549728437871276
0.768935434029608
0.9459311438015419
1.0877230553214277
0.7108762740509141
0.9522100288735317
1.7636788094494058
1.589564895849796
3.4202187786698404
3.1156193680580557
0.4916166153366899
0.518079341676406
2.6361341103914384
0.6621132256610244
6.0598688498648565
1.671768357062491
3.2127320794459187
1.4025587711178926
4.29191409341485
5.185205933991559
0.6130993482406866
1.5463364210361885
2.3129394110674233
4.118848385432523
1.2853948019200807
2.0350149025960547
0.23239847176956077
8.17478185072711
0.44235135181999474
5.68974285844642
1.8390634832269772
3.516044270289684
0.8756985436339384
2.2470313839937197
0.4117651144718568
1.34843354750377
0.8414564528632938
1.2883924800613158
0.6954649429872121
3.119323898889619
0.25034938683110963
0.37837826604377806
1.3079588495842673
0.19843229113271504
1.4800127287659604
8.219189122054061
7.114955227283236
0.5597260229529186
0.7555872350184171
0.2279483065012128
0.3876188043220622
1.2198853915378882
1.1167148871097132
2.6992405137773865
10.91918415361745
0.3420742462855198
1.1564324929357002
1.2367005876903587
0.9178341962567744
0.6596398081820619
0.2018248492288211
4.106099243924666
1.7821759545727562
4.728477007610545
3.9456503652972645
1.0212937971225375
0.4005153443080411
0.23531233357366746
4.091815275393367
2.6718471277260396
4.911904970141337
2.40621259032563
1.3208456164202858
8.237050010404541
4.821680037016736
1.286828947655654
7.218772169105518
5.02228568345828
0.2359150421917637
1.9458197339116208
0.7281574111343736
1.5994255888421096
0.2188877968512665
0.06319709421224706
4.302060285321818
0.6907966357857894
0.4067824476089251
0.21690438105130788
1.2482205443735233
2.3135079719806755
1.686725158769813
1.4804258826891667
0.015352974643397965
1.1040162071523563
6.3296653587288745
2.1581164338822614
2.716939078152665
0.9026799947016492
5.213093775016461
