73.18455781743643
71.24893908236923
67.12538674095032
62.40618209861801
65.1097857287337
67.21246712149348
69.16990081140499
67.2066696523978
71.03507902156991
65.0676089976463
71.18415873918427
76.79820015456784
68.89988417919899
66.66973717317138
67.22795397959052
68.37014811987042
65.72279529920796
66.02243104630803
71.02287375246601
65.19727047035505
66.4428598392664
67.45236234915984
67.89951514096765
62.89247457698623
66.54894958291091
67.66222901605602
66.39007103973982
63.467058616275786
68.55516293339322
66.4632626063741
64.742247196495
68.72764566801409
64.09189577065493
62.91216311969148
68.58990439424403
66.89697794768759
61.698425222879955
69.39368602084625
66.9290596021382
68.26709376676506
64.68809971019239
67.21683219596753
72.37379825472587
66.28621902165786
68.97763539834678
69.56145612114376
68.97824003712331
62.78933639027616
73.45797120946696
71.42371657480126
71.86205879558963
73.66012281667606
75.26023564160857
67.70643185913052
65.65495106937755
64.96921634023968
70.05368941058656
68.16046182445496
69.14393953016635
67.30735644684667
67.84706712094317
75.02227005522276
67.18265194930022
67.34739612405605
66.8642271735811
67.82935778656257
67.88758693815198
66.58905751463037
71.10322043453654
66.3819482838079
71.66467714025572
69.40403702745445
65.82038418514287
70.4323583206259
72.9342241665658
67.34798989359342
73.03622676609073
64.22984132714834
73.2623800481244
63.54513650886874
69.88804372758963
61.9379938809053
57.33312133311363
73.02977541355924
68.12981697964617
74.69196858538236
71.62805966731025
67.16626461330037
70.27103013483486
70.08220505255596
68.31194866214298
66.47151311219088
66.40188345859156
65.72282002979536
63.8157916086375
67.18039127917717
66.84430773062167
63.66694048912592
67.74957092502676
64.78190068162311
