47.6327661647565
49.84454028753312
50.92656338238034
47.25545764457044
47.453005564750626
48.242304000204356
50.50255236420897
50.10044708970629
47.472656123626805
50.32459174140681
48.67012290050823
48.66365603618642
49.945759909969446
47.992917596975545
51.12603518204719
50.66168650848179
50.30253051279909
47.78732225485188
50.203756063443606
47.94279166381944
51.226526775537195
48.261836523678625
47.506911463977424
50.69621476914869
47.298468536189134
50.422432638124704
51.10693792162927
47.58352212615224
49.14633626887956
47.28724492648167
48.67195290945699
48.40387907631981
49.29507890787185
48.77501433933679
48.90852619813498
46.97534688364961
51.076498164834746
46.92923229860392
48.78488889495616
49.947618127059506
46.91391821388711
48.068882387784015
49.65662605339177
50.492946258998735
46.99286889940876
49.81462584716881
50.866437506837244
50.44817010036888
50.91919681204289
48.5367741042763
50.612191627806546
47.7178198991206
48.10397000795844
49.621431910167516
50.049918620249976
47.521055186533545
49.35475790356887
48.49370598786723
49.25254913816831
50.58687965817031
48.66409250398607
49.35920652942206
49.72250028903162
50.74399528703322
49.110729621434885
47.84860056069779
47.899677103717266
48.60638021056692
49.101773307178824
49.6680654927114
49.5405938574417
48.27536933818493
48.96691706521394
48.83826929288365
50.30398947027721
46.8622710071952
50.57337120356224
50.402725295960614
50.50698625622153
46.842180228081446
48.620901154417055
48.18889939867177
48.59584006132553
47.68190289004289
50.27100896026736
49.97962939915186
48.90571499757476
50.14923891217693
47.79239761197774
50.92916728020602
49.82757526785045
47.46578495496769
48.58114196269071
47.343368892669346
49.05620216902359
47.765656719558216
50.85502102039084
48.96427333632288
51.20935382581257
49.38354717197031
