0.7078253154038017
-0.028346136418701803
-0.7167906105651287
-1.091298762055881
-1.1932117271286584
-0.8847341435637368
-0.7045200211164849
-1.1034400631245216
-0.3700985900910656
0.04690941911315802
0.1486179353363231
-0.17496833551501834
0.6866747683557216
0.7417252099439267
0.6668443813853655
0.3446605242423555
0.7529246286938388
0.3806678859782586
-0.6376989075004595
-0.6959086039032527
-0.5134768659191958
-1.0702573427352602
-1.2680665279254548
-0.32363345815997224
-0.798200990973948
0.06853288096096533
0.2315275196222413
0.33057508694629417
0.5531747295793755
1.443582341599405
1.2169651010266263
1.2707305692068744
1.036611140240127
0.08283677233894293
0.9787775826013735
-0.26471173382454194
-0.4506933984465211
-0.5802026785977392
-0.8527655909024597
-0.6975271273835838
-1.3323674334905067
-0.10225759785498989
-0.40521621427746674
0.28996128206428995
0.24364540597650275
0.6541755962668301
0.7123530543789152
1.3211215024712417
1.1044043536415946
0.5049902827921458
0.3697427606128752
0.17069844660614686
-1.2171402857737323
-0.7021306113357241
-0.9542393063335011
-0.9150576280917293
-0.8357329461291604
-0.607832654592723
-0.702948545867983
0.24748275236743947
-0.14936881515353984
0.5300500867633681
1.2996651368866436
1.086100262336142
