4.7461789900272
-1.8692926909709273
-5.377740228245073
7.696616010961167
-6.263348516490167
6.884505702714853
3.190428621880201
5.649694204262904
2.8349540513482197
7.354974693513859
8.727978064918666
11.353812234563229
5.842073522840167
10.608242673858609
1.7311893297721195
9.465130110652991
4.181042723587158
13.48490441209916
13.214374715431049
14.503134605996577
15.161431138091258
19.696086142616668
21.216934254522158
19.901372693301454
20.57346064378849
21.44705435064485
21.298987085860336
22.79459095361422
32.5350652128411
21.813970600794786
21.210164745020602
18.772432607024353
14.490955831915246
26.97458616370239
29.11970391344328
23.740682023689168
26.852494054508313
23.06467259611392
27.99357541524065
26.74066299624732
24.784879308742166
19.60341420056327
33.04018649569393
25.550842442248765
27.907474987645344
41.89225186936196
36.13706124409637
35.09961894942794
31.01712779762794
42.556226374626476
33.28536563718488
44.04585674860783
33.905440542281916
47.55538042581734
47.25756859823105
29.32392244179638
40.5775413244498
33.50072963009941
38.95022450684622
48.35692127900084
46.58136924382201
53.23526008823725
49.30465136658474
58.22936390320406
