65.84479361750898
54.72718488213711
73.4379236318232
73.2479182938563
51.52480513984205
52.813097698513
46.90491335700843
61.098726500279184
53.52617952558928
62.65104964412903
64.500506503988
64.39836118414365
64.36999764402968
53.62665265947038
60.67644137657881
55.71679164709114
58.93938496467981
67.3896483975038
64.69414747678091
60.24633552295696
52.70797134740244
71.1900800144504
63.50065501947332
61.8333072968952
63.278945727512294
57.36163090079101
55.176801406881054
61.718187628059674
54.75209081021446
54.983584423792564
60.76513303369351
53.987310761588475
58.099249562586515
49.92769124069206
61.14094583971711
55.335090395981354
51.74874006235472
55.04962327555302
56.90337384775609
59.74221736324759
51.78962710339835
50.16474996190846
62.503606173586135
59.311845492517186
55.11047173431747
45.75516460190043
68.55915818387184
63.90670850895351
58.5629744710891
60.154139285300694
62.413146874178075
64.29002605965442
57.89257461701466
61.54995756708333
58.08062703361173
60.52379223180262
67.02262107267032
62.411883364165305
70.1364608980146
64.16118353135262
51.589253000663035
51.47368976660614
76.15770140877848
59.069451161738954
61.18091474794889
41.006517456432036
62.384025055910286
62.24887928170648
54.278913250043544
60.48588511071087
55.61612467631098
57.76439642610167
68.01787043746852
61.3546136418351
57.21842011064329
52.13586328515704
49.606930491541306
64.76890702392288
58.49100276554813
58.628918803514885
58.18214130579716
63.22265527682705
66.40372508138874
69.51208752584449
62.91502202107925
62.52082046092645
48.33075757947852
56.48657468721874
56.7408906850389
60.91911686897869
48.44910897396954
62.36446834843177
52.155105130210856
62.21243411592858
56.39874885820665
51.14034849111014
59.49792370003731
64.80835754950296
53.87499729220515
58.77269897381045
