65.50563818246357
70.62606300157418
57.8996161470862
65.92937739496577
58.36214820752205
61.982904883758444
62.907341365900315
68.19795285479731
67.55171570250995
64.81960540949997
62.16339665955317
71.23199860767103
60.85817892076516
63.88536541731153
65.5179320804402
68.360654336817
61.57850116887503
57.526122477135736
68.06078420730478
60.36772873797172
64.10040275365854
67.39022803336536
73.04198809732132
68.91744482224597
68.45964617310545
57.54835650032567
73.25171544070915
60.36962163290174
63.79037830629866
69.00156005553474
70.4069990004137
66.42788455318346
73.73035017279571
62.733773097119155
61.89457429060476
57.538817628574655
63.670861575229274
60.402495136932515
71.26042623865537
67.32352154592337
64.52178514083775
63.579537553842144
71.88864957236356
63.54799300814906
68.53775778870441
60.867847278640134
74.0457439151279
65.49945471467025
57.67600388117328
70.02359783605024
57.978095862644764
65.46809970060802
61.91639952872514
73.8360575539947
65.481410659216
58.89395542033594
69.71974732375365
59.59777198142284
73.17140832170065
66.64703892666515
67.33796072281561
69.90048228343025
70.32436073531278
72.63572997996206
64.87685488009787
59.54051585891593
72.07013607837483
57.5953766267392
62.97543673145626
70.59886644221501
66.72666364381628
60.20048118603523
58.392475672817575
73.32026668464462
60.44083697709439
65.12781143932129
70.26101508111628
60.82881424817477
70.57289082740925
64.13727273318945
63.390743619683235
66.20212527358113
62.905498645620106
58.247792617269944
64.66746560071303
63.95679848096393
67.5128500896652
63.28033293619249
62.328563933505926
71.99285112460339
68.26201185421341
59.241239169305814
58.792794199913075
64.52368094299214
66.53054825427913
62.43743065889874
58.56712966041845
60.305347711743714
69.53092114412811
73.67616540559915
