2.211290214432685
3.7577233578473535
2.902352601901975
3.3185638142935385
0.9027899015929955
1.8382358174933122
-1.0832672335764923
-0.6608988517644868
-2.778660220438228
-2.6618479226664333
-2.114649582906886
-1.5301183940286047
-1.8065770636314367
0.00891905249262881
1.999914708104695
1.5616386434186345
2.4865238404664094
1.0603796484997738
3.1468296941738014
1.1121531372508664
1.729777780236327
1.1556751207795155
-1.556406236163585
-1.8668871107552052
-1.390119629454866
-2.889505366660356
-3.5813513828804817
-2.666832685149289
-1.4730998891133251
-0.28175640145542313
-0.32284702653001385
0.7580382529601664
3.456968865724398
1.2711113036259434
3.452896179635351
2.2719089820241534
1.7814665890472383
0.8192382515765259
0.18382691566468015
-0.8687643195211071
-0.880465802432837
-1.2759515319194092
-1.861764976158022
-1.7730737949603852
-2.866413135667144
-1.8376026052990773
0.045603845615874716
0.5325277096470739
1.1626483970808401
1.6830191957673666
1.7222066896141812
2.0405093530932614
4.5908083470914285
1.1097586776536308
0.539168117501017
0.18596769105724473
-1.0517248404431319
-3.2627055032140806
-2.0576683342417463
-0.8583757163937242
-2.4205245381843645
-2.042694529477377
-2.2914813103946496
0.2712681743750191
