19.95059643597113
-0.9551648096446614
-1.3310740653110162
-0.10579085010474021
2.573998201076661
13.125551504749065
9.218649407194413
8.1216428541884
16.406991033155066
-6.950386957045879
23.95417791130642
8.761009150022451
24.771526103568775
3.532269425027998
32.66559397705493
23.167458454151422
13.431126230313788
5.480766385395585
4.586398795555658
12.566004687583629
22.900539319507484
7.9932583996695215
23.774525433393414
29.61426350437262
15.288338661317564
42.78485636834327
36.60236182644759
34.61501012911934
14.300076293819822
25.427964943866915
18.807688176334782
31.353045096786225
23.638440003754265
41.14984478151195
44.54114283940132
31.452881944163106
50.286932541139464
33.511728111061146
25.633038660216915
36.5218012613152
45.37028073254641
52.46069822806512
24.74750355015604
46.63169102921231
28.495361887822725
39.54361620948892
19.823741810129462
35.04180587055756
47.90454090331856
30.45392481966237
48.26570255513057
51.613593420496684
50.718774843361295
43.37410126876435
35.76138401560019
47.61053378152694
64.2086236671319
46.08882900205306
49.72483960620261
46.84984757310318
66.03061291268183
56.955692393394294
52.063361056773054
56.69967749830073
