61.71526683087485
56.98454294582942
55.80965168592498
55.82205380212462
62.03233422489076
61.83807141392138
62.75490060269833
57.6128796938708
59.91624393811615
58.89374262028323
58.1645291352417
59.40280132732266
54.71235596561617
58.37191192128575
50.613714863067386
62.39153381620889
57.44890138793497
56.962773226748325
62.60662942387351
62.411307695230114
54.505807371778985
55.59110463636069
54.66138588863669
65.06337129875078
60.74628553725348
53.30989983395397
62.99584263950236
61.07590868222676
62.569452569965
57.32238941065517
62.70095276622302
57.650812701844416
61.44393572104336
59.785307145853416
60.931716824366745
56.41106033838962
63.41522856412162
58.12563264692625
60.195542028225404
57.47475423036187
55.95215464014237
55.39068772533907
63.47312048926635
64.73030233376494
56.354035382209986
58.496382083986504
58.52416065819898
61.612746967572846
55.50651888032248
58.76911078374082
59.57496613995742
58.232010586960314
60.754478817641626
59.608885539997736
58.55658526008562
59.86073486071586
55.433285947612084
55.47119396493215
58.776083930353984
61.24118258904126
55.75170268616255
58.353462570716104
64.60336038764657
55.88232579133182
57.29964019531766
63.13115146962582
57.36359911488893
60.47227677831352
64.67922163527169
57.41242090897134
64.52437654529241
56.71533687576174
59.15015621200118
58.39459632034463
60.57109657949123
57.15485846654621
57.510466844303195
59.506606561359966
62.540512743965905
61.28784742174485
57.50139429988064
61.163896247676234
58.715689971657945
62.91864678087264
61.69066437569863
61.78946351557029
63.38338393315844
55.50101057032974
64.58385125869928
60.565325481648266
60.70754419613066
56.91052249830639
62.744818803296454
63.12068340454628
65.70197144705766
60.3728412763261
60.94524156396976
61.750180425876685
60.502207498052314
60.016704766282984
