43.68609651210156
50.58145569689087
51.71498176885661
48.06932685736905
55.895344237997364
54.670668997381824
36.7366668712302
50.190198110974265
33.84825200871726
36.812130203258256
41.75091995573223
44.63742840707795
30.955389149720784
31.119058571906464
45.35965926137482
49.24560563723894
34.40994096946463
51.41170011434785
37.81178354566405
34.62851892304641
37.1461091330668
45.76007229149229
43.24313870252121
44.836793366776405
48.528422525323435
34.52260317168707
49.34981010971924
53.159008623694156
36.65777294893985
56.29205889362491
32.581425837801255
48.92104663080681
47.91288895333581
52.931868963163154
56.703633890122575
53.167304046947294
31.9659021145071
42.58085998322144
32.5333924050948
48.54529604842101
33.00550660834126
30.743405119792897
45.56548796167809
44.79627394640094
56.63946581158244
52.01421968496932
33.24323031176924
36.71651413262236
45.87817411011792
54.39885054992259
51.004544563984524
47.91874823454566
49.064059926860736
50.83079641844749
54.50728196886143
46.389256501040165
35.551015332044095
39.5489229287078
56.445890379033855
37.300392156480726
30.72148313694744
52.8790972847911
38.90317740431965
56.84807651195509
45.60322122592782
45.049418700519425
33.021057556699695
32.178931134350854
37.558586570524874
48.06700806333589
49.104147585020705
34.10930056614207
52.4216612616415
49.67642439930159
33.583036791000936
41.30871367881023
57.04559652029165
34.51889718985352
36.71265617282408
40.675609125984394
34.64148358240909
43.29704762679954
35.9981267776231
32.2953923715892
53.36669791788907
40.743009312776564
32.891334257946966
47.72521815351786
54.89618249579907
51.30929510671986
43.621988793740705
35.29562407703436
46.23251320405627
33.00263125566156
51.09042973521156
56.219587879440105
33.360738847913794
47.014976740444894
50.07738711527999
42.697852113121456
