1.342525757660816
2.0002923152241476
0.11664294385299873
-0.8673983733724522
-0.9010436214438432
-1.2627958009233773
-1.6858087633387258
-0.9243418371759502
-0.49381719563688736
0.96444944580606
2.036908591526961
0.8575093680619226
1.045836866642455
1.1900547683005953
0.3009476046726059
-0.20226517253922166
-0.8893661022029178
-1.3891342630094854
-1.0766705651107653
-1.7712479148093159
-0.6140327110880474
1.4518225813334067
-0.2803944128386924
1.1929727110777195
1.9614215513767506
1.0088563474140297
-0.1718822001108341
-0.01727560866034103
-0.9603167568471039
-2.29397748309061
-1.9063684708096669
-0.5823530808166092
-0.9926467546648956
-1.005039073413278
0.7032575021413913
0.8282919559588313
1.6194376759373437
2.0569381507392905
0.8939196909567811
1.0934241569472134
-1.7509872542443803
-1.3448222350567718
-1.810168795905053
-2.436201184286656
-1.240000392902541
-0.09662604773755745
1.401996631963569
0.7923125712010378
2.419658149180183
1.370524641195337
1.2498911928443843
0.3714040007233739
-0.12940274307789298
-0.8467042973760138
-1.7682903641066403
-0.6910062793435603
-0.8369213756915104
-0.6553520798709892
-0.07141838173603679
1.1495021675119106
0.3911031842026207
1.7527630389220101
2.206013096995584
0.8401112698040885
