8.871718215390956
3.773629057975398
5.417047273797325
14.514022492590927
8.528233514380245
6.889240542660382
-3.4890159753141816
31.93918587528652
14.666629975592532
4.821064681780173
14.258227021435744
25.28050252424791
8.798450262461504
4.3114983378384775
13.622534759206356
12.743913006522712
15.4058191677561
9.911065575699727
-1.192181197963059
28.217589804466602
18.637687380449663
16.15552374535104
6.709278758975296
20.636946125377083
22.754509604737102
25.756059495710367
22.46472579343667
22.4734829419508
26.99121959543229
13.456105629073885
25.14538668616369
14.94604246921072
35.13891615578186
31.770423285140787
19.198942927105314
33.960337827162235
30.366191875980647
31.818886889156616
22.09927724985186
29.34704724675583
28.558642048261074
38.15821259437443
37.84189613963601
45.712710549618365
38.79200114690168
40.71901298677364
21.121934036485758
42.915356756884066
47.078337423104585
39.5760537269393
38.941431872719534
32.59865060697307
35.75336969283503
25.850764085186242
47.69967187960279
34.641784343886506
44.5991798273192
46.93266226238007
53.98372970102375
31.999670872797978
58.148605428135454
50.65413464979239
55.79105172221497
41.66328635236093
