1.9626310139560597
0.423102806211058
-0.3287831250113234
-1.5629013523499733
-1.439642604601562
-1.7847709684561868
0.22211180696615468
0.45789381435149834
0.7779242707376675
1.3128578592690552
0.3351259649083339
-1.2294697173695401
-1.321979545841092
-1.7521191505786164
-0.29438113845970265
0.7551753010172164
1.6958996996029443
1.3001215207428671
1.1487644365202614
-0.504608298783678
-0.25493589688247276
-1.7079533022155113
-1.3047025333172406
-1.0752158560216718
1.6583654111487787
0.9660901976390938
1.970653058888795
-0.6381189812899702
0.1150051665868379
-1.5486801654282782
-0.8659738810678805
-1.3912995819191298
0.9103137104863122
0.7432765124171525
1.617771610466777
0.9424209012191012
1.3083922530065912
-0.30340129580049185
-0.7724297653615183
-0.6822279912061583
-1.6010833212535036
0.0012191378340966064
1.2257960634613534
0.37795041918668204
1.8436918718498814
0.37150807571895356
-0.45611870208280486
-2.1977515811386885
-0.772752728279902
-1.3268001736867596
0.5731844436464019
1.357172029256838
1.3975083302136215
0.5334459559381355
-0.13488823306375886
-0.1873830761513462
-0.649418760477461
-1.5535267011557146
0.2355215577341493
0.32998041285228435
0.9580108008091932
1.3270220962520451
1.4308602821555994
-0.2104511817070131
