3.887803054603094
2.435379372226209
2.183434485262066
1.8101987028227877
8.57393321660507
6.055601858397415
8.05348034254141
3.2046442881889208
8.00716561193768
-1.8596149279727143
0.5458255955677709
12.274870062225613
7.297450668279253
1.1190036296619983
12.98247632350661
7.668967949708391
10.23164093250542
11.205425935954324
11.912358144834228
8.28647116870215
8.1498798402896
7.645399134845057
13.814254686335804
6.099827163361979
9.857328264388272
10.235441842994236
6.815095032660381
13.597837079937552
11.952517775142844
14.031426202488447
14.628009667078146
11.96593352299393
14.711248543315891
10.553856156244201
15.259481779919334
12.022958690339308
13.87684392457575
20.858664538497163
16.04417962762693
11.061772048373902
14.161170431248715
18.27405250250399
11.75542435473118
17.815424232722368
20.79055908851261
19.320921030389577
15.984579770130733
21.967072172688948
18.209330306378828
16.195599643238545
17.72978462446377
21.481195866261473
16.866494896386417
20.468935002459123
23.738676640845867
17.079983766963547
22.167751607181625
15.984085679014454
21.72764976622998
19.380544611494912
14.573355668629187
21.87566396322868
20.22124440221
21.190542099094166
