67.01184082777871
68.15687756632366
69.56955244482424
66.10243532645515
66.97241285408722
65.36831723197872
66.63591395175446
67.21508713989691
67.06891458497009
68.78876979818232
67.33254506007506
66.01203126258886
67.14530102317025
66.86352833882643
69.17225276860978
66.74686289713985
67.07750836695665
68.37613245927419
67.47954405984248
66.58374502589795
65.32100168262642
66.21602842122586
66.4531119346434
66.17946166347801
68.1555851894221
69.05439518613953
68.03601522439891
67.39788155683604
68.06097152771427
68.12807146590478
66.42494096554974
65.97912148035891
66.69008763395911
65.48811421873853
64.7441131541475
67.16701927972406
65.52806805202393
67.4176430193817
66.52419632291782
67.61038090658568
66.54461254767587
67.1304510028247
67.49222518057226
65.69262161494274
67.99835367846431
66.4530847802921
66.87752568874211
65.99651281167503
67.02741304205111
66.9549084785391
65.14306971628537
65.27617974089827
64.23857505199952
66.38156419098244
67.19213911490219
66.27502758939723
66.91124677329562
64.74081484117121
66.79251590427363
65.21356762234136
66.01029795788149
66.24944369372619
67.31789990126559
65.45502069350847
66.99957934155702
66.60363355516505
66.6927479160862
68.05114632802223
66.96502536303547
64.82588146728706
65.84197546578011
68.47208266301219
65.35279146354975
68.60736907914038
66.2494951030936
66.25565156127962
66.99047446335226
65.78099434414504
67.56648678215478
65.89921136838159
67.93031622336096
65.52372904589288
65.54743509711227
66.95150028276223
68.01083185817006
67.62813812002432
66.23752441456016
67.63610966017788
66.84962458162224
67.7523448114954
66.35394155634695
67.26609818664396
66.86069481083747
66.22622242034059
67.72682100121854
64.66279077630212
66.85430163464632
65.958466744119
67.53099005233958
66.68446810206396
