58.10695106385244
39.9540725773819
39.60259713011079
57.2993713679969
57.23112737342893
53.60601679206258
41.76591402771243
42.79376008055481
54.324423127160344
45.58978399646859
41.90428099945536
42.8566255240322
38.518857431394615
47.68634571685137
44.204776689253364
54.89121003100996
44.40946825867782
39.468245812764444
53.303698358349436
55.844239128866576
41.3638892978892
52.43014990115561
44.71426566656767
51.91008556745777
45.86177642633877
39.82869928671698
51.940558851700985
37.73882847825636
54.823517185735
45.96349683402245
37.46526848975736
58.36981810350238
37.45283835821699
38.386020858817595
41.2939365682355
50.12302905611956
40.36684181636904
53.721160943510036
59.122912386097525
50.815637400707175
56.32193975316488
38.72082475385663
40.015290523100276
40.693549113096495
41.345347301643734
46.28311600815826
59.2989609146203
55.75404477209531
53.25803088749958
55.875889233713565
59.097504878342406
38.85950908943406
55.8170436158795
56.31408184031183
41.533203525380344
45.08924864847028
39.26337112617814
55.87775529397734
57.29289985740185
57.67260475844082
52.71739676207136
46.62754322765221
59.31256169366172
49.15696942426233
48.99801190657764
43.70524322431402
60.075244325739206
40.833752949275905
49.0308698150168
52.39773610895245
55.622988070425805
51.44771820053174
37.44990747175039
55.589251477306306
48.47226561364865
58.65614406809011
43.692344763150096
47.84463474056937
56.75410637931835
60.225593296886714
54.548150270859274
55.78836803619749
39.89917771149402
44.198261784517456
42.09905565114616
41.91458776777802
59.03324333369943
41.969700800048116
55.316821619049136
45.8915470786296
39.57284945505919
53.63198729391533
47.88434906766308
55.68376809456237
53.156514344258525
48.815458772912805
51.71669151016819
51.45416428310282
49.254542954758044
45.38818148585021
