1.0138203212430483
-0.3164193527282747
-1.586776255322793
-1.0031022628247146
-0.5043640354839212
0.6816971915607769
1.704802989518383
1.43293677036124
-0.2718608122249617
-1.0019252807054353
-0.8907024116513161
-1.319571587851172
0.252871367582158
1.0113840643934633
0.5063742324140238
0.8346134768523265
-0.44380309229695014
-1.0060796352726356
-0.7152083062348795
-0.1188110001929949
0.8271289288487946
1.5464356103270889
0.6087926661597638
0.45541499480412395
-1.443592552443413
-0.6873449849400199
-0.5505973616042097
0.30079744161617916
0.7734879689799516
1.0303070775177847
0.4224784458515095
-0.6426145524074427
-1.1572925376880665
-0.9137109902045051
-1.1295592446476
0.7681214310811002
1.1103978566333061
1.7849934305912116
0.39139221896820814
-0.7065542682718858
-1.1750942679187788
-1.1862647497981986
-0.24974847851614854
0.41925432814856806
1.0998305429577153
0.445852970447814
-0.457692920570291
-0.9199058230271365
-0.4989782993976354
-1.010414459897688
-0.3997148351105872
1.5400840250559864
0.9342279950820764
0.519355194640033
-0.5898083520617334
-1.3358447550854877
-1.3249597912895497
-0.40780036000760034
0.8256280520264545
1.1189260218671429
0.958731775506432
0.3259888708130776
-1.0569206749924809
-0.9532844811670632
