2.134867905873384
6.58336007055725
8.072610244916298
3.4899454984982774
-10.298388948836411
-1.471262839732602
21.28913200588624
19.523499951681373
20.006766023204996
12.071015038404704
29.47046519558657
5.017304923033941
23.553406620223054
5.381614191294462
8.280336714392538
10.972788279858804
24.93037168281187
8.731882422067367
2.1217381413402823
10.404774985419985
19.902411864249153
27.526920018318883
22.408306575343644
18.829289529321244
38.17337750462707
30.952333758405782
16.30710932908082
19.11126499115769
19.983891196237433
13.34255887793227
20.358585303601846
21.13791343300543
25.056015201094763
24.657054748233588
37.55062710620599
35.62214760196289
40.365158403988936
28.379326444215884
25.5842120556161
42.191900876726855
51.563489796418644
42.048420453096654
34.522160009635115
32.65629820379339
41.15963829855554
24.177028974218466
52.90361248782871
53.38101438386372
45.88412498288653
47.71476805213871
30.002506267446428
46.518591132619875
59.43011488097738
44.40877994753831
25.360378790011012
52.52269032174646
50.45555897457237
44.90892616862647
51.730124907708216
37.835275212627245
59.05491105992561
57.628947015410446
51.55239595974124
51.89323957891198
