62.61676041798325
55.02445796098638
65.37941239601801
64.15829984141888
60.700435938689665
56.631460150370906
61.965468096818775
60.865746591162235
59.64983800171727
60.30976673495601
57.80115016705062
63.4122788107548
63.42068783758054
67.49650785661149
64.9440332963447
57.11135421125724
58.29550873225201
65.3793553841375
57.19438657627886
57.70147873042354
61.32178335951353
60.56916718716034
64.97656582041446
62.46724267505445
62.82399924561577
65.00537040472481
62.70169888265544
58.556454248556555
58.52155796720462
60.57049838851372
62.89050406787644
64.95184968658309
65.26769319229761
58.084440024434805
63.04769512954469
62.74564995541082
58.101264329594756
58.64467159470694
67.80747435237406
60.05200446027246
60.72244665135973
64.67715083658366
62.58951750282012
65.77361161553709
64.77638335854314
56.473039009279574
65.1974285628676
59.17683794329557
58.77175788803976
57.253565334024614
57.07501524893521
59.260604926148595
62.57192525598492
63.547367992995845
60.26979828969168
62.5929820083816
63.553668108725304
55.370915683259895
59.433174681965355
58.89198055615662
61.84549879717582
64.18353011728159
66.67808388288199
58.09327828441698
60.00233633322787
61.87917848478815
61.5501738261591
60.24083668406718
62.458619296715185
59.22292921819638
64.35549311185822
60.10084144562623
64.28135889218068
60.58908564224242
56.400978833741966
67.95215445021566
55.324502093192706
64.2108466568638
63.57434667264857
61.50923594789235
57.174489170553606
64.75337585722892
61.221578394329114
59.975989529538786
58.77811835188287
64.40953093329584
61.33703130795577
60.451245249740055
65.98875881517203
59.38145874397211
58.64229974038651
59.129745026528596
60.814100704058966
61.07978240050598
59.157226051336146
62.74273507197211
66.23827555269952
67.09128023964185
62.8545345028524
57.062099558213916
