62.07331532228487
54.98483723356703
64.91811920353027
67.72938252677831
61.05926646440561
62.36973171306025
58.64770335780332
54.05180941151784
51.44472572612259
52.98748237692518
52.31340560640578
61.981166297896166
59.94993048527721
50.86682139357278
61.12480595954128
67.00833328114712
52.53899594626289
51.62120051138433
65.15888339911197
66.52025295435868
65.9685732010584
66.1719623281321
57.306403910426546
54.12632707927795
67.97421703772629
62.17311736202423
64.14952428615797
52.66066478710282
62.636356380713735
65.1595102513707
49.67082855285586
68.22789678057042
65.37902471423178
51.576919332671515
63.95438330312342
60.08983952060939
54.10395258022911
61.07456506137743
54.848618708959016
59.98304220628641
57.335438733471335
53.22043520848046
51.962574165430794
53.04581096093721
68.79072282464959
56.610684009386745
56.21437752194637
65.77572301919338
64.14546327511141
54.01049869383965
56.74877233632672
64.64063326732219
55.386415148222376
56.185047435882794
60.51357784957931
61.47082597791211
57.20884905069574
58.32234720132071
59.092489167547235
52.547857848758206
64.99761325981217
55.50751595636228
68.86252606899848
68.84128379592467
52.22320194332595
66.50281145738883
57.03501867876813
51.54053568821407
64.90589638747514
51.86161468276477
58.50094174616493
68.8509258420282
53.216733116011405
64.35904043892666
58.681075938285645
62.142898901852135
62.44563433771276
60.93641759210435
59.27754131525922
68.32184954413883
55.53314729542467
56.034476669038014
63.49589976663054
52.13004554519885
64.61844853570422
60.23683594427824
52.18138505929345
63.149810097237996
58.968038126532434
60.73431298066991
53.78145918586688
56.10760502930454
52.589406112446085
64.516269223892
49.836365384121336
52.5127723466996
50.20250045625026
49.85296395258946
55.88202835997174
63.044286336947614
