-4.660164521904491
-14.775675601450393
-12.831862750827174
-11.54227959857624
-10.187322159594784
-9.658230635273837
-10.785349845225282
10.444252106684978
-5.618800237191437
-7.6065720344018475
-1.1383116161256082
-3.6536705625873607
-13.212307708198868
-10.964493819952823
-19.136693955415346
-9.761019159026457
-6.2089975385137
-0.022853582667827332
-1.8075394915748726
-15.314620686269603
-9.862493664360839
1.0248120872691135
-10.38289266608745
-3.7787497295664143
-1.0618853802781496
-6.776051794040892
-6.852338764673954
-10.349436283543442
-10.072316309104071
2.916589500510608
-8.396671614646374
0.7094145201276785
