2.73581923161661
2.428755817021527
5.808681263560627
5.310298112022437
1.5748758480437401
0.11009389432498298
1.7735921096342906
7.999966815294297
2.868308493823059
0.08884108252317584
3.2806007799452597
2.9825729169561543
0.6044323378097378
3.562351426878636
5.207620990578931
2.824088662387018
1.5414611511303693
3.509288416068533
2.5227625267696565
1.9802519137069852
14.203158307396652
1.3291866591118824
0.01205599758617144
21.837683898465475
2.283341072457204
1.6028710315352679
2.430814391857146
0.6439163588203838
2.45046699507244
4.551689486737611
15.71935930293106
3.307780831440632
