3.151258970460632
-2.6746820569662484
-6.524501683755762
-2.176156320440916
-0.3594938136060408
0.8537388992922739
-6.736722840317734
-9.23074444418913
-3.039675676535122
-11.189742333088642
-3.512815742033187
17.42584224597137
0.16945733494895476
8.354889705809049
0.42411929572704876
1.266633855693673
-3.193204455992785
0.13403520540581226
-13.144218242548876
-4.299600971290407
-10.42160858796952
-3.610638517574403
-0.016559959243998
-0.9842953478951775
-4.991346993794666
-3.5330095274827236
-1.535141027824772
-5.8469104584179705
-8.433690893337296
8.781784156454776
-0.4926518113599947
-5.661428797620185
-14.516989257761262
0.22458696499013708
-8.316239219977302
5.19323979775959
-6.4436949584903775
2.9798411563827205
-2.108414346200127
-1.4513472186784924
5.689226210289428
-7.62132174092149
-1.0348007040104195
-2.192614452567592
-1.84708040280709
10.800596656855644
-8.658543518522267
-2.1829834142779747
-1.779621233022186
-3.9247895088908145
-9.298723930854925
-1.5157582840214332
-7.61064707274532
-0.7582879994142289
-11.49770718187859
-16.467831441169267
4.066029593572799
-3.671272028338228
-6.5039715843299835
-2.574436059512057
2.9695191444829074
-2.529565398443012
-13.25245865814405
5.844552784999461
4.812220770463541
-12.157949069804921
-8.687208298982965
-2.04068333556292
-8.66909024820369
-1.0246555480298922
1.243449141842766
-1.0669886071649537
-8.7277168625597
-3.202268152641121
-1.6975322116145022
-1.7906686211861853
1.9706896109863825
-2.4809238454219447
-6.714340990497645
-0.4944039331343988
-1.727746428516951
-3.0939493603054684
5.481619532197049
-17.002518458282918
-1.027425205672261
-4.529851813318652
-3.7870570139756534
-2.1081231021923648
-2.3323253792616008
-4.658029590048804
2.637342877325059
7.897534061219213
-8.926129546014394
-8.207408539795686
-0.4905771624967463
4.391820149863753
-11.267886090765336
3.343602722028618
8.238098729661521
-4.250280000753902
-12.775065978013645
4.580595722371766
-7.266505100372458
-5.648873875019014
-0.18709265328636837
-4.689702101610154
-1.9471073666244763
6.699219198633308
-6.404495867721238
5.017727157139014
1.849062629793833
-5.468347240730104
-6.513746556947682
0.03234525125772558
-0.9154074949201378
-9.589295229131222
-14.80500104225702
-8.947480665504319
-7.651102462634084
-2.91533936297922
-12.878467870713719
0.0051128823088109066
-6.86400629231875
-2.520161981263919
4.707035522705162
-8.44771556695499
-5.629477872868887
-3.6687047830871893
