7.059795675630158
3.3423824913709503
11.61899878004664
0.44481191020551186
4.463313309687265
7.012576182408684
3.151190635947846
1.395446638154679
2.4467909358938003
0.0007331929856091913
0.0866019394408068
0.8591292773024176
0.20172468313455827
3.4562342549400986
1.0543643931672468
10.822105573827836
3.8924291276051766
2.909891803914635
0.9871306950017191
3.3946265893017196
2.024802825314457
1.0326482915192943
1.6884633124221817
5.250677519636977
4.470492842663335
3.175493297243359
5.784190661845841
1.3479180594903575
9.807502426835425
4.9185239273208685
1.1100742938191883
1.0304881293149486
13.212844062911628
4.475137915192766
0.32777883967975874
2.344350254444295
8.473354387717281
31.945259805992844
13.995010240293093
11.93992699096286
0.2670908181496241
0.10816510593409338
1.3932563131600113
2.0217928627057487
7.234874512923536
0.14297935858709523
16.844177605386754
2.499189589995016
0.07454366036798352
6.523962985361779
2.2310484270908875
4.030727055768206
3.1641133889716784
2.996572695108247
0.09443947036228788
17.95603135194062
3.7414768109169616
0.552688364136805
2.6326029676086793
0.8489657876453413
5.45495829990624
8.67562874672872
1.676898793761998
1.342571945748793
5.066219291248697
1.028858439115902
2.6266755262948847
16.219433984933335
4.095099927171004
3.751531295651859
8.043080092187532
0.15229467554631237
0.615590646751383
4.207545495665351
1.2802843877765115
1.304170288474878
7.902863128136896
1.2092148074154947
1.1735473521671433
5.048619578354191
8.346154260866081
13.590473644736155
7.014931451036712
0.34289063421803934
4.735812042027008
11.395796084841395
17.52993359074849
1.3585378466879843
2.5993015466052394
0.8531015465198014
0.107377745515234
0.8236247982272757
2.292218687571308
2.858559135177934
3.553511564054592
10.079479436193106
4.862222744740415
12.611764896209083
0.10567774437765345
1.511687445997747
5.422604756125989
7.17929905774798
1.70049923464239
16.47442829448113
0.0010274014467685402
0.6733485541400287
3.6015917888636575
11.617249234261543
0.09920758766087473
5.564255160079985
5.524651671805429
2.237665620454964
4.23199115823686
10.287482250960302
7.7356962124833855
1.464621366788711
14.6106396963948
0.020922912904136302
5.390462288684301
9.216637552461014
1.4430510777206047
0.2617659417812318
3.8390275212623295
1.0935987151428768
3.505295095262664
0.05300627808632413
0.4276340437100899
1.2488828344356007
