45.139524573904
50.154570826184965
46.16668543318023
46.613145562462726
48.12109252185383
46.614715475649675
46.28775514076918
46.844430857904804
51.60083534245466
48.69880418912589
44.65691427605129
48.590178635621875
46.98947517568877
49.73439731484957
45.478719375772606
42.801019377189924
48.22464589753808
45.99283783312119
48.16050483851134
46.89986792522837
43.13070127251359
45.063007813315856
49.74123430686084
44.349569221452974
49.90348069829834
47.52817522054328
47.799248501475155
48.499345179807065
48.06023735316219
48.033713735214036
47.745491531386456
44.41304142413104
49.18930105500095
45.050642616759035
46.0420575705372
46.256476418152985
42.3190299452297
48.08485823417991
44.82009564515905
44.71253615311101
45.4888751747689
44.81777305154943
45.45434400425086
45.90871677119984
48.906781708796444
46.782357617269106
47.64254867800741
48.85195048833619
46.475713614378314
46.94035957798451
44.78247909090229
47.953312139849295
50.4638890395527
44.443793448831165
47.12617958033955
44.52289838342087
47.99112740876544
44.24227982476874
45.97462948106261
47.955329026450435
46.647859305830686
46.612372551911875
47.42959882496946
46.55653673628426
47.248055980126175
46.006323064386976
49.036201690991035
48.0122587251789
48.81018235600933
45.84761554384955
44.02032010004791
46.46233280483021
46.1704046384239
45.355698419290896
47.78407347909156
46.248278476466794
44.66077323255987
51.28902992663963
49.78640249642909
45.66129386103439
44.49221233853733
48.271240382317124
43.30708083997516
45.47170210570403
45.30329141171174
48.01964557009637
48.84613275688336
45.17948362799103
49.32723730254088
45.05423582333493
50.85310787294063
47.31059021936163
47.02286907704079
45.23032758741812
50.607589565899886
46.50808918163742
42.42041741729783
44.56005526846113
44.3910309414247
45.91374443398225
