51.69872833289793
69.03335864759106
61.15164516721353
57.436511105391524
58.57967834663776
65.16352740854512
66.77632596701008
52.23602076426446
52.87092360585189
54.226537236870776
64.85897730369848
60.70461828886815
57.19033504036041
56.87355844553304
53.00497882436507
67.76363723360774
68.07148342012914
63.519079145758596
61.752653032368535
56.21315655012619
60.130279440571016
55.15749698700195
51.72510749070713
50.678893150379615
62.491254411302315
54.93813582942678
59.73482195668822
59.06638153081542
66.06512945250836
68.34936171038532
56.01674743538122
67.92019354207005
56.62988087942151
64.20840802184192
70.40083895604121
67.05769316499861
65.07116369587679
58.54463916246026
57.09281489007436
67.83291534853167
55.71822819565145
64.47451226999661
56.58073545802929
69.73485773152933
55.21370383748344
51.42118329163502
61.974520291000516
52.79364641345381
61.580534241496785
66.14548798839465
61.59317449148675
69.82500251911661
65.7235279958146
70.7152141925956
65.4526540694578
50.3828553816945
67.83770708980994
60.13979253044366
57.4388684209127
50.138894079678025
63.637588807236995
57.212939256045885
54.85135000213431
53.30641488964899
66.30926558105932
64.9839776969334
60.30379344606415
50.940336267963175
67.21087657887743
68.32118938721626
68.3049415725777
50.41500629316738
66.46580206916066
63.58060284081098
67.90231337568792
68.62772076934678
55.97353208158493
59.179020815210066
55.84822384607354
61.630496273091524
62.27372231463834
61.99262844950952
64.85598818628563
61.66311192514942
68.79729329747752
65.04039109332851
55.23093903575703
52.19701918621598
59.890968237915914
51.662792280676385
67.97771361860192
56.843142594023355
57.50991941914842
70.88242668633744
61.12316383973783
53.69621901497425
64.31904667920226
64.53037321913074
55.96482054278391
64.4212567022758
