62.530854435210244
64.04278631849766
67.19944311575642
53.03151278927511
59.3239888584742
59.18446169347497
64.65303737020888
64.76944292400206
59.597432478859574
57.648514356460055
56.1837573807134
59.130378005045664
57.97494319053403
55.30830451304092
53.36930549038844
59.57020411100417
59.51169612202608
56.356223902382936
58.1273315429561
59.80040196906653
50.78624180839338
58.22082333975303
51.23507715043691
57.30036256770281
60.888318365268866
57.104000538924986
59.8632303120111
49.958173124286745
64.25576863900037
58.017701985392975
61.25429366568099
61.57006490254836
60.44519162562998
54.51029832188177
60.470945442101616
50.74040241992625
52.91023962086446
49.288737312909355
50.13044398936181
57.23180688765986
51.580472860634764
50.136657795547094
57.60764842074981
52.04221163818987
64.26515089526481
52.75177811162981
60.69201611487044
64.0999019211824
60.43525384373641
53.01235076096527
66.40691582437026
59.59025429081737
55.522412252207815
55.40423193551071
45.325393627714085
60.34483847097355
51.55704189033857
62.32481506162586
46.16312906766295
56.6246315111479
63.98330367223583
52.534490604492305
58.3830320493099
50.042859183275496
54.157847039096204
57.36055486741907
62.07000329863081
54.48399649263026
61.139908131775094
57.7019022545776
60.74728806329271
52.65048269385679
63.718669009193704
58.82953565878844
59.55326823519942
48.48168185078447
59.20424683798409
63.53657066701701
52.6023367326051
58.917768421979865
63.48671773556025
55.07805695234426
60.94228189962779
61.779859820885854
58.09143608903778
55.54831620038369
51.712337403738374
61.305449834510505
64.859747786793
63.9540198876301
57.91273364778301
58.885874792469835
54.63606512617874
57.87910002017594
56.881230728325
58.627053045240906
59.59808339195056
55.58439811874154
54.62830075301895
60.18635488126527
