29.416944362927385
30.875849140705835
30.97635114474296
33.50760337368372
31.64456670913803
34.348337622894284
29.79715102764718
30.59072792213257
29.270871284706196
26.461345249282825
34.96040733236798
34.927393712417924
33.83623670235791
29.74877741038932
27.45692180053738
35.14342416649614
26.550067122938312
28.519340660528517
34.61507045515124
27.872315712051183
32.61279988913481
33.95250832441671
33.6413224891323
33.189886588591534
29.70690422094848
26.257936247679904
25.82972916006131
28.767431627620322
25.973960217773943
27.072914102562248
31.45723159955847
28.87964318004196
32.64329455620701
28.308156450241057
34.69332396786356
31.196197614751306
34.77088287065764
27.383435106361357
26.57758314740897
32.11036552006347
27.71862611251121
33.14449496965332
33.45994418723338
29.394656409133116
30.793831652942256
25.848716199413744
32.08972732471721
29.312526048429987
30.064231290318354
27.194532759452567
33.57964333383752
28.726146889414068
26.715538412079145
28.317001623829466
33.02295171408766
30.066494569726906
33.11912002838912
35.663134554933805
33.92160559870308
33.14526095423884
30.748824361586745
27.402817698896406
35.70834082565574
34.47051388708538
32.51583196420235
33.378447581212384
27.903959776144227
33.08920464477983
28.068654618119467
32.331121024148125
29.56190472383554
34.7652821621227
29.75146614099265
26.75256580524791
32.843792494848245
29.459573059859213
26.65984637838214
26.99686081969723
35.34916142969338
31.37782435603973
29.83743854917897
34.27365349274632
31.431320412709308
26.707264543341285
29.848260777914003
27.549904468540745
30.995644038062764
33.25318373797085
26.04896648667679
31.707738231211106
31.897223789287906
34.42634437194393
27.102698319873895
31.37192049310815
31.642978619282626
27.73727937609611
35.03785764918737
28.023664228451096
27.315376693227307
32.446879023075
