31.158374947872566
23.71342844518388
24.18469920991361
35.48347214953311
37.385035191112024
28.899118133192733
14.432039841274975
27.392147652886983
30.348087821047933
31.2390253399717
19.238183791115567
24.702927334374763
46.528584794911936
10.562880955268145
31.833263195920583
27.91791526519167
35.007947163073034
40.809049270639775
27.029055469973468
39.53657469461566
44.93884279642674
33.64731803838605
14.380205798854778
55.713264018591055
20.779005826361896
46.766778804675944
34.76880740490099
26.29894999365756
37.85427892353118
27.134862423243785
6.060862758800191
18.008919732851556
31.52401762124663
31.686406750891305
21.939325551695944
22.91556036511235
39.61716704302935
31.484968633818262
29.333913065820866
31.04298779670888
40.561389044720585
25.16330136277859
29.67712321060148
43.67170117261162
7.493520223519376
24.889842240010616
40.390746480223896
38.779625386051464
20.31885671484072
44.02757454769097
19.76239681615156
39.2275654074016
26.98237357496029
39.286964450077306
33.425713801887596
17.294465780661422
38.748710753292656
37.33300340593883
32.04286236109848
38.160543727802875
27.668957740371262
33.66897389608617
39.00014463790398
31.801977574866378
32.42526906545433
30.35062929921389
42.520872836500665
31.849412648056404
34.91628680209437
23.01601889906396
38.25993929468136
20.147608408323805
34.89230340978272
41.33740593557778
22.35543450318633
15.073241195081556
21.153245882588635
41.48003583836221
32.51420935307612
50.23151816784765
40.60147052332453
48.01131853052173
27.18383338982003
18.66499493406164
38.82036662016766
39.90134500947486
22.7046713640002
32.61388536929098
31.502904689694148
34.935169960795584
28.750897804733818
21.826090668683584
32.17713572008325
33.09623621849897
18.094569809121683
25.031066489664035
30.030118808626725
29.345971794696148
42.02720956998844
32.072519282042265
