71.2584899670499
71.81047323705569
58.24107057301053
71.04750584872369
80.58981961244486
58.19714845296567
78.61685312443791
72.07844452101423
82.51275840470562
73.38145664275444
64.01324809696087
57.05869734334043
68.54178116884682
78.0584173183524
67.34861019985654
68.82200244913739
61.376730055745504
64.81776576900891
65.28471105256766
61.4709988424325
83.71283475509084
83.32250011355991
83.77774946492157
78.46779514878884
73.1850028956177
86.498259609969
84.83004814100569
79.81183519574435
73.44202540845947
80.49760684833831
81.54747032709501
70.53688339004277
75.24001184708044
86.6969182560584
82.22879115100078
69.04103691585418
82.0023813889451
67.06468621267051
61.03931396660299
88.91066647710142
82.23540476997053
63.515168055933806
57.52113004785047
71.64247612946033
80.9959743287971
85.3138317577908
58.93187961457236
61.48571691786673
77.01764758626771
72.95688565596821
59.79765240660934
74.1531659800626
81.90274745710721
55.98215286596587
64.46179270898706
68.33419428236681
66.6285398713726
55.879306780418155
71.93808214984998
82.64484996015467
87.52489793909443
88.49415654839407
87.360298160426
65.98327883040423
81.99369027259118
73.71852213006251
82.28403180408017
81.98168417023246
68.69161855229294
62.550255215953484
70.31831006788262
87.21349044862913
66.88461287446405
70.90198405862229
63.44475912967493
64.10597298588401
56.48444370433204
70.93412295740275
68.43766284284317
63.752147869287846
64.98006280527095
70.55217821461089
88.2685405083151
56.46329719964372
82.81261173713352
75.26472296072254
72.7324783887106
59.65827995011251
73.73249353782225
81.77302120899384
83.61200748152572
84.39373095026168
59.7584029360416
75.44730467968704
62.06920872083346
73.26678664806316
66.79133567729647
78.94831631591109
75.13261469641373
80.982506577898
