0.7681976219427344
-0.20851616782321925
-5.971867819309479
4.451064314731349
-12.41743696962258
-5.767964707128106
5.968932692821747
-10.062911991816684
0.41911903638603043
-14.125806857768023
-1.656810516234198
-5.145068996234228
8.615960092576898
2.1897052072108325
-0.7655408797200094
8.745086243011462
-9.071240533582266
-1.5726527552029077
-1.5982010295385258
-9.065669336290927
-7.937043071826129
-7.961151127367701
-0.528891468545917
-1.4392451834449078
-2.1504564022382837
-16.89206969417094
-15.672104932201988
0.34946070974557797
-3.061137800662289
-16.52045907873861
-4.443522122459148
-5.933369952011816
