2.47713924373449
0.2815983417249063
3.8735747715734608
5.740809872558606
3.623512347241553
4.355731737663405
2.4600835116458333
2.168017381786556
4.970181792605389
1.0039632481127283
4.7804161061746075
0.13671969968466144
1.6681792771313155
3.3319346358149464
5.114632692517613
4.1176723017790335
0.6461913802870048
0.896871513241155
1.2757704154316518
0.9365660797648179
3.4004105107062124
3.1490536355874834
0.6635541540688841
2.267248599210295
1.8860097623685466
0.30759812530769365
2.389551118325448
7.665176892003138
0.4142342315713699
2.240253700882934
0.23458755966038888
1.7832273689559603
