11.021691925330456
0.6151862357561315
17.40406212372451
5.57801149392633
10.652715070866023
21.53836976332174
19.661230604231488
12.704220828481365
-2.5284772567404996
14.095877248186664
4.197684612260196
10.198945697710267
-6.671861903411132
10.62387112528176
-4.409871509046065
14.709378230311176
12.99500475941791
12.088693133453983
8.719931557028218
16.543586913471778
16.86940387895454
15.069941626684251
-2.637846616057212
1.5522457609324194
10.18095328879204
11.436624760081056
20.95724177469181
4.72768275046727
0.6655262936594255
17.742066702132963
-7.513949744774475
4.883035587781917
5.628927422635506
17.056160328334624
12.587445947777779
12.685384658607429
7.999387948052088
17.150749246327777
-9.38947705852991
3.3554747020479043
12.679343182962329
14.301324790115508
14.26582018170512
0.16736682863725338
17.80231413411157
19.61843623199846
10.677873207636393
-4.148537682035901
20.09863083382138
-5.9000849943354226
5.90103882143125
7.052887266332726
0.18710012599413872
7.035610862181175
-2.3372634136945436
15.292398788652044
-0.21311130796237343
11.30608981103937
3.3456881803021483
16.998803778926717
10.31743657260574
-2.2922569877756764
8.50270945232832
2.791341481492502
9.446088812331018
21.129751115106412
6.462038430996936
-6.954977825490046
-11.111442376330256
22.510341923975226
-5.151963272779421
9.874571557511814
13.456734966540797
5.86547978507363
11.880112372565407
7.648989168702571
16.38602408944105
8.461941258905954
4.006391854682963
3.229756903311766
15.058448935230686
4.97487797506868
-4.173638636347368
24.98129128077172
19.000522400572997
19.718072981493698
3.815971441434104
15.421976966658239
0.27516350938389156
6.398543519189956
16.81893542920528
-7.05745944491229
12.783427578752843
12.651954627762267
10.744598870550732
25.83009106585177
18.411163080528752
3.9132701997036823
9.730550717803974
14.897772080084668
14.904797920179178
10.735237183164006
24.484053196446403
12.361878470563326
18.922892594856805
11.218959633953325
15.464940658584368
23.818592110291583
15.988309134047734
2.4922816244837778
17.841410650736712
10.541410013253813
17.49313210611216
18.29286594770524
-7.482345624721734
0.08503191837840163
9.992432660083459
9.090937613097534
-4.020983661849419
13.59437776692805
-6.603752519696778
18.45148543927438
5.898899045515717
15.423714163457179
-8.166870732538971
13.571599565419579
-0.3569913521840551
20.81858116543382
