0.5091897314604461
19.93275661148949
4.888999230898165
2.880404504959912
5.807822798737228
4.602525240205417
0.35258705840228205
1.066846662612094
3.842483558822692
5.9156742663927675
2.845095305724829
0.05904640565660397
1.3912403038309586
1.2742100431151033
2.148266303701419
17.660063276153622
0.3394523127539924
3.2156310327111464
11.770766828022994
0.5824916894935439
0.17515305661202915
1.7389420401024887
12.453074228142459
0.23631227903631993
4.757532475786996
0.47441604691345285
1.0237442100590735
7.220387821099249
8.504367498037231
4.45823512825926
6.610282124650064
6.8967244392265314
0.4174518094738881
1.7871676063402726
0.11858745583975962
1.9480797067615252
0.3597178433723097
0.8139582324933969
7.719689074737034
0.41785811129756073
4.7356153778840415
6.303075953190756
3.3091256878464796
1.008503024656151
5.922730665849378
3.3190001279676085
2.8504649322751705
8.30313562203867
2.801406045683824
3.7304097154744866
1.5255623637416114
2.355419277859966
5.31174881316258
3.567806310771917
0.9249797950430877
0.8802002364970052
2.0318805360945644
0.3988878077379585
18.213883855598777
4.353652297011743
1.2488345120702127
6.7250063647703096
8.959379117492004
9.921564632485815
7.502869106926249
0.6621828062758949
1.6804281947308148
0.17585430847437045
3.8978270231511365
0.7040840857279608
8.539977073849844
3.4189873800396895
3.401069603384815
18.305701259399633
1.646652181058337
3.5038386223999622
0.3007802551060556
2.0362264078541483
0.37767584741656834
0.8801365589509972
0.35904511771092174
6.812000763992167
6.0872410162792905
3.4212543844572334
0.37828596256456426
0.36700684312113313
1.963770852217903
0.36564771901434046
2.900079023248033
2.4889456608669653
1.4043637093590942
9.353412055922085
14.339120771157202
2.173337971953238
3.4069091589974905
5.753407441260734
3.0302899003471033
4.300668077334245
1.4066646041835476
7.95948373201708
1.9030856197043093
0.7088721183810324
13.330522333665789
2.5435305167813445
0.12463057427681991
8.955461880963302
1.6175325594079084
16.084762555702223
6.175351995883822
1.1524015905916611
10.474369247602757
4.933870596488276
0.14482499587098613
3.0045637554261804
2.4817360060301445
0.40794277044465266
5.650341689363553
4.8306704143076455
4.418031902794698
1.3524676137663447
1.4311382810978994
1.915011813742216
1.7568133945501074
4.23447910814951
3.466137333726314
0.9334613516944718
2.1801722653564304
3.0342574612397883
