7.293322198633796
8.308718170321901
7.051360414122181
7.854573903328556
8.061749069087599
9.00599151945637
9.70460788307291
7.245871096043543
7.573291720059148
7.976605043184619
8.26273598204888
9.109918892177767
8.439985326312723
7.898867507439613
7.704442020749683
7.742100058942794
7.272414674909028
8.531650838340758
7.676825839200331
7.732972462866
8.71016585412962
4.636092568644585
7.78780518127573
8.01105484209611
8.67556092678364
7.970718976591476
8.615159019856238
8.883523949526795
8.032573545030749
10.355556095992537
7.341659931464365
6.725164939183718
