1.7413281679544854
0.7544009374134393
6.6775034362614
4.351115396558354
7.875418754261594
9.424207305671496
0.6620016801331814
2.154703610888379
2.5040626603518996
1.5584801116233618
2.748003639405254
1.0220385483073609
5.448651494622186
1.6811156802541183
14.043566752949536
1.4915802414245127
2.5559480729614106
1.8834290051884028
1.500346147135569
7.4846595141346075
0.24074461909961467
0.9755715047031545
2.760507681306521
4.298011539217955
4.455092317117683
7.6097265363967255
0.5366581574011321
7.293332808875107
1.5861298651756393
1.8088327394952968
3.4018034775672854
0.22103199434891904
