6.422181664255491
12.348516380423492
-11.004508293866186
-4.143770115151743
9.637375958546441
3.8225502708318757
6.479890919629381
-10.620234807307494
11.003149395038978
0.13464087138813363
-5.9229410348858345
2.649752278878136
2.661441855383848
-2.543021807876261
13.998043897125436
-4.637352800814688
-8.056072464910644
6.3213530492474375
-0.7190366650858171
-1.0849934605275426
7.9209007335132116
-1.5684879480565805
12.621024563938906
-1.9398110218580165
1.9133040338662757
0.08898795613940802
-9.450225800909875
1.291006517274729
2.8875007064377423
8.579835641332714
-3.0144423426477394
-5.767139012538246
-1.072732648686121
5.243863697488329
-1.5108295180177165
-1.271786270089772
7.576995193614554
-0.7393528839268457
-1.5997027894730405
0.701217222309608
1.6808136146843975
14.52687763427686
-1.331115469268656
-8.334988999767178
-12.266742224264405
-13.36195672836438
0.5532005796468261
-4.6150763559952015
-2.854194786533959
-4.3094095881674335
-3.282270684633816
5.268147034130745
-2.9469120089122605
5.80617955700145
5.615469979272338
4.162809351399121
11.397071554760506
13.439320294404128
5.7336821792147505
3.232980278915167
7.549643768302926
-2.2728420494765484
3.1098746338741994
0.8295720966621217
10.217186849209941
-14.681613104183652
16.28528490506835
-4.799044553971801
9.837413470165787
-1.8945985403341807
1.0553957560991334
3.1297766172581425
0.6760544625584088
8.816840642462745
6.004948638592934
-1.4143527281694257
5.356207743301921
8.988751250594241
-0.6975687277761569
0.03436751409654892
-3.329803854781389
-2.215268466268246
-1.3057899172179859
0.769036410908122
4.696913686594074
8.801445662026175
0.34127198364745126
4.858208811850606
19.246270072336422
-6.361839047450263
13.03054514597181
8.170087374614162
4.299993976666872
7.542603162123035
0.534729449314215
4.54991623356167
-7.211209538039938
-2.5765044828377364
17.33404200030494
10.919438261186157
9.102341807917313
0.5507053876895559
13.157962067046245
7.771256604366733
2.223303625691777
1.4490101136587723
2.1824794323315633
3.6938907566382153
-2.398224352328518
-3.8395268380941525
4.724318232112388
-3.4368409669618343
-4.572069116469507
2.541460164303718
7.367161347573797
7.013878395563335
-4.11473751606088
3.275558275828937
-1.1917816106474182
-12.342391976878577
-2.2011875000818915
-0.6279918664682929
-9.17778400399481
-0.36806957743790014
-0.08398325953784558
-2.1944933009394196
-5.101505831396485
3.9615361091943844
