6.857207760321735
5.221234212800254
4.8876710275267765
0.26868200184205393
0.6386289947429827
1.640025710501567
4.248749056654997
1.3308002947198316
0.37779841650881385
2.9057435688995286
4.029527061893458
5.050216554569375
1.6939273909199022
0.79969777107718
0.0026551660861208254
1.2682509304222844
0.03964519843857058
3.1230024285686495
1.576280747303038
1.7763639663056328
1.6607433978269688
2.947388153660412
0.22286520986207647
0.542053218388014
2.557644232760638
2.790751963559944
3.7060645477000738
2.1434842092368735
4.221581551125526
8.479090010520382
2.781601150704175
4.948552821347481
0.9880247298609884
0.14289758219228918
9.112331056311653
2.1170830000685745
2.5434754706649714
1.2898719155175637
3.287579596095414
0.5552782398374163
2.0636085784818414
0.26140886357894066
0.37730847242533916
2.649268229046797
0.7174927065183566
2.8333239538689656
1.419326110450287
0.8908455519476882
4.822622065414666
1.7172416377863082
1.6663855398225293
1.71007846120004
9.41752353234472
0.8380109671947604
0.07326377730114889
0.048261896045861084
8.262791104539046
1.150992530622374
3.6460958456052404
3.4823233612067055
3.290573461088841
1.4128867560948855
6.042588263544015
4.778674411221241
1.0140960094549645
1.9887484844557337
3.883752999449994
1.3228204477997068
16.234191130954915
3.361412352265945
1.5464674511500143
1.3567160583327063
0.034263752456033456
4.393275725654549
0.8663865456204267
0.7445527150873283
4.184505969368408
1.9857834064635018
3.581493701652922
6.100512555348588
2.234119931319083
1.0899212269670897
5.804772324377607
3.7453360372468394
3.0978502819532094
0.24663315107276212
5.859671545493872
0.6036081101372719
4.014742436081948
1.5841113101215223
5.317865866002308
5.6478619957137095
0.02767222741755295
3.8136881194523946
3.5696130389892926
2.388631052658637
15.340247967783522
4.166231001162027
0.4718643004738998
9.056610230677283
14.35692182287599
3.473983838361947
2.2841613796444737
2.176540329205199
1.9820970614683753
0.9385167959580192
0.42144915335643496
3.7535855943218075
2.773389618851811
0.6822749375023476
4.85466235019281
7.2906086361674305
2.315338540267023
0.8406702407262531
1.1380042970625568
1.4907679899812474
6.82151607575755
6.259014300321783
1.592921992136171
14.51536200593102
0.5388442464848999
7.3064567767846
1.0146590639622701
6.354880760554539
1.3662182800122902
3.4732145630008073
3.797471041396391
9.6314818576866
