65.57474554254028
67.28809266560582
70.3901580761017
72.70734754956626
71.80370757916873
69.4398304706761
67.81078577266976
69.58360214066366
69.5271183710992
73.30395707194603
73.67544836256347
63.92777712476415
61.640405164047394
71.71184716085055
66.95074426486161
69.96541854361386
79.5759563144563
56.28313744386717
66.87337481113383
67.84954212568972
72.41512976686653
70.374409812515
66.5827849343089
59.94641194645402
62.11619081811517
60.4454500030416
68.39796327242253
69.29998105315454
70.49306890845821
65.89573032370373
69.82410410283538
63.50936239757152
66.6157929574757
67.13300564057084
76.1662339900418
75.23476659839037
66.73946311313244
71.7115633134165
74.6524238070633
61.10777301341918
62.8437268640282
64.5330221251626
64.54374590915887
68.05930104014925
60.02777451167563
68.48658386544105
65.83985011380894
75.47922739375018
65.28453204631882
56.00102250113012
70.95986400779678
71.98748975926189
70.53452932716588
69.95367231963833
63.74807982535391
67.89448514974005
63.33711200082232
66.09904206646247
63.60354746143558
76.66265502300612
66.93598445589257
68.30291593794956
70.49036367917996
59.45292633385886
66.47190724530543
66.475965989518
64.20555811897944
70.51636947891227
71.75161293981039
67.87024611551807
78.05489393082809
72.99776302393266
63.67879860784632
60.84065337420292
71.76684265683726
70.34712105914117
63.20594441714524
72.2752270104765
68.55136002819307
64.86217202721684
66.0207527754669
75.08255175044951
64.63817519947565
74.15693521490917
65.64205918348586
72.74587509801434
61.19934870605839
63.714765854157015
71.06354826729145
66.89458094262079
68.45917336791472
60.77420309866078
64.68030329828544
69.32216806862104
68.53541007809253
64.81248697006332
74.82765699226326
65.07256383130716
70.24550620474676
71.88605354716469
