46.281765400491146
27.102081083568404
46.01256267305668
40.32051008119555
40.52284213533408
40.49619691966222
46.94816041339901
28.786668033970184
34.49171476720517
33.013921028560745
45.12594057280244
28.79758663694527
28.93508423957392
36.56276220412016
36.35533907901278
29.12950408986844
31.418032172519286
26.688994416043155
26.153256647124746
42.307593265418774
46.6140686683774
41.94892792916276
46.19629166596011
38.89181796123051
31.027648772146893
30.86295245737169
29.45407988300301
45.55460028184743
35.20848031871293
29.907478605400264
42.152186612938394
41.875663557327606
29.604425378598677
32.45611237486698
27.125935207889082
35.98476003298526
26.343427298956655
33.69508532779996
35.98397211290519
26.596444522990314
48.57029532566912
36.61461999194125
30.791650521117443
30.505366960421306
29.33162134011024
41.044357429665794
47.23458467974088
40.911832810093614
41.203879478150604
26.873235799548723
39.472128075827875
32.829022040868125
32.50538821376397
38.59570290877938
29.34049958430194
40.94623249569899
41.576590649023444
43.463729085134645
36.43305092149211
40.55374276179619
26.083236778934083
34.864701061214134
46.603321096361114
44.06818931352779
42.08827019012149
26.406061230760002
37.3780236017127
31.469135576524476
47.316987554807284
34.668157278479704
28.340186506145532
29.692475126279717
47.81670991636402
34.7516888728454
25.987665305050776
39.032450258295476
32.491796964271416
26.041146774934152
43.85791453614915
34.835903662730956
29.373964980015018
48.58463838379703
43.8150225488066
39.83352363287162
42.78609326009369
43.03385053363161
31.66495220631053
30.35965383495788
42.255812322723386
35.08816432683614
44.06558855195952
26.55758455153743
38.946304470115905
27.907161881607387
33.733270891058325
45.92307513182193
41.39237190217201
29.8491307841266
44.27172926635286
27.54429749591423
