54.276012126282
48.805220567019
52.53900305682524
49.156241432013104
52.78686932288298
50.44426358263626
53.09174277531877
53.82894740586661
50.68543952668611
55.06509300910343
49.780059369397584
53.6763084405071
50.332973391122955
54.965112147030574
53.10227264796213
52.37263736788205
51.7262505352221
52.10042376146375
56.87664641443624
56.04835041792961
56.44506535346084
54.4329292862116
54.68678985684837
55.02637915826913
53.750330385755056
52.678246803736734
52.29167446619164
56.47583242365441
54.79708086501368
52.43102788914129
52.791847223499225
51.19107069340614
48.62939070120511
47.157513463796
52.56189845155773
51.739108663771276
54.70325428593216
57.00512158153016
51.67491298836276
50.04437685903495
53.37467100055262
55.12376102037783
53.95146497349811
48.75665780590876
52.615626535277976
55.240157154303716
47.4498236468469
52.55216146404756
52.38520910670224
50.751700337495194
55.76507395020617
56.023832420437344
50.39303382587224
55.20637481012868
53.35285819163585
50.56949678948944
52.438402789752274
55.29627747292621
50.271571751795655
52.47877744837253
49.681768959081246
50.35692743009018
56.14201665308309
52.148253879703574
52.673702941682585
56.160207199094366
57.395769212934496
54.65585438662734
55.43633825373354
53.78354751915106
54.476781303041456
48.875400178790066
56.22838849989148
52.22598103007758
48.34335037237425
53.057472008216905
51.98108606850759
49.6236167889046
55.78670837680845
54.61354702163118
54.4988085758922
55.0607581573649
52.27440330004047
56.375947216725294
53.93284687338415
54.06298727135567
53.734541410200684
52.432563480737336
47.364989486538825
51.89758887006047
58.343473403326335
54.09424560481911
53.985457287578406
53.33968415934649
56.330437363082495
60.45241587844106
51.7363854920405
53.113066682188766
47.047283157831025
53.241126822561874
