33.53014934464729
34.52062638139164
31.038925264091212
35.90372334710623
43.987326898362056
36.98293396812626
34.093570565332755
39.73150598566164
36.09976340364284
40.382464196698926
38.15892797510978
45.3932328396143
29.271540100796347
40.41674675462444
32.51280730743956
39.779616164296904
33.207164812959476
40.86583278611335
33.72944261119821
32.64458608419805
36.682119485700866
37.01112754529896
35.565909702886806
34.55408734020723
41.22588739054318
36.380943540512924
31.847758050146684
45.06120124603903
41.06161684850752
36.27742515304765
44.251512251250475
35.041050172749735
29.46102897098271
40.51650381795382
35.22579795189005
45.69039874825984
41.15380298625898
45.79763543343903
41.57728399521282
43.48732584714472
37.44047774271711
38.02347618119878
45.10899530593032
39.60130882679901
42.49152544844918
31.272857944709678
38.393859592648305
35.515279446445
31.845117434583347
42.54130003965486
33.41442084342483
45.60556935987273
34.85815779127144
30.465028756735588
41.66953002023195
46.163224265355424
37.087257554427055
31.19062490120372
39.97705039911178
39.38415008127717
36.488755633320665
36.73220798635161
32.61463066986875
36.511679917904424
44.95442104542825
33.266281485675144
41.53485927733463
38.75611986349734
44.842316877987486
35.66390975689751
40.96405820716632
36.15289581499753
38.872017179578535
29.39630152602136
40.11220162317235
31.643590225549623
32.48867435285719
41.207781064177325
36.24498663069828
35.56896735081028
37.67468933072487
38.917095136697874
40.749238484565595
43.61390847045948
41.39007667453769
36.18835135417791
46.106992081133626
30.067706784424796
40.12450454322885
40.36532171453534
37.312343400716365
44.439852043504544
34.575869597802736
28.95418409522837
29.503347631542457
32.734019886282326
40.47505809566656
42.58141471292823
39.09205097837925
43.25652406572205
