69.41953914591902
70.27707616990008
69.96992387829654
63.14110948262762
79.08711347619077
75.5733806944139
73.77409430739151
69.94150581899848
74.1261570649229
65.07462417897554
64.27982383172716
71.7480352242667
74.76897230138793
67.73044502979975
69.16598271726312
77.7611425706971
70.49016544179105
63.48683073053818
77.5967107979269
73.0004933859524
77.9628354526648
65.38217052489543
67.87434293858038
68.60899284551972
57.727179040115054
64.09402994121363
64.91010824502135
61.82476761292752
60.32551160736454
69.93197726189702
74.11054554964578
69.445420889426
73.00074945092997
59.53882882164021
64.80089100839382
72.8690158601609
67.27144861263385
67.70262349902399
65.49553033271377
78.35922835361443
73.13140546467042
78.03194871677266
71.77023676712759
68.92240174212304
80.61238883218337
72.15929315334148
68.10838000961144
65.98045911296904
59.467849929966455
67.09490121767858
71.1233231313053
68.49534745327364
74.47303319194219
71.26860018779054
65.68330028138351
79.87781258470737
74.01758131226043
63.806008286709094
82.07883221485339
70.20850657012319
71.5353082778127
70.68033481880552
72.23049559066327
75.8280164710917
65.15484764752343
73.73737369684687
68.29510904362928
69.00111359117476
69.38992056227528
66.1081452077191
72.80800178107236
67.1346283052847
57.42387569474562
56.92476650885336
79.81472133545137
79.87434213304091
75.33901032166003
71.1264432689026
81.27628046558614
69.3300824812182
75.78580780408332
54.51188249214738
84.91687536098141
74.57722818997401
78.42420730679297
66.17989343767944
63.342731190123786
71.30742336853686
70.50511042790511
64.2608809927003
73.14005730225911
65.01673544647326
65.37823673387712
64.58856853641284
78.47164484877334
69.47778111243447
63.73187208219192
60.04742924199756
71.43388004441033
69.74757897871879
