49.34378172787156
53.48380094436847
55.85605065815335
51.666257842493465
53.764140692626725
51.56155746931668
53.386149918709656
53.49113193499723
52.15556463424652
51.719579974862995
51.58398388106238
54.31243967338244
50.379449498813315
55.14452607934235
50.72805378608733
49.89793762224567
49.34675192042181
50.59313702892113
52.708475898873886
55.79963896291728
51.3350853223325
51.0570111602535
55.81300314114867
52.06105873124189
52.1030310515085
54.816678782574236
54.54401485171517
53.44762149723954
53.681309231231936
48.81935329333996
50.3714312301379
51.790422100989
53.52530342845436
53.02243315973965
50.58313174532992
49.13059792965158
53.48197036962504
52.603802039775054
49.48850604052744
50.87646885923761
50.40297428658016
50.68575878423733
48.927661389749986
55.30836083703251
53.355764304634754
52.272958866535376
54.41438434899796
49.76315540043624
52.28895342519617
49.73247246184495
52.791611137335
50.94814621083247
55.41847381762735
54.20022552668758
49.56854688411351
53.453853568085776
54.28881386012429
50.992760137080715
49.000256919093765
49.372223207190196
55.80606888564178
55.13141003542013
53.926128237386024
54.556251805972025
50.07032587106059
50.71539024306184
49.94336170743054
48.64249360439368
54.0359132852313
50.498511511533955
51.21129331824662
54.63936299100266
49.77771901016664
52.65878083609296
53.31748491174508
54.25189525408319
55.85549156124912
52.669403841172844
54.915049221187346
49.664956225491466
54.00646994985534
53.020764242670545
53.98479249410259
52.48866739285277
52.0126595191755
55.68311220282824
55.74417866434668
51.450151557985315
53.89567876137322
50.86890129229938
54.84110354149553
51.063084737383214
54.151209368881396
55.28685902706465
55.103081841853864
53.52624610281064
50.00681072039607
54.25632167034227
53.05689193634116
49.49267906227288
