1.2654285387151565
11.897349829409205
-5.411146501802798
-14.049971709808105
-10.499740559643438
2.097031401798857
-17.53416447967809
-3.2895674291525845
15.030753466964322
-1.9450736339489687
12.708147011011867
3.5154943823989786
-6.472742053217418
-0.33429676975166744
2.761633676244211
12.036447492854784
12.652365122914345
-2.80017508261073
-11.231621513614856
-2.4028835336575565
-7.200135660796455
3.970718835555366
13.681679687948924
1.9505489111565009
8.072339119259812
-1.4071889466710772
-16.03613919865036
-15.513115819696093
5.4511539901021715
-7.635822988938562
-5.870542992506639
-11.55471731404596
