1.0500884470640959
1.0458385178802223
0.12915050619410484
3.051637853365319
0.9488164853328985
5.762087370960305
7.513160383543021
3.008520927883551
2.218950185313727
5.491426456248379
0.794533327193399
0.46129064804338454
0.6227677147906094
1.860002747874967
1.174591271036685
1.696235233687724
4.660069674847191
1.1081987191968992
1.784640620024068
3.37634829809486
0.015992482629808603
6.2462896880574
0.8636811651936989
5.371009087995118
0.0010417368511263256
0.31047497448111205
0.2955701566262524
2.6717439545190786
0.3072263801563326
2.3574962810470437
2.5019873460600297
3.3784806157954814
