1.1735059101781289
3.0547772876658215
5.688763178533837
1.1305767544647587
-2.2966774942561425
0.9724273685448948
1.6705434576641194
9.383450341442723
3.524436445753976
12.227532569732293
4.424065006916118
15.75536412392938
-0.8952219221466944
10.308929975390212
2.8919265523134063
7.009059420573528
5.478702887055794
10.295350935316264
9.480444914130736
14.455209591223285
8.748154462224013
8.22110672128365
3.1558454003942007
3.3751887890944743
-0.33852378227915114
10.825570961819224
9.829654935433181
6.900707084236823
4.796415708947601
9.081781252348877
7.781455119244706
3.5807138120254747
5.462196872940021
5.511930391351213
7.224252152170432
11.069270115964498
-0.6642584439525647
6.435627378359195
3.2955508592297558
3.0864525484221725
8.70412308505205
10.692151931691011
8.451449826547563
7.861652919438704
8.118672600581103
5.70303090095668
2.8688037623544944
11.87074691890244
8.445710216904423
10.259556989216943
9.916790979239273
2.3180630262174984
5.2296360921278495
6.401604300669594
13.139658207668493
7.029187148985569
-2.90110785851936
6.289496100407036
5.03887424283904
11.415237173507686
4.1862413386045345
3.770308925574016
8.887368155109282
7.062225992530817
3.4683891403480436
5.647703523727371
8.957252423480192
3.904595633053185
10.261105010041963
13.174894560854831
-0.6070687282692848
6.7487722206525
9.078936240918427
6.330170680002424
-1.510175932339794
5.671566821591087
7.462331371974594
1.0360940751671457
6.355019041901953
6.476249454218828
8.134980224639571
0.7410652772234956
11.58099001814059
1.6940669109379867
0.4485320927172616
13.249454841123185
4.401336355811418
1.2142817882348922
4.666328960491035
10.638120501423119
4.715752541690354
7.9305830642669
6.571935604015959
10.67441897420895
1.1959806091074388
-4.788770696494989
4.061598562337344
-0.5845903964285597
9.57379592367761
8.660950210634017
13.926966737601806
8.346935226873903
10.85205889916054
4.661072689443881
11.640354808104494
8.245150652981193
10.622475888076941
9.33982769526229
10.64837086435235
8.15233448807081
10.018172486124646
-0.4612581298523013
4.905333334328616
-2.083938681040454
7.4168217874645705
-2.940114771429913
11.751139740627334
4.699129338482589
1.9864542165198253
5.999215586760314
3.1241585495360518
12.860762219471365
0.9932176636889798
-8.858972213987482
9.541401524124662
-4.595891230206915
10.926399212130953
5.877149740745658
