4.235228331940185
2.0649552933086914
15.949965078276078
5.784387037935875
0.7147920113351348
3.0342788037131854
0.4329608895551081
1.909039201292625
1.308401140811527
2.5303240591001366
0.07546878269215175
0.8047893669387034
4.192609304471457
3.4101253076953943
0.7423684695062226
4.51175751983375
5.511559168509685
0.37361999700635545
2.2465905782122966
3.8491783788774003
5.505740558901473
10.837865393678555
3.4680043347059684
1.6381663709634544
3.24113292310263
1.0606910679955641
1.4382420811521708
1.2197578182060125
7.817934437002888
8.158839592196506
7.1231421418063405
1.8439472731297075
5.6809932521183155
2.1603182651251855
2.048941561977482
0.21930785926132493
1.8817698674129668
1.1703659935369082
2.103454227988635
0.21608503628206163
5.71107624932664
1.0210498982442473
2.9294449038343364
0.9697478015214838
3.1262585159002207
0.9221520201102631
0.28778707271785037
0.4731715544367922
0.8202138342907411
12.403747064050807
5.2572499484227135
5.5960741435126495
3.885193635541435
5.33822309046402
3.535669786187887
2.071756088042489
3.0046918778543557
4.776124793402306
2.8280134566920547
2.40805066171628
0.6234428123903645
8.197681599293809
4.227008092892577
2.538633701471735
1.563127154037895
1.113151294265071
2.001573218411135
2.9579327903186154
2.287843404889647
1.9257620859728501
6.094431281961437
1.3921882865531578
3.954075029153197
0.3640411113746926
2.932346832058705
4.401397024650302
13.796584919997375
1.407505417601973
1.2553840761164863
1.8368233837117276
1.2012064977348857
3.9894003254494224
1.0577540368285294
0.8301630100939349
0.5653669961738108
4.0765555561770075
2.283988730435919
0.7531382058857817
1.0122728260974247
2.137043589249043
2.401304114551646
1.276843603514737
2.6751788585831204
5.8887255827597444
2.1632255886611413
1.0423337194492601
1.0279221280744795
4.034860035106549
5.185342411051807
1.890429583487473
3.6246350880061793
4.023260531595109
1.8213188690146418
0.19300070761891877
1.9881675650936017
8.552653116654028
0.7157886379599155
0.5205058905327473
4.860546494191879
5.262087498130716
1.7485908658542102
0.6200981681744222
3.508095823901011
7.7220777575133885
3.023577991963377
0.567306771763306
7.227596766481053
2.195414379249271
1.1706570935190896
0.1604985120289884
0.5648034387658607
1.9276853611581142
0.6911411914995828
1.1239333674675869
3.2116356581264096
1.768500707731389
0.9247076440578911
1.125967914277267
