58.580117473848375
63.87007937630638
59.33051483029218
64.0900693618747
68.37119193724575
56.83597122312007
64.84775380491185
77.36991617660314
41.15320627528314
52.74661643466131
59.320203196148945
61.071679128352905
46.8937231916433
75.11051983631936
66.68326173596118
68.31772163403403
60.15151575939175
37.421147433578
60.812979940647665
59.523117048425405
62.285834873556
74.021174997749
63.00799523032081
67.3713361571357
39.411222335574365
56.44220286920352
51.868256298930916
53.74498799277248
61.1574171733838
45.39888579620076
46.68228737909335
51.98067091367378
57.92621125550157
33.99156641472565
54.15273341239272
54.92701750524745
60.368634010921845
58.833352205826465
58.887061129761754
67.79104731899196
62.866341351062566
57.338609104925105
57.867778568364564
66.56079136342677
61.64978087581004
56.18983118146917
67.02778262684048
68.37517721713115
55.50660210451518
45.68794694256774
50.61804954041899
62.210383831870296
67.0944542995049
61.395896457877534
54.39460460689962
57.199868108012325
55.40277103131583
56.332435296673616
54.10424754353545
59.41186627583284
47.644472501043566
42.79520462095432
63.348604346715234
53.85527812373686
55.07881268521739
40.535434381305436
54.803478820421645
54.34081234388367
57.59653699739278
46.38758451159684
43.668856421559454
57.434641467420896
69.35720566536642
70.95237400661294
71.22834923900547
70.35079239494723
63.76710284083604
62.943911525381765
71.05756315342768
71.48001269292511
45.79782756403603
61.22511139186594
55.62164425763396
61.44067453399756
73.44106379144807
68.23107317443561
76.5889908731383
63.18601086126313
45.71531517557747
48.42299695262447
45.94915891059573
66.14121344202714
61.729256551253215
56.27995014817113
51.02460661071249
48.323360946807284
52.84231074952314
52.74647788094542
67.26701920212969
55.08616558805033
