56.97375342207529
44.747194514325244
61.55575028393682
44.891754102039975
60.58363255676014
55.26344203579164
62.02009911019694
48.48702384780057
62.21808523977026
47.93233245200004
57.966035466747286
60.29508707741968
44.81211554049507
54.599928212207274
45.00210246516276
46.596671304884346
55.688749935260546
49.90326540055125
50.90172387086399
49.721824299067066
62.10664993490251
44.865176914782076
48.48985383212967
58.73330307879539
48.85004707481693
45.86555937850097
61.86186031458392
54.1109068910856
49.2897103318699
58.77782623905624
60.31999118022239
55.560265973878316
57.85636464687243
56.937994224134904
55.02144861199054
54.614771168596484
48.86201576447042
60.80340022449962
47.063591702001276
53.74272264029257
51.80588179187721
48.10475170088905
54.00302874308332
56.63501609120861
46.395357028337955
60.00652421489265
50.12856561451068
50.248881208954025
47.8228694372435
60.47552437447406
51.38188267473954
57.313127095419425
49.488721374215565
60.73241145774023
45.510448575417044
50.25330464415828
53.86190922177062
60.884247684598236
52.2629460570074
46.69051628630988
56.285633654691715
47.01105475509696
58.57843426746575
60.95253488015125
50.42323287985136
62.357547364422985
60.80159558329679
57.65719203845501
59.443593818585114
56.91646925826539
46.54905610303141
52.97414082111062
49.14017916171602
57.018967058838186
58.658928506898135
54.53015295512034
50.674419309728705
61.55600328769212
57.27306838924423
58.034166699135746
52.659679558996835
56.468374754749334
59.80776468835593
62.1671160171144
54.00572658316471
52.55154421408475
56.19907510855711
60.26353558472469
56.06711992926343
60.43247713491585
60.97972380260372
55.63203845978411
55.08933988639101
51.298860398600006
50.934140514008405
59.627076743268084
56.960021368842106
46.19141436487031
57.441026614261276
56.674379377045256
