16.309401679149886
41.89124873598899
26.93904409966477
22.882965426421023
26.015871097929846
34.926911973086874
12.12934869777925
31.57709703621193
36.716675495132094
42.5393100092984
28.798868087741436
40.520473793492364
32.49914550262896
37.17631781034653
48.85639324808844
32.540847946384055
45.26945334429766
43.197617305537676
36.79403048681701
45.75158279261958
26.66436688959631
32.04425384683526
24.6780206222959
34.118655376174154
34.93262891255115
25.012118480883828
33.99375545800702
39.711177648980616
41.401914354856984
33.64422408683143
42.17886568118831
45.43370668318386
25.789542505796277
28.34392839000825
22.80258714199229
29.23279429172605
24.41968190681918
46.178020366370966
37.69251696140634
33.24416074602616
44.21088969197808
42.27179537661934
30.37672678504681
27.114185220471185
35.85702926396711
49.78399286304555
34.3658059250065
33.72573593465835
39.106330300946134
46.11293731068285
31.239887728324497
29.450568379994934
38.81836010124733
38.87758441836231
46.92686908079506
27.994221678622573
34.14418180939332
33.50023110641617
36.819069678712054
26.528150871101225
37.196059600219165
27.56217311721462
34.4668931583737
36.915401216880156
39.15837479720011
43.64349471650226
38.41787640428669
34.876888038083514
24.41273407544621
39.8195810337498
30.540117822237796
40.69308226386603
40.30348193859325
40.9798315962647
21.64151110298603
43.16043567871504
32.55584855884945
35.73109870145926
31.12929099261372
25.854426709699574
37.507621326402884
28.60457978707227
29.032547843305544
33.96181535439529
27.11081218630343
42.21621634026125
30.642460218481666
29.47217739657484
40.988670175243
25.42315003810621
43.95205337872834
41.11427524131425
25.78720597022326
38.886298223084204
35.06922036484785
41.804183953535585
27.783285063412798
43.077907384811255
32.66413015112705
38.41894774678696
