18.282415437708902
26.926512527888868
36.514557273890674
29.291148167975784
29.74269073103269
27.03176218706885
19.78135446824681
32.92021048746824
16.413842720022235
16.0633090507862
28.142259994470088
17.470926503470633
14.845652043145353
19.5149441456392
39.80885964686998
39.996032883926325
39.43620617304946
29.034469034707584
35.15728379995624
36.400491702467704
29.290010705075066
24.662651983941775
20.143031458630194
14.899325103511435
25.987060606994028
35.25127522635091
15.0870916048074
32.21283299520053
36.49027508423905
14.210452400645838
24.820084341537765
25.175917365532413
19.997263066759412
17.140613350864054
39.3459048195082
30.83794188703387
30.027450552794747
28.82576208755485
38.759769954673125
36.431044992410904
18.030970980055645
16.85825727508466
18.139638802759418
14.691375325099548
20.64910583888568
23.333872014844975
21.922417939425507
29.836859277846862
18.092153921897207
28.619240874768998
23.404979220368514
21.935534242836184
20.289717755403235
22.503286262213933
18.750050825094142
30.289855143627094
23.11693879612961
22.935867739342253
23.344333968271187
29.13210808274559
27.311018091377132
18.530225413936726
32.8404048523124
33.151525194737765
17.111829781291796
18.94318412555524
22.14486544285961
31.302450323866935
17.1937569074147
23.27481506495338
27.310743430199622
34.48506931520816
27.21735736513329
36.72358727425806
30.419178757400026
26.452933223224136
15.618736240916656
31.360321492325966
30.065937451002114
36.37755103539281
28.72200746028974
29.881123311083357
39.29256917405338
21.40580834060686
37.8549645039249
32.336907214431314
31.543363613414293
32.49960525257279
20.178163542603194
16.728037852836977
35.909696540042134
20.9009884410725
39.635775652045666
25.86336213896775
22.365933784135265
35.7691579688554
15.219323058718293
18.807456544422383
14.615386798097104
18.885523627080897
