47.75116119751107
58.7849064639448
77.34745857484035
52.47460134101158
45.689815278280996
55.21300228333676
39.40665046852756
50.75907263261019
63.02170695315343
63.085105751829126
42.8344264722285
49.83486876681282
63.78992674208729
55.533229915047514
59.39968741340381
57.10622389814858
58.79896244055649
66.72267455664685
38.07509234012336
75.77984691613489
58.69144337931622
50.75820623665962
50.244806419747704
72.56288859127808
50.64694789511994
57.985800433709976
40.997887404122736
72.92804180427206
54.71461794518849
67.73091872491949
61.01854086004142
37.10032183672462
40.00735074886956
44.67152805120771
67.216556223016
51.05126096024581
48.730564204157794
70.00246083348219
54.57873097658581
53.83316376738996
27.153828157671423
56.79196152665738
62.131793514458586
56.39379276219723
44.87742338152175
51.27005344709714
57.13978044920104
62.2044569417614
47.220415707374876
56.70467548061461
51.53788941970973
79.04154647959801
55.72926877381314
55.038327632963295
48.16717725909053
44.429452709330334
48.655329019122355
60.69450944999678
67.6851214228517
54.48874198477844
60.728976704363966
52.895617871149135
52.62223946551737
59.30845788123223
48.35256677289451
44.99923168274625
50.70544272988897
82.09061568584302
43.40114609516735
41.89650434262449
59.2537614592742
56.0437229704466
39.21990560087042
49.414703356773074
38.78011025667376
43.93673637385981
42.36732860753359
50.4096483198728
57.79906837268138
65.34409921881281
60.24250551733597
53.24531764211639
54.000185600876925
56.60903786402021
47.43786049985053
55.49977014484359
48.004139640100604
61.35801582207439
50.95253288096319
56.28522268470116
67.4804556376458
63.90435476873948
56.4036552571338
67.34293181543676
53.98222538676611
54.58072928432953
60.01139265057171
67.69740307056954
57.79701431460089
49.9779391411027
