35.418447985356664
28.610902020057733
33.272160760969435
28.485094108628644
35.034729540387985
36.120947784321075
30.30288704482649
31.17284962845264
33.50852641658126
28.817472376121078
34.85366128513446
30.47511215995075
33.86700446651214
32.29127153628027
35.81881044948091
28.17155069843399
36.37934185241007
36.349005871010974
31.93875069100446
29.713120124633395
36.0231775512753
36.2799369462213
35.49059313424928
31.634553934478454
34.27272961942015
34.42518815568219
28.13096836433131
28.518440695653968
33.29760557531168
36.78095271428295
36.69186622317218
32.50651861822669
33.231196802420186
29.763952268249966
36.897634563671254
32.75317288724591
33.03072781212616
35.41288050938298
36.0774889081572
30.036762924033376
29.280392665041514
33.997321126217535
31.025449152331028
33.0885119118187
29.32894373301687
31.66258391231111
31.911610207051353
33.64158479531063
36.358981656198985
34.2474676218579
32.96128108185771
35.834794727055524
34.09090338735252
30.921119112615866
29.273608897946954
29.202829485549422
31.771199458053836
34.348734110406966
36.624392801057674
35.90978264203214
37.12671085972276
36.228594496458314
35.80716359724519
31.936269100926598
33.704330394715186
36.17770571548306
29.558361236473814
30.916941288464308
31.368965562776438
28.139809506438713
34.005342998240366
34.6138954112522
35.35638796408057
30.07596520909476
31.107325697705964
36.10629938818353
31.368883729974897
36.774606248387045
29.843693076386568
28.091194934510554
35.154928188664464
29.840186348804387
30.836439310527826
30.72337656740887
36.70553778383926
34.6702460642131
34.74968586033511
35.397942145208695
32.80125916758161
35.5830060324297
32.21346938819106
32.5933334288607
36.117824580070774
36.979611987388054
37.05011779031321
29.42969199617275
29.664513170773386
31.49952154024556
29.394932666019233
32.60346486891285
