49.069603454278976
48.2307644954321
49.869132508394166
49.744432419092945
50.054206447828854
53.131085875786844
50.22768175513597
53.45388807064008
48.45411768457553
50.07914734857876
45.073530622834255
48.38223493544245
48.10974481083546
48.20597548215169
51.57455756997269
53.282030933151994
49.43027691047269
47.010884893512106
51.69036682404851
49.9567776389361
48.94721371796754
49.78140071734511
49.927407444917634
51.90762643249032
49.4507595785155
50.60285026954381
48.822436653228586
49.86497986853769
50.389144909826506
52.068375509881115
47.36603054892791
48.202795441746666
50.89130655907508
47.89684802834488
49.18655189244323
48.321305326836466
47.95892414978457
46.48754919857251
47.29006540576854
53.02004106169163
49.9635345597758
49.825592433834935
50.201398485013385
52.48740315642387
50.16290043524791
48.99985920940961
47.842972334423585
49.28776164474487
48.655047026893826
50.40039713829024
52.28524490374748
49.21934674037485
48.47456901492106
48.2931073114425
45.49561335824997
50.055601956237986
51.58280627360468
51.56287244776705
49.72040563794096
49.78251615727654
50.39753189843999
48.70549259611803
49.86163352940741
47.51442768785817
50.34000902344286
46.052024477959094
54.308780987509834
48.77804084691778
51.21353884907434
49.24503179296159
47.65929365544393
45.67698265936259
48.326580241894604
50.80821265029405
49.956383076355934
48.81361462819862
51.801942844590926
49.40547082089121
49.40939273782621
51.75705246427085
51.356701063780775
50.5860921487887
48.917507581696256
48.16831027505636
47.170953206823235
49.85953586669071
47.56980091469426
51.232458205179036
46.9602358522503
48.798198820320295
46.72638458272642
48.11741658030291
47.82976967779626
49.062718481317546
51.291998401926215
50.341598164142034
52.85410742801697
49.04454097386306
46.84515542839061
50.14282475637399
