45.25743909418904
45.26024918219889
45.675604382269185
44.68852573569412
48.484555828989066
45.641500993313265
47.5946369075312
43.251177395976825
43.7920909585072
48.56246365498852
42.39300096830933
45.68608969940917
44.207574397259755
46.08305673488393
47.55446076590532
44.53537703953925
43.95600011667345
44.845602436257266
44.17510052846895
43.854125084036205
48.207495999759615
43.66809680470677
46.91684802060703
43.009272695791545
44.95894234809496
43.45526701693766
45.2843922585285
45.72830971012601
44.02172700563804
48.388410678989985
42.77703567662145
46.26921846012542
47.542321063762046
43.24746826316516
44.77565164059397
45.0041551902097
45.09582598861068
48.62844272294204
47.652718663173964
43.83586169307708
45.76003066375964
45.15985978906948
43.59579224794698
45.677284172837524
43.43754435581992
42.741031729058655
45.15090751077167
45.84406561203163
44.769933383752274
46.572793763388496
46.96981586702452
43.794524942468264
48.4780211556226
46.38304112169881
45.96104673476365
44.680765018239384
47.04751872808478
45.725812326508674
46.19575894306522
47.76272816182067
43.41572494576717
46.52619771598343
47.25453074685503
47.23385779172132
43.31005518789198
42.45227576973047
44.581829231293035
46.99823954532574
44.807769276894575
48.5134787236965
46.34321365956073
45.64542050580295
48.09252435315774
46.25501794280869
46.382961981463716
43.260795962523005
45.253507735763044
47.47078721260505
42.790472619054235
44.1219594664667
43.83522078809577
46.594084971023435
48.03607106955043
43.43828790210977
43.5253105930136
42.37741047114457
43.42185985067839
43.93083092335645
46.499564712512836
45.69291858436333
48.066181391812464
45.66370244776981
47.53460056562179
48.00618365175841
46.632032507881675
45.178505870846436
42.928016655593716
48.18257110251006
43.275627080622066
48.59250965684515
