-1.0271246562293914
4.3181093578205125
2.61266945057508
0.8327974777758981
5.16294273608787
2.466593408377114
3.0018402619219975
4.238237228977079
1.8205686808192225
1.7815056417072586
0.8284129388703053
2.5570501546465607
-2.9787102357541446
-0.8119516711819523
2.452951049285142
5.100205313576765
2.4319494179802037
1.778710102998476
1.950555511667787
2.9648540042408715
2.345809327262741
-0.21944857850880806
4.8706305291572765
4.0938030920080335
3.153070781523862
5.6096513665488255
-1.5635724227593677
4.828787362642288
3.535669399023555
4.367775764022458
4.285046359128792
1.6272811110103784
