8.689803762141816
7.549358885992815
0.9668325890843313
1.9768823257466193
9.29227154197492
1.9547459390669077
2.8702814880875627
2.7898807719601875
2.981880021168346
11.147421893676892
7.151761984953602
0.6700062108158111
3.350529526472215
5.723609313967671
4.049918969492548
3.4402523050943965
2.533937908118865
0.2457319882329317
3.0656971223700826
1.4875535276854301
0.5471920395997028
0.07742628746251264
0.029563594820375065
0.29244735812013734
7.179888775701287
18.399554133992996
2.791361613947379
0.09384479913837952
1.9609423581508802
19.75404093034244
8.905825017374267
6.083366154376897
