5.056266561990981
6.110846874632328
5.437847050160438
6.279113471151997
10.98306224900381
5.432456255677104
4.614882044887124
3.752568595511929
10.343667267738557
8.279005096924005
10.062261712602337
6.57425953349603
3.1687087908130214
12.167253448683782
5.648267991073841
6.121984390405599
3.3942110434380632
4.293460657254808
2.4444052020655023
6.117481215639073
5.231785179225812
1.780538844542936
6.686676050061292
4.92039312255407
4.154167125337652
7.602329934979554
7.7607095390288166
6.231422993960234
4.840145228744951
13.775552440054435
1.3220891797854106
6.640488100380967
8.323815704645938
5.180430398620514
-1.627365238174324
13.16940078424464
5.463583013071343
3.6266801368836883
6.36121304777835
5.536660829164027
6.50870761278765
5.476539179204916
8.901553663692486
2.1112046921444607
6.234927548600465
8.735470600451315
1.1200598936897386
5.9982285101701915
5.997556228508432
9.049633329068497
11.766109692770769
10.758880451863654
6.893305382779705
7.339044669728209
3.6648953543992357
4.04776211343186
8.536081401655949
6.307645296408083
8.211537605791591
9.409126115553983
11.004066365631864
5.955215041452962
3.26697179559031
10.94860740012858
8.622618387385582
6.789111069891136
8.870037055659882
6.034781076462221
3.132929031228961
5.360342943560624
5.8518748183733535
6.2107970123089205
7.978501358416548
-1.956115233416721
7.384914221902304
4.821399236874766
7.114168772292735
8.1658840887589
6.9163968965410785
3.658305482345467
10.288941075454034
7.308321945100724
6.961394011131466
8.084171317491641
7.7247448422365546
8.50070571278335
7.693843716829662
7.24529801299457
3.9375450894193906
9.370062669592667
6.4282542824282904
7.195927593605385
9.620875968775369
7.945620118298943
5.422452776341649
10.96621619140662
8.551285820227783
7.874123901961285
5.649779646723499
3.1025882222481576
0.927130791641761
4.881489982783437
1.305335663859549
7.364459594476653
3.918245330563811
7.520220110568788
2.4004886861227774
3.6512601861940444
0.3366378027663224
3.92952478304531
5.020621965543367
4.1679506468399
4.018564592240675
2.2867963632716775
4.701024816767705
3.2494442197891655
9.776899144163853
-2.23364333441695
1.8376083899237976
3.6628290925141225
1.8674493823464289
7.012677051301331
2.592978387318923
8.866977483629157
10.474896638626912
4.979068094059601
9.589971254597438
6.577331128993887
