6.919736412665358
0.2844755415956885
1.4824907057658487
2.432632885276557
3.043429399572263
0.4783151166612124
0.44587709447837237
0.6092747578395543
4.269171484154424
4.6394984393688095
4.509160692649562
10.140166369532237
1.246449044476218
0.7819069406985403
7.5957710495286195
2.862486967584953
0.6883132949431244
8.667197104026103
1.6524937005203977
5.828487707211033
1.224920129563131
1.283899564094243
2.600233924724234
25.68791494311085
2.4420834944113627
2.553805916546226
5.116143133808314
5.996144803547702
2.2179849290560165
0.17095596348195566
1.9625160881549322
18.19284021180288
10.671777394836587
11.535083818493852
5.656729589883094
1.761220531173861
5.834001764923146
7.085182755742132
15.541677641322249
3.5494894471304774
0.6576416631768717
0.45123424861648126
8.15710051354097
0.5774319582738919
5.19550473126821
0.7830877864233546
0.8856047901166556
6.285404146077509
7.618937430799222
3.565999466225891
6.640280315925088
3.419239739249872
9.534058943865654
2.025626158713866
5.11025513629953
1.8368232100568536
6.135627209264813
1.2839351521827613
0.22280232369948572
0.06920705373610617
6.642408666108982
0.37189526291044755
3.05556453900598
2.4434195109110584
1.5075721167025007
3.004803817204123
1.8935722532603478
13.250204696829107
5.300989952638449
4.52642047791044
4.067928360531468
5.285923296454204
9.34979369947706
0.5812213920642403
0.8504119717844395
5.025096185993454
3.114695137657429
5.398676847640475
1.298978425015187
29.536198806372017
0.6197864426771996
1.1201039861499447
4.332543333907205
0.2156549620224078
5.671367618219481
6.301701563494833
0.11818311055393743
7.160969371462922
3.8830919089973466
11.17218460590146
2.2651344941143785
4.711292546144866
2.781502924518538
1.47725153148256
14.399133731811624
0.9122055505124764
1.0298812274404245
4.180539554757767
4.555655284529504
9.35764129790637
2.726874829676959
11.611715324608602
4.814534801688123
19.5340921185324
0.5225203030852305
7.508627977619537
0.2665572730549734
4.313109322164247
9.581880314664819
19.412326300314113
2.43523621319429
2.365998865198402
16.182187240628945
5.409314012690714
1.3963383278693016
2.037583867579738
0.7659420384898113
12.231868448275325
0.6441506983588308
3.0993824089546176
4.994973469319926
15.464194359241931
3.2120558794991925
0.8930012998673311
0.5772175552519182
3.332821416933237
0.7946513858365746
5.822435918845677
