37.65959670793963
41.385548692545974
49.87455193594057
34.84365949452341
54.98549041469614
44.34850750728785
55.32937306256962
42.779877681987294
47.296185084219694
52.15135835028374
44.55599443127962
46.89960497567825
52.452492697156316
44.24253259360083
46.85879784008498
49.42541087715186
47.430803867661396
48.2522130486209
47.61712802240057
39.79943688869854
49.95543361988603
47.80153795269991
49.72953775797772
46.94844548643175
42.475438232422725
42.983639701345695
45.31455730436158
36.103150129303835
39.98782323840424
45.38929012267928
47.49210067136929
44.850181290991934
52.803557265221315
46.74933731562899
46.58209623222471
47.955833317696296
50.437945470499976
44.04502343610189
45.204353276314954
43.48053569480467
57.19242778365523
48.15495661795775
49.66321684278267
45.42721844101003
46.497460075680436
43.10108106858542
47.740002534033906
44.614907622796345
48.37204419730606
39.93186524593815
40.48908880539256
42.56779009233404
44.3224826387965
45.564948080834036
49.69966931276878
48.335441239662124
46.682157551854495
54.13380836157852
50.755182571502516
48.74650448551091
40.70839005369324
41.30227658114983
45.63886230417502
47.150356038274225
46.00802920980678
47.28593839358266
45.381071446882395
48.693825525312974
45.09453408032468
52.215345494702945
36.51522693013986
46.15309815149139
52.885468702501434
49.95699271845234
41.30860582344257
45.7376029439957
51.20876981948033
51.17427325949562
50.704304363500896
47.03211706704278
40.77703209358514
42.39183196300965
42.92187788011073
49.93551681963709
45.950644628089826
47.07697560207125
56.6398620422706
45.04777205950124
40.43152566305405
47.60962714861467
37.94510484439881
46.96195933106761
52.001284167708626
43.98981021709916
39.63384427270902
42.78788508647209
53.121260677796485
52.56003370723937
42.44550051003243
35.30395783842502
