69.82249782884506
74.19495297151799
72.3751116225522
69.89212256469409
75.07532490429585
65.5491171726397
65.90212433021152
71.87992920832609
67.14412308061632
65.55936988998718
75.54877786200596
68.00907895595329
67.90976979244047
66.42816374160432
68.22052582074244
75.1921981063838
75.20070593285773
66.4852346122887
67.65312420350892
66.27071062250793
68.39337285916541
71.8404652449195
65.25411732574698
68.56353335645855
72.53190603397958
69.24716304818955
71.66120756198059
73.31094737037378
66.07370110361798
72.31762171274325
72.93758068300558
73.38108558844296
72.92239211535114
70.03217992017737
66.22513778194292
67.6275842047439
66.65525429358625
75.08464124471585
70.34121858830571
70.38934472842804
70.06404755729139
74.4859506935495
71.22776304091505
70.44509957280084
67.1224442624781
65.8171035626227
68.7334240776136
73.06816101576058
70.27761303529333
75.84445922557447
71.19228353014041
75.72365611525213
75.76108822112018
73.95435731413004
66.88580395449475
67.78866249661438
67.76735398329691
70.33388369949252
66.28718290515305
71.20458991089113
76.15051050075105
66.01238019321394
65.98572681859176
67.67876721077126
68.18806233031167
73.57448959502925
75.86869824781454
72.63962549227234
66.46632730358857
68.88824409391098
76.00427322218479
66.66554312010558
74.08615057308113
65.37198831676041
65.15777655852958
67.01469078582214
69.34916599903671
75.27396223591343
67.7191714362446
74.03643304573748
67.57394118357722
69.80390722740715
69.48656288379821
75.00723089573697
65.42440980705767
68.19541237888619
70.65445468004863
66.65444533134294
75.85274343091044
73.24677019780985
69.39558841048294
74.5809757049837
71.7965909042758
76.3197999252057
69.52489327735884
73.64153925277435
74.37163301276497
69.18077150682036
72.15825245808574
74.93808931428077
