1.0105071775038903
0.22286488199287305
-0.23949452306176672
-0.8796543392961128
-1.117931717882084
0.2147579210688353
0.8997987428519784
0.9890966211098045
0.6366024902683016
-0.2587456099383998
-0.2644422237845693
-0.7174876855334462
-0.44255617398434854
0.9791344938610674
1.3186020588759515
0.5358496154389677
0.45171199998648837
-0.4886222081580376
-0.7442398893573745
-0.5403411979525398
-0.1657534712865094
0.34167719749539327
1.0641866501755024
0.1892060430205526
-0.6509399927543023
-1.4897396757945758
-0.9488544380394986
-0.282824200626542
0.5051067825947192
1.1081108910420503
0.6429941046638085
-0.3535426530019277
-0.8618151565476053
0.009706466055694696
-0.6014284519139871
0.39179864714604046
1.0444209738028043
0.9222335737346763
0.7054813393316584
-1.0147456140769147
-1.3634724700425598
-1.0572598649768565
-0.06922940971303282
1.1247738580260696
1.4088058137361843
0.2950354256383919
-0.7336959103990364
-1.0096675044291843
-1.2417790989340045
-0.7231832731471585
-0.1588114641049888
0.5777683292972787
0.8884269138057955
0.6789780093700482
-0.6668750097897179
-1.6545495387835398
-0.7163380122728371
-0.003312353471778093
-0.004638619349009332
0.973968308179741
0.4263947254723869
-0.24568227614693927
-0.7393958100227073
-0.6452538651494497
