-6.498272871781376
-12.364694839847843
-12.526387812091349
-6.015896972564632
9.896248709821108
-7.287368307838752
9.625239824956928
5.3906535330786784
-0.9286473789740297
1.0991518272481144
7.870980660196331
3.897876807964554
12.817916887194908
20.204759553246532
15.472892748763812
19.173155461943978
10.391977821700054
5.118283415746257
17.63445800817904
23.534107196554817
3.159991547265218
17.219293062181332
15.745953665867082
16.010699414597504
10.110447886775193
9.315766578468146
27.75330815964502
12.386859585995573
15.586719879870063
17.019811443380462
19.005719717835685
29.951563118985938
21.389413818816898
24.00877715432651
8.59381153769954
24.365028649150464
24.50277342518456
34.67635926883851
30.870973924355138
41.75390819414867
53.61364655163065
32.53810627072515
31.895442777562742
47.2587987171837
39.82440879107535
33.64095044365506
33.1822976100427
40.04400052706123
36.31185988022813
40.82918905312477
35.25286714922639
43.68123703044595
21.293225341631793
45.212759416144046
44.47704658252968
41.381612354380984
46.2306973768122
39.47593719235232
43.512637800873335
39.80462054989053
54.82318950031457
47.786748224270404
45.052678674606874
55.44704643404107
