37.91786107104164
45.32898223549456
42.707519189967414
37.33498754356772
36.09398815302307
36.6869629532041
33.5907667623653
42.92877963731024
33.87326629614732
34.97317774541723
34.26565389154687
45.94714517687068
43.894328911450856
32.39379909945016
36.106404701727136
41.48735315939897
47.90679600683132
40.05702906349376
34.18004582635309
31.499587497088584
43.44607420734714
36.96545405193847
37.05228615167895
45.39688815821578
35.92428090744568
40.159992714048
44.64138977055966
42.22473106233848
42.025282023578114
39.605435738145395
46.84440115820885
45.71894149381726
46.93202024735944
38.3247698563927
39.21832291236581
35.199573762737835
40.838722919325726
38.93367536481099
34.4860069444407
44.41920054152675
42.5621647530361
50.02821904686539
40.49950077766572
29.12482849023282
40.28164977294456
42.20934599575519
32.865236772952095
41.257775948214764
35.79942038328807
31.97264666099461
37.659032951845546
35.49881083731398
38.75271477419893
37.45904276826404
32.44763007484685
53.86953801980419
37.75754301410008
50.41265996907572
37.42031802481273
39.035045214067274
38.533977858194305
48.330441880357995
37.99634709466005
40.58635370901646
42.985607770623545
26.58449646774872
28.90746210420867
34.84923014441537
55.426491392809
46.621736353716855
41.53465470536523
27.366026144778594
50.133733664830224
34.64457663534856
32.08688892701513
32.05759549793557
35.7307122245743
38.25397155003827
42.894040966822274
46.22619151041571
45.03697138765281
55.3075695866016
37.32292532174673
37.14449011340121
43.48174860152977
31.37437330961167
44.780906471030974
38.5746740044477
40.617645091895916
39.736018790776725
52.50749161019655
34.96678731391512
40.423158123706834
34.95084513334259
31.12033609117175
31.778222644082895
44.87377078971814
42.336208383806216
37.81923576927653
28.9178298258742
