43.07163434716258
71.19788668203522
54.55465323394881
58.00596935333683
63.582286431478494
47.69693514554276
69.21808080186726
63.002860071747726
51.11448372673233
48.98579682376433
44.30043352168383
40.38700802706683
46.97283468258791
50.46633578785323
59.27379419224499
40.57082672424457
45.76124895271464
44.731518307974525
61.70314849091925
51.26063040474528
65.58084426882309
49.78058033818637
65.31611960370385
53.56133482191122
64.36318966166903
71.73226362473578
41.76048879999913
52.40719146521354
42.95857420653789
45.799259775395036
44.22263125674292
70.35807613451232
66.04951144431253
50.91323178589303
68.05770800219443
42.89982833421966
57.62126413788931
48.80451901903522
64.96374973317467
55.7422004066842
60.054057668971595
50.8030301003167
65.18944125879301
67.69354396690923
63.290709489998356
69.33188378020085
57.35414853030476
59.81971956327698
49.94775767685293
64.5921064802217
66.92837036014485
62.70654692401004
61.40606646759814
43.375555989441324
57.57577274990231
61.57938414136845
73.47507335548192
60.28351837631142
61.150821588430034
41.86534084264578
61.139127352878376
64.19360845433148
64.2165360074152
73.07299369373955
73.16151608006061
61.338924813735346
71.76267295411293
62.44139319334185
53.276077763167834
62.68108440322573
44.300428951697874
66.35575344752834
52.04247079016369
69.357417613407
59.48360495411534
43.59912909615778
63.013466875520436
52.241632113372546
66.19164267307619
65.86736172070542
56.6802389778385
60.23163254464295
41.80638052020637
62.09592952196762
45.5560037771311
71.8981452000857
58.17527665086631
52.092259182885044
55.57294350501009
70.9960181494752
65.05703864566075
42.274762469686145
53.97735410663276
58.89659385561923
66.41809723251059
43.22471373951826
65.58374359877416
49.38093375849386
43.18282329787369
50.67743270582827
