65.22508406787155
55.37897352229035
60.078272406290296
64.56020349141986
65.55060652779741
68.09836033971162
58.37190041661146
64.66868787979747
63.0658207026909
70.11264449652847
57.92052149467099
70.10206638389622
61.3860360249844
69.04602773776631
69.3765850565009
59.06106423640581
66.7939914536896
68.21830468258247
60.18158319048421
64.34769488523783
70.72021899207775
65.74403298063541
68.04280154042799
61.03029463744957
62.88317834420098
68.94950642975756
66.63203154769856
65.34188173553454
63.24905144307781
61.625352423552265
65.5839215361236
59.28900321210608
59.66246774257606
60.60197474098736
66.54354763161562
69.1477944883179
67.70837848459058
58.28915696009118
60.60613433640094
70.25402508210688
59.846849902489325
64.01617283521722
68.83354313627284
66.65387140186336
55.90252996836161
67.01524364736014
66.0317411503123
66.55939939254404
67.97684738072368
68.27647312415002
70.98441598541659
59.72732908148866
65.76681914376852
58.82597316826182
66.6943521974905
54.55778477159893
63.61354574200637
69.03968803292481
65.92089617689669
63.47526738252082
65.05221936435812
66.06413869609545
64.10493903131581
78.5228795637437
65.98422072072134
70.01045529294178
65.5162231196638
65.26694448253488
62.7906704496513
68.75847809520403
62.245499347825145
60.446720155465314
64.61197849711216
64.39478419775031
72.57608895733564
71.73252256486086
68.20657431034341
64.47931546267857
71.3408036886839
61.00545926328509
61.208686360424856
63.65178071143053
64.4887522999066
63.6176273611048
69.1785984871782
65.94665562707885
70.60231241170071
63.270738372885326
63.35903487057847
70.24973898714268
68.84112268014323
60.987389634329666
70.70480306655921
68.77579173174237
58.449514037668564
67.68300278834933
63.33103196503952
55.91297230304681
68.53216833610851
68.70562395763852
