52.177681177263686
53.90873490010432
55.369066059907574
56.70584478351965
52.11786887727433
57.49782765134809
55.70080105370417
51.75684344536567
56.75176569143757
49.45020442722396
56.99568934003818
54.78762364455466
55.290330457536584
50.52123177021347
55.22017970866533
53.42958843977608
53.06809826498168
50.321690149012724
56.55869126705687
49.64509074195323
54.901021161029256
56.93402920004428
56.81546855612619
51.83817478966355
56.08292562507354
56.77745928612184
57.6427007162659
50.950424014363136
56.81668189865725
55.14230470037378
49.88656376651742
57.45369068299059
54.486185359716146
51.50654500302926
50.37201608284263
53.60281948445876
49.84423305058961
54.82908452573873
57.285977476314265
57.019794046459296
56.82426809450887
54.22707470820546
49.44489237756421
49.439758037197265
51.951071058779426
53.17497294748076
55.296360345245546
54.38358506447805
51.4040860022623
50.97532269493683
55.05566509546045
50.266029974352975
53.008664050048964
49.87526488013016
52.774761760885
52.61080561418572
53.459653717024075
49.569625176151725
54.953741704106235
57.346851373933696
49.65752098695881
51.64857272049863
52.499422144583576
51.922247595733154
53.710313563851734
56.32737040870397
52.90750723389438
52.8631756263928
50.892245067475464
57.43578308645734
50.933039015330834
50.87136527539254
52.80535745800163
54.292228510414276
52.65176028527752
52.465774217393076
57.14308838745679
56.855866580812084
52.01544483975045
56.06332586029852
54.9101895038665
53.529222546385945
54.88726937747303
54.41195568089183
50.30166656391875
49.71307714559772
49.45359942797289
53.04412324303371
53.23519877228473
53.24071001819218
55.21134677139954
49.597619879480526
55.61816114256388
56.145299751259145
54.170901743727306
53.19411810926517
56.27030579786309
50.24374951319312
57.583838411323896
54.20006534984008
