0.8360741712028452
0.44817535732203695
-0.005138749980553983
-1.092958854025976
-0.78996573867709
-0.45015819465688917
-0.21705972719038152
0.6338260351172137
1.103573322099148
0.3525302542264741
-0.5274938628398022
-0.9870448652927454
-1.345063851070363
-0.8478629786782225
0.0876265448083963
0.882027592666763
0.5087514261534192
0.3203305957614333
-0.42236864418264985
-0.9405783057323429
-1.2702585547146827
-0.8039477433279258
0.6199807136622033
1.2595268602916172
1.1282551256343778
0.5017490078179242
-0.6403076385383004
-1.3272234198883692
-0.9498504088765016
-0.08921636657293819
0.709216848300121
0.8019370260023267
1.2597151223025234
-0.18772069176803216
-0.8509062791213031
-1.1857792037443122
-0.9683611609919631
-0.14230793258415483
0.9611628768981928
1.7916923216084621
0.5960999627714736
-0.455479212563237
-1.1398303919961095
-1.4712302079212627
-1.1455168190037017
-0.2379324491651174
0.7196633482644225
0.6650887073062616
0.3724773219076865
-0.03927017002849504
-1.175041550532751
-0.9860288162703663
-0.9148594122211089
0.001200651412636318
1.0295832807023433
1.0766487795670578
0.6740625094121253
0.12366221073972465
-1.1610596083929658
-0.9953555618194215
-0.7339173382135904
0.24531478175219157
1.0316647400938839
0.7164337580503555
