2.337787953919664
-5.697096613536129
-13.284345936287327
15.853404063934526
6.1942901759466125
-3.8524527841213363
4.335332039616547
21.88926312956184
-3.9887018419188953
3.306223742952631
7.109272987298203
4.584015116663631
0.4774239388662824
5.321733108485024
12.36162170733636
23.98202700402866
8.959527870427701
21.63916784111802
13.707781532922628
17.220206184948378
20.43174782496247
13.260653650416739
19.023263397158622
19.057607168100063
17.717113540164714
19.93425028590218
19.453037707458293
13.521781070638252
13.658211210573741
26.95313380220331
33.568484653062406
17.51529069606681
14.507689172471633
10.977426417774534
34.251030532607366
16.128827442121942
19.407225906002477
26.60742934379555
36.72010939045103
37.9601095608249
20.592525850526176
21.954927587763066
27.220554783295032
22.183857537433248
22.37167636743613
27.766700075028627
29.741913128443255
35.41294141957919
40.02571621119491
39.10544266221992
49.30631163159053
40.316875747226526
42.69801047239117
56.67838696641404
44.845802963220734
38.50111757126945
37.411541510297255
43.86371075446033
36.11326702305275
52.65131317970807
52.576522655015374
43.239567964191934
39.168466013993964
39.99763168839274
