62.195464664761936
58.85288415491535
64.9693749218079
53.24930370970445
55.905661671636786
57.55970889278066
57.43847503388527
58.332076325215
55.023580713347044
63.41061493017433
55.13394852747695
57.20416131610629
64.69890778664995
50.094553458317186
63.44003127077419
53.13777245511636
55.90609444538827
54.66752283307297
58.20891846968307
57.58874036083352
53.644756129753844
52.6792617452346
56.24259141293071
53.584147907234346
53.36892364628133
52.18737478882914
58.16319871780878
50.32624657085762
55.06201715926573
59.757440158258234
49.42504099116227
59.15696618531069
57.88993616506736
52.757117608552
59.86262543802814
46.52852546919023
60.07299750745144
52.132420744891995
56.19986738327516
56.76958082996281
57.16390319184565
59.018315416945455
56.57322078702769
56.404661251721556
46.94424341413135
60.27646023871781
58.81153373041185
58.628350198566665
60.65451269637924
57.481266908068015
55.37045879178105
61.13761302223428
58.232511877355286
54.56282341885139
56.65516886709745
60.2334784884451
53.10608956411721
63.88635023469017
56.51675693758085
58.264919172831895
63.640410352714916
57.68733299365093
58.7720189821738
57.53517938694329
53.15453602958016
54.69324397113469
57.790628469183844
57.278005985601204
53.83311286725785
56.88391993544358
53.895633904699466
69.63359164524194
58.8991588473104
50.684264513678116
53.582705170166776
53.762298307975705
55.86842168168645
57.68846688378432
65.51991930275096
56.448262762198034
59.69164932279273
53.86978611141239
61.908798592755495
53.837110219043744
57.880815175469294
58.68390026507546
57.39546750771061
52.72117167376818
53.69615970655365
55.804796942392194
56.57670709140298
46.41662212785245
53.69990407283167
58.776141889510875
53.60648742887957
59.62512104555023
60.9783743981841
57.78775268940866
51.43586592083241
58.704003726950276
