68.57709989802008
75.26943294889618
67.09874588568854
72.74372644858207
61.77639553838246
76.06456199538266
60.62634286770994
60.56280258659306
59.674116946084496
58.17710348884175
54.329201564359224
61.508574892755405
65.83908182775389
72.5531140090032
75.6220310662793
65.09298692338639
76.88603905998008
57.19019318170701
67.78530114154125
60.833416686448004
70.1233698426
59.57003193450683
78.82783770490246
74.11194631203728
66.35321877927001
53.832482356784524
66.75262435444273
63.60082160558758
73.76739519619946
58.50554534418235
53.51951369256635
72.4979213455062
59.998344074462686
68.66718738821983
73.03262166772629
69.04953576690596
53.63258595193557
57.66381509522471
74.37388254303832
67.18432013955842
77.39814916459729
57.07792589206173
78.52321111086748
68.96439045741235
55.21521613129223
67.25406184710408
77.41338063776487
59.82294087438733
70.90603045225936
56.65222313331141
67.3038339236428
62.119956835826024
54.52773201470843
76.6680672200986
78.49467713467843
77.583485630056
63.93886778525969
66.77720532125693
56.94973072277337
55.444441216527366
57.063318704791875
60.596789569720826
60.7728865999953
52.39145855652742
59.1744601574413
73.26009892760274
67.20759194777732
66.2342752304436
76.61441969432816
65.59225466216706
69.45522363055883
65.52975319939902
62.92648818998289
74.7748606008553
56.62214152717036
76.8888620599043
76.73462244178393
76.27468357406069
51.60173749380045
76.75045925578881
57.2204391462307
76.700308785421
71.70291215031247
74.92755749631972
59.43619925633949
72.9549798385317
58.46937285280872
58.59048903410881
78.59258850543526
66.64844502281446
73.59847680633519
65.7962878029868
66.88393140120675
64.94066568789135
75.3708095698972
66.19041355810462
69.67783486778558
61.231276351067905
68.74276749449835
57.743942448276314
