58.014046160521566
60.34197903838655
52.682441657663574
62.095740172036756
40.61590816665442
53.54886277806246
62.417829174741925
64.15660704387476
50.82665320954452
53.64808734271678
54.62937822758705
55.89981096137273
65.16106043085192
70.7095655193622
62.816066416025976
52.05645467911444
51.1583425962595
65.21231678657588
52.856085931663905
62.43248368622292
64.2321712281004
62.7213121430287
61.26290431555799
55.33466481155343
65.41994610843471
69.01749269535752
56.538159078416584
58.39433556047387
78.18175330535296
69.83471547363293
56.596076726462634
66.17529576935769
53.81789780395225
54.24096656182682
57.523229532060725
61.260656096479956
58.163766411567046
57.734948583594196
59.335419267402436
57.907368766048116
45.82065900247474
52.53651752370562
58.771487778621875
57.56966402415182
54.148982359289555
41.19856041213062
63.45333923071005
55.82163366979343
70.38818704352678
51.17728231304386
76.54349331495209
62.17642218811982
67.95165100240924
46.59525392144167
67.32983898151697
45.97809317634389
54.449906060653824
58.44734463489501
49.87772603493225
43.79092238183091
57.86363235726395
61.70465651939605
45.19320102277151
66.5065107200451
53.22610507721588
56.56247955238258
51.88245489200664
61.13065540414731
72.35881357889363
64.55017920719591
57.99974446281442
80.52881777848523
61.189887210652
59.81716543084071
54.6149159527429
73.28439793873505
62.17462192085409
65.4594403466417
60.5167090166307
61.36422463671137
69.7687109184472
65.92255124322074
43.81940963761291
61.84046209000797
59.77551124471208
44.387111483924706
62.303809078453035
58.3158569693862
49.85613022880508
60.36832378985551
62.111704317475464
61.67734062604221
55.32491174615728
54.604560356267655
63.61076204200252
53.98298372660818
62.72775903279557
65.91533356884298
55.43984787020384
57.043319382150244
