66.94394705656958
66.69532981147233
63.11851791901063
62.681309630546124
62.33721243496443
61.966380417966974
71.52983424901846
70.025141596308
68.62483165464914
66.0771168726829
69.11745803700755
61.50397673452815
64.84027193624844
64.21287999576789
61.86490459629223
71.0463486287522
63.93703422667638
70.42428757658388
65.74883629554918
62.94992800758198
62.2306516237041
61.499859077621856
62.76903456850476
67.10700239010107
65.19580928632043
69.80974076655976
63.98718791837169
63.633647860636444
62.26502538141322
70.68656721704781
70.67622158142898
63.939888298109615
66.41961272750315
64.33011354970964
70.37513979861563
67.61189588466061
63.45060571970783
68.6830961246329
69.32420477522052
66.04523142445458
71.18419559668403
68.69893527431618
65.03076242335935
69.0152277818531
67.74798875448755
65.41962691169778
62.262033486283116
62.79721140421655
64.09353924359908
71.20670147701628
66.60869314974443
63.68102999909583
69.29422384693386
66.37332112712701
68.5338849236945
63.84463554216775
68.95628847027854
71.19290482009994
67.54188516619065
66.49249538743258
64.67175935733682
68.09957849635185
66.45183530283663
69.56711869542015
69.99494119596
66.79666908874327
67.2500938780695
66.71525929163045
64.24844665582143
71.51211641133065
68.0017701482577
65.83536728941357
64.39900770320871
65.56382005296861
71.48912294626798
62.002830711456376
71.61226066809898
65.38168871409852
62.43862894843746
63.38005314984974
63.1007100541751
62.044700198072356
66.309010621212
64.39183970873803
68.36356667202728
62.14967398148228
62.17736963008745
68.85437285012732
66.77638164626897
68.98160439830242
71.47316909744532
62.384103843632836
63.30871454467816
71.1960956141467
63.88863144949494
63.00591897582638
65.3770185602807
63.59735985473072
68.15696964464509
64.75735083847117
