32.59813580649354
34.597309553296896
37.2423215757705
29.921090341630638
34.83096680176401
32.49576298253631
37.75247647148466
26.05208352132906
37.87985627522628
40.16789265928016
30.474130309084895
29.531487374989034
32.22747863848048
33.99943569615439
30.948103435641368
32.94054582718487
39.98218582970958
34.1089798071769
39.48788613971372
30.799039629703177
35.55392177061839
38.97933417112522
30.748509935515326
31.290179168233045
23.803556077838607
30.0585976514886
33.314165688716756
28.844698052458554
29.894327858984425
36.697569565809815
34.92123125076206
26.162970559407686
33.973872846071885
35.261521235744105
32.89648169296854
31.588345404248354
27.781785595780306
38.67505455271338
34.36734627082319
36.97514626857117
32.754642468185814
35.009517263604046
27.78486872821911
31.890967383958788
30.99749442132269
30.728774612563456
29.972954514819733
30.70908194587105
34.62811781525565
36.94773901634773
34.73142582871349
37.22697906235958
31.127521417762992
29.82390090660118
29.30602189111565
30.76904218379779
32.446032376434076
41.217556795420165
28.604555316171066
32.227432772183434
36.42167665397957
32.187734680564816
39.14428089505379
37.66520564650713
37.309971730568265
29.78664746889822
28.40322995900893
38.289598460542706
31.044701557784364
43.14042418563248
30.881457107248274
31.5488903015615
29.327832293685102
32.98682389424857
41.36986859408555
38.3468296314723
32.07024822598344
31.64846392860025
35.990562403558215
31.684613822130444
34.975112169197196
37.037976874293896
36.51263281611078
32.78827948339622
39.338033664765064
32.07809139704899
24.43861410506561
35.39674797495525
37.2579107966457
33.204708958163685
34.01403114110395
34.54587504253127
32.24065211245085
27.780347840506558
37.18955882391397
34.346532888949355
30.743487520737435
28.43756610712389
36.9771389268665
33.2058607245264
