41.39213132633679
33.53052065376057
37.89639726083381
40.0117037366443
36.50363888439639
41.245944896606844
40.922236298449555
35.59312476871583
39.225123656964925
38.55892221816224
39.702765310050985
36.86755962397942
40.21886177499137
36.793085363006554
35.0211137303497
40.696591725944025
34.74080043265553
40.978102323669056
40.12784266227874
34.63642537842561
33.71690421427976
35.02199581892485
41.04368282253657
34.45342710675249
39.99474001429172
36.87305464728941
39.89937886432907
36.08665776977832
36.32313703864232
38.33872843278812
41.07253000486865
41.1434503017461
33.85183196908905
39.59760657124609
34.48880872276202
40.66141573607081
35.24753504791529
37.68909566600836
34.56970424331733
40.62924073556071
40.47417475374449
34.51595581299349
35.62680931817788
39.554964526869476
40.819066731370135
36.82402069848678
36.82305721741148
39.73805385523928
38.506835906270155
36.33904372544283
33.84480821559966
40.5188089197616
39.61685332531267
40.84426063169719
40.67235455737814
37.42462029699092
37.85483597690087
37.648942327741466
40.8789474913188
38.87068566489154
40.898716618437625
40.548404018325485
40.91640417733185
39.40495817462452
34.143049199480345
41.42499501975654
36.34630745979524
36.360127786949825
36.84747279151922
35.85754984286391
41.228227841191384
34.449731101504426
33.77256598309083
33.681717314405404
35.8237493854767
37.07234482919185
41.098573975500734
35.30257358530444
39.96477999204484
38.99155772069838
34.84545735969408
37.90079297899236
36.28791121484764
38.567941760629495
40.000790882407514
33.99309482744893
37.77093302723875
41.37821654781882
41.152450173138384
39.68547965653839
39.06029455313359
38.52773381150434
39.08525270196956
40.09723514877096
39.56929805684107
38.3450506978096
41.302261299255186
40.41071697637713
35.07620548392253
36.157590460693946
