46.554847923272405
40.97917507057733
31.976845258041337
27.36053217717378
19.780017105262658
23.511633954019956
37.351949933583484
36.0021346494678
59.07357710524617
33.901352467691126
32.92722562785198
37.94253638629246
58.73855671008951
31.46567751243937
38.059060267356955
39.86617543183931
41.445597262051145
43.54892224975875
37.722816234947516
29.3532614741692
51.0542091812501
32.08629164137719
24.335771230631245
33.12489139286262
38.53626347446281
36.0594837140289
35.805235981366565
38.81254263220183
36.80709708072531
28.682156399350575
41.50715885942466
29.86291187377595
26.56557448508832
41.308544532397356
52.67041647452908
51.20519312445214
21.788830365164273
26.521376151906356
38.780794738913514
27.71060887724078
14.810765066030367
36.46534810406934
34.009760919302494
33.34355658244244
27.604168018581134
39.307007753662624
22.564048713324276
33.07316363439384
18.488317689289012
19.884699819672683
30.55686456160109
31.71454544879404
43.773441396754365
31.045802161749133
36.21735794880085
21.550386988840014
27.51900775332902
52.50107485800042
37.48821292985013
32.279624605350605
33.89922692331581
30.766542810493824
59.162050995320755
25.185268139401458
44.70080632274147
46.573039637405074
42.2170860322887
25.794822021117408
35.15773913869569
9.778247298146386
21.245278239959248
40.23918477043358
51.07862007265821
34.977247719578536
32.1807153575942
30.591128339379654
41.26617296825705
32.3272498153417
38.03484048251632
42.42608604000736
37.6581427155335
37.502996095363194
40.24235671979511
27.230238652068355
31.708059841122637
34.08951007333707
50.864625703922016
35.457941420807714
30.182273847052738
27.029199044090344
37.09053411591592
36.72109558422443
33.90755386844334
30.369117924311738
25.22187253729816
24.950586315921417
32.059915664759174
33.030424500367936
24.444876752796315
31.68190927542909
