73.04105838436706
73.86852984322884
70.53025896283735
70.33099989437015
71.71634791016152
71.08951248917883
71.0510063720021
73.2129611458283
73.14402310726585
70.87112243804447
71.06935515820848
70.69197514325298
74.13032923338987
70.69008831458505
72.93702448136366
70.99701583142513
74.97319300209057
74.06026901158087
72.07781092417966
73.77633130027283
71.68749400260353
70.30142288853757
75.24184671694424
70.30710321243255
71.4630812620603
69.86250951138116
69.92335114489084
74.86093833354388
74.12221125756784
73.23571612227579
71.3933284853002
71.78004328628128
72.77398604168349
69.99705411344831
71.79796496235197
70.39563342118907
71.7244358223558
75.33431334589308
71.42368469215896
69.85508607474604
73.8854323247733
73.73962483704383
73.17356622240425
72.04640124310724
72.25210687243391
72.25973380425519
72.71264398120782
73.8278630626373
74.73691324823787
71.68451960234913
70.39557631080845
72.27102514673298
70.33844321777366
73.83159913329685
71.70917960541777
75.43513116852758
72.10119215000962
74.51628392006053
73.95880103920028
72.68160600015221
69.86631742862453
73.13333811671973
72.2165089587814
74.8195687705466
72.64803010528149
72.77988669321465
72.20399146587943
70.10132671746022
73.83338556462216
72.33735745418652
72.42132012884083
70.04256178587416
73.96148568360002
69.88868055795449
70.94422097873138
74.8905407830583
73.81463228875153
72.63173719424255
74.9540329299104
71.10807797911615
75.42669016457445
72.66789679211998
71.57553421584653
74.89014763339453
73.88098829866192
74.35074539935376
72.28269610676742
73.7271703578319
73.38471372186922
72.37937348526067
74.23852473932473
74.82994768948582
72.4384652792279
75.46833686994762
71.98519534878226
73.04119587362162
75.10054285424584
73.45803379976299
71.49021130730532
75.28797875510011
