6.815447967290528
7.68189933397511
8.130282619414247
11.995211021022904
6.830323673798418
0.8211216104589827
24.46166758233505
16.008958697707737
10.726601090152826
-0.9073989561685707
9.489950239015592
4.475422328848962
17.572219705118407
-2.4222647419239003
-17.26744458043802
-1.1726605468413371
21.165820043095685
3.6321104024882898
1.1458556622783798
11.657006934207306
-4.525032261659616
12.344226599057219
-0.5548220790318181
15.267923157258409
15.571699553583985
-1.6781780245824134
2.9545502786968143
10.334796833713453
-10.780184905054885
9.376912543038904
-4.759043823781576
16.152443432061244
