2.1662513586697867
5.0977440655223
0.6068836821242615
0.029549157905007256
1.0038975542254749
2.097390431005668
2.2336463187991202
5.151918312532197
0.43141605692312684
0.31414597003451167
5.6462674495381835
0.36898628814611406
3.823108276663284
0.3640828231273119
5.154119557079414
3.8221929050313084
0.44847295434996387
1.2243117410195798
0.39801091953199097
0.6287009471582499
1.163530807281286
1.2978392602900042
2.3612189479591597
2.6456433427547337
0.6547170127257885
0.9457781257504433
0.49786201855123147
0.3813903421984578
1.2086112099947657
4.946318598306834
4.895150662587886
0.7240627826391524
