-5.876436798807365
-2.0955549895650654
-3.0671174388858713
2.586960236906294
11.159618850150986
-0.09378085865676944
0.16889751051261115
9.78321571460447
-2.067600223051893
5.490250327996008
10.473574548523715
12.349430434257636
3.316323320471958
1.299055841359702
-0.22938526074079668
2.065648976635521
-0.15599505150041182
2.254353840227689
-1.2133233901626825
2.821918302534769
7.166448707967362
-0.26194692452098867
0.06339448668659564
-2.2756199068697462
5.232504863602262
14.712812645971963
7.534597045672269
0.8184750766882596
-6.258496827606413
0.7919643561535987
9.510307120000387
7.350193101566521
12.117932959129732
8.774596516147021
-11.399491052554607
1.2555614772435795
13.263655685648132
13.041106537810235
7.752675287240155
7.711739965509315
6.535605797644813
4.743134541805303
-4.301891033733121
5.66706724394352
9.630469556391713
10.604327187730181
8.729448008948431
13.129085719503019
6.813235317639641
15.29713821500891
1.9075938282938099
3.179640813285773
0.051203042763120266
7.725712084693755
15.812144047720471
8.236728099251394
7.260510571891899
7.686038960345617
1.2011778721696142
2.0185286442736015
7.710450644378172
6.783454084236869
-0.7685892788770987
2.5846140302605747
7.198713274365522
2.7563024233477784
0.36943803308547096
-2.9144697570573266
-1.750110282404318
7.1526243338820965
-1.4138582833440383
3.3733483772208297
3.965491670917214
-2.728058774822058
8.240916640977932
3.808482551288182
6.799313762150328
8.488779178719724
3.391854366859265
10.227235561597894
9.968741558067649
3.926667558524808
16.766104936254614
3.0208580323074603
20.39066236986494
11.82613273410588
7.188336888955314
4.760248330589341
4.289451248020901
-1.9810518317472638
5.967569176023159
1.981843494697884
4.628936753307197
10.796329601962473
13.897609978262217
-1.6825586549058702
11.596663959089947
7.123455517419612
9.411981259666844
11.96780127453632
3.4844453086784712
-1.235186595631511
0.5548316219085025
2.521362713199301
3.390357467300528
-7.41790777611981
0.8497571039400373
2.498660600985771
1.4699080682427015
16.591238252490225
-5.821207963483451
-2.9059154998393
5.7894084678521
9.034501489455625
5.469946763417163
-4.708379344783033
7.069651386924004
4.905211381111036
12.59209131053202
10.267898413105893
-2.2152923477031683
-1.8511454412210462
11.717750907999509
-1.327763193758111
3.8301381572837263
1.024486222456205
8.65906198976233
3.413846510873518
