2.441185859196329
4.874098952144938
0.7999103134676767
0.9846089690020311
1.8910044533208794
7.495262735894769
1.2309653885087255
2.5810115524773956
0.7844988077014237
4.22178409878405
2.4240369428201167
3.172977111274606
4.188354141612204
1.3254677354123747
0.9812800246987076
0.3090817365098657
0.5374884820771237
0.1250608880191347
2.0768842626894086
0.05358319765623388
3.3598128074094946
0.9261022010101595
3.667468234867508
3.144616044826067
0.7304345249963493
1.0667008018828015
0.5395642500170865
0.331625992627606
1.2274176446856613
1.3089413739922449
0.5161651928190802
0.027066338105907917
5.3980334317355485
0.5146817592115366
0.34968156013779267
5.730210105150408
3.5128912193387807
2.7316619106463738
1.4627891023620796
0.46752095436240876
1.9978535727847146
0.06898494064068618
3.6760266730784377
0.9089053026616842
0.5786356956967822
0.33150855796189793
4.268923852573088
3.4296586987437006
4.38632701161451
1.4442752366642508
1.0647638960161998
0.9748127753222972
5.204092181484243
0.22449554055876592
1.3110506246712126
1.3844036240222808
0.25456117994118405
0.6113909110781702
1.8456307022752263
0.36718859540139326
0.2563847217410229
0.6059502968481341
1.245081642721115
0.9123874768358994
4.976949210406175
2.946559006217857
4.058384430893128
1.9037023675247082
0.6565234214779617
10.213752074199926
0.2650892571942319
0.12587510020926998
0.09960145058527894
13.13758609568372
3.158129248268787
0.276241078512754
0.25485706034584255
0.7701930820595159
1.8178932769635507
4.59741131183214
5.149840970627272
0.22165940586608873
2.9701112394836717
0.8844809241296124
2.1402170404663505
0.1630928981481643
0.011176122119545433
0.8923737813227256
4.061821493649922
3.76395382737727
1.3189437250325708
4.320205406633639
5.6060852056570045
0.1152012944222947
4.5573587366133115
1.757845240797215
1.5113610473219914
4.127566049944217
0.01183391752987497
5.388207471128221
3.6987371397917213
2.996741110629118
2.5304467477293184
7.775930560994261
1.3640253951899477
0.42876677037982264
1.734938459338668
1.015238600400686
1.2275847242175126
2.18263546793383
6.585399928548756
1.3880926545649208
0.5324631026003881
1.1819401804376348
0.6344450643315764
0.23172887770241676
3.0256887301602964
1.0555054577803056
0.1429899540288366
2.29158236445359
0.869226364225288
0.06226994538038841
0.26379127828672255
1.362588442741348
2.0225129851062467
0.12139591885231536
1.7473283165037603
3.118099077620072
