35.173120996086865
44.317637096095694
36.962624587262084
45.412686192406866
39.94044650429203
40.84683928879754
36.04207164022818
35.747157462417334
45.69446918821461
37.51038053066171
38.72073869484541
38.421048455971146
40.774291215302036
36.75326437457579
40.22257550909035
35.26627543236614
39.456597921068536
35.72350554612534
36.268672572139025
37.442295536809524
44.98609574342113
35.02147808560222
44.52760735422156
36.50250665257772
37.79397184434119
45.07978076745065
37.09695381420248
37.64791939290844
45.9301416291186
45.423672457312804
45.43302774779435
36.479533571781324
35.52022873563213
33.593398741485466
34.249011483738556
32.49412361292571
38.86349314133786
41.29014277506515
42.02053160726236
39.92323481868847
35.597942904124345
33.70649376368154
36.41291649061272
32.16689243352843
30.92388380326395
40.47667663909437
37.61897177300697
43.335359325422154
40.35787901320984
40.29086858037363
43.49165097167556
40.141079795994095
39.48134130077937
39.876944622195005
41.311696910431664
34.22732038919315
39.55939870178686
36.98059530854558
38.651187035433935
42.84663610202276
44.739632923094625
39.877450526451106
37.67268361665083
43.41547624375726
39.69868520103704
44.32523484668544
32.65328506066539
35.44574329228519
36.56053377403525
40.59023621634366
44.15875672956645
46.68881934152758
41.45188192938882
36.41282793807049
36.42675341262732
42.10659161376705
37.42064408290356
38.54985107594824
35.535737353777066
43.09382796818022
45.39051643855628
45.94863151534362
42.53161105948512
39.22617898554276
38.982105997567835
39.15710308043713
39.45003581825159
41.66623495145507
38.775799552812686
45.78474994291973
40.25160627113982
38.959136338628234
38.820891913064294
40.158479695119766
45.1263341244987
39.61589296051611
33.3842600073524
42.20646235189427
39.004487003688254
43.144082527737694
