68.83913159349981
60.76803756262957
64.83192689874318
45.48055969864988
51.285768461958014
45.371957329663786
65.29744360522962
56.71334876915559
59.636546605827796
64.21937086635
49.5997401139673
58.74003714589949
57.45965148958463
53.01882805543775
53.95616576347119
66.41224181826048
62.91613221999411
46.49628794853524
72.06058115084898
58.46600720788029
45.32217177202871
56.33062827287755
71.88402627824112
50.57454382473733
68.80104161854598
55.74983116604824
64.69337165680497
57.95269776773027
62.67285226498295
58.59518797173284
70.97285629217392
63.19143363044078
62.045018095067775
58.57401568694906
67.68052503107872
54.18671207777223
53.754103521631905
73.02034524331765
69.337884177473
60.97754804217101
44.94000144862922
70.12294412720266
61.736814264616825
66.24074823634035
58.433894944617016
60.481632255242175
64.98705330802466
47.0604905004339
65.4201250473758
61.584398753157636
54.11501409753802
61.32679569261864
64.39143019671124
53.555757688591754
43.86263847261599
53.89560336447537
61.63393158934653
46.76134552766381
68.80991958488397
48.420380914523626
72.35032074960347
49.25289702066837
65.19777032737353
66.65194243756733
43.38091456669243
71.96961911267512
68.58687623972942
57.93311456432107
46.81451003795035
50.394489396216386
72.28659374615518
70.85719339840102
72.26338160517894
54.81669958908571
71.79269705962625
67.96486153488448
71.1879496147969
43.49252805130324
60.388423297016
44.21468883471614
58.5488833351757
57.65327717446832
60.39073896843573
62.059800837012425
66.54397498473334
64.25061945001275
67.85735622841071
61.83428896538107
54.92259397493823
45.80603654115704
58.23460105841809
70.56582441979182
58.9451995024187
59.75364966825035
49.50273479088719
43.87006676179447
60.07718309138477
71.9018415756971
49.795211889351464
65.8962322402987
