0.2588187218627405
-0.6641379882302237
-0.712349964799959
-2.2408835622496426
-1.852134151624531
-1.9855088719770857
0.48727737763107926
0.3153183723641679
1.1892123139043733
0.9916533376299828
2.117859235728483
2.1947168424706898
0.6824838638635481
0.4094525363373665
-0.6975836871280622
-1.6386653615146032
-1.587589651450097
-0.962835687433351
-1.227036580161125
-0.22916706440239057
0.04097490648028823
1.4294502566485248
0.6687004265872314
2.0515378687512102
1.2299709421093872
-0.026656116397689833
-0.6764119997086742
-0.8398514882321495
-0.7069427538964884
-1.7612126786695401
-1.4942918096230995
-1.0831981486397957
0.5692156637438428
0.7930464013025531
0.9059673421413359
2.169278484370796
0.9139093851015294
2.135446469954695
-0.12407006052333447
-0.4758108515624561
-2.3004611324851614
-0.7557278886974006
-2.2060235367627556
-0.4604847364511888
0.4231169886684966
0.8706036319695413
0.9346603039932051
2.1448616141443053
2.1277760702299537
2.0329784930619406
1.2306548815739222
-1.0234801475569775
-0.7048582617801596
-1.205035578136393
-1.9231034091069434
-0.6449675665803863
-1.3111120652757218
-0.08735773910700492
0.749376636853275
1.7891827789584116
1.6219659073767745
2.162332560751578
0.27634301569231956
-1.2177543859962805
