3.013148845053746
10.212456506215243
6.248012021171126
-0.6991927502228763
9.309549545422014
8.366714565577515
1.7538888469792404
13.427825277712454
5.018407961083495
1.6040945031362774
13.60101647692322
6.479399700256915
13.458275195544871
7.473509334568115
2.270295925367896
9.753639153454234
7.709411210248066
15.343777179789186
0.3015957886402081
6.282782471102232
12.045002271205028
9.170080996287341
9.732833739599842
9.370667420974485
13.304366449753104
10.517980268660141
15.731327526335193
15.18134729066389
10.735692064474383
13.088351662802987
15.512333271984023
17.83115728514496
11.15238875316017
14.162307949903083
18.218153363166426
15.430678401098305
9.86394063171253
14.681780400780607
21.466664722199646
17.877453773717964
20.0037360353969
14.285519373700865
15.718670452129581
20.394629021512745
17.599670114712556
20.983612978184578
13.463518156112013
14.665961083043616
17.36793213580569
25.97083504426019
20.990752616895136
14.945456088509319
24.992554403145554
22.03196654440491
21.253195381742724
22.70774107401821
27.959535725554204
26.262213617283667
26.77357946193002
23.174898630720346
28.06307175446783
31.112633314471367
22.613928478544715
28.920394865274094
