67.22736727391069
67.59839528313773
67.21306155027028
60.8531122699822
66.48093223994927
65.58148366276042
63.955396808569205
69.45262453858012
64.49492009307536
65.82552169562564
65.37270644585509
62.197291253864265
67.4515833865649
56.970252624804864
63.56243366712681
63.43499577447281
60.72645023726835
68.24582413839867
65.65638523995587
64.38807844299481
64.72498210085205
67.01110016700709
68.3682268783363
70.21534840100833
67.997992698436
65.41104590791478
66.51852237757022
67.79472839015915
61.89553748992605
61.59004307608414
59.34679048508314
68.68969419460866
65.97634416470798
66.78741444563703
72.42652395331343
66.21668157163872
61.209822926958466
68.33162594080916
68.78057050468142
62.9935760124361
63.22606316846095
67.2784433415705
68.06895531066178
65.48032620652239
65.65806571695349
62.97791458882293
66.14862644605826
66.88764034685177
63.13033688233546
68.57967493234358
61.473504350319686
59.94627882715792
64.6316703771738
68.14022098602914
69.40617504068585
65.8810954390714
66.41248229096203
67.82996595117973
65.21675922820359
66.97611028280299
66.28921294110394
67.34618279375229
67.55660235641426
64.47723049980074
66.31859205774016
64.88261149773624
66.82051869388023
61.97236670482483
61.1793655180759
61.047011201058226
62.143156397663134
65.89379144222882
64.47430201911858
68.2047253040764
61.22610452757557
66.31247173198771
63.411719941823904
61.359476922649066
64.02123827452692
64.12389242852046
65.9132056237254
71.23492136481434
69.39979514546098
64.69352977646716
66.55775259273814
67.89329525324649
65.504133194674
67.6256953259352
62.73108076609396
72.74909981835006
66.3637677036152
65.42509271169556
62.56599752682761
63.90565210983927
68.16222677117655
67.74931932151917
69.02983464308043
60.35919495831069
64.00115994166997
71.87150867268963
