46.83554827490865
47.46228790718592
48.71012693734052
45.21222035888756
54.00981627735356
51.38553695218573
46.24380595511019
49.096847505324256
56.257519833352475
60.436644142592144
53.64383120787956
44.58300673478943
42.30000744197559
39.34105355667634
64.58654514328626
55.77475743659884
43.52507298759899
37.18704265819486
40.22523080211603
60.5458065706264
32.89173667013233
64.59114736506183
55.62383054368473
59.81732851266084
52.342129103973335
66.09872998717876
46.50796845300923
42.63392933485825
52.740153324315116
56.661426833133504
61.51119566708101
38.880351331905736
49.6397940122761
45.57710928878157
34.130146502271636
54.64825501443525
46.526074110708535
48.85657642963168
60.50366893449639
64.33077257722357
56.94118635150373
53.25057044653987
51.52149606991644
44.00928391075348
61.06367849622832
64.95671244224823
57.4387583808881
62.918445210815584
37.40559267724089
39.056201502893245
44.55888031666228
50.38980916458956
56.05007442015605
35.563130894920874
33.59895564951674
57.97886253162115
54.23000198078769
56.95744919589562
54.45876108593018
46.3014469423547
60.69399821162704
51.80230587899049
37.04156192303405
54.96993733409916
64.90291507200344
63.4229196184581
48.17799517757932
62.94422464868592
54.28425840602178
59.84301885277145
43.03134269069337
64.71738873099369
57.710863193248265
57.103481453454584
34.090566977894966
42.56164581115625
40.33384366996314
60.90951665913232
50.74950421918691
59.035731543514665
37.28378462252656
48.91829435313205
40.32497751865368
32.60561316889219
62.83877757229652
48.20709667889179
39.20326857204718
64.68393687020281
50.390919426605045
44.29842999415798
61.20920968068835
60.04658176119605
63.0079917235932
63.02810139103711
63.08514187110541
36.75102234389622
42.17237213387778
61.86242080036561
55.39232567756885
50.60834845880885
