27.376508488658914
26.744646574858177
17.337973458416858
38.84703984202236
25.341232706451972
19.710783557931897
23.70822222531793
28.43807972173029
32.85255595803634
34.64502737827733
36.93162221614186
22.919511952141185
16.326984261257934
29.662366329970535
18.733417732245183
26.550945992924746
24.946873425517982
28.076666201667546
27.19910118694318
15.15617065587044
28.35065341120784
29.079725203183035
20.46505877210944
10.95317530199167
14.383276995617658
31.823371837944755
35.978526616828745
25.231254871485415
35.121535550077176
26.25325335754998
31.654430092339858
27.54401110230651
27.50660971867326
18.84231050085345
13.386487371668531
14.411825712048174
35.14508663054722
35.09768371723567
26.149097295108042
14.508435028006376
16.774828421106942
25.012238924896394
38.771731584640264
17.426149009865526
24.820563672152606
37.00771007364413
23.07849167101302
10.17430035240762
3.3872326762491767
18.405493529735566
31.103235325150777
35.17130124920716
29.36106236833506
43.29494210182014
36.62344350304292
29.248102527721286
30.616634793486966
24.607155087077736
26.846124533716015
21.981611989856347
40.38054932564536
26.6676970167533
39.88121898075207
22.52699466681217
44.60927967627383
42.34044085033807
39.025604959868105
34.04262248874722
18.922784202740132
35.28017342782324
14.914262496266115
27.6715416425121
21.026554710547416
17.642203973741736
29.89746363684944
42.862720807215425
25.207146935790806
26.191651272157277
31.68771080734941
30.943303839553575
37.38752212856436
25.746328013976385
19.300994112278005
22.726709000312628
24.22454910171012
26.168700047906068
30.373526982072676
37.08423902998203
7.432657427099581
14.113760366876509
24.659553205167896
33.445116674392246
28.53164078398597
22.737076801963145
18.458964249968997
32.707364729049495
36.7179106745362
34.387166559420606
17.078285961829376
48.740759223056
