48.69346430056223
56.47523555407474
49.43609438735056
36.65481349880488
33.73123209855995
55.420097038988764
56.07950705727319
45.20753279674392
46.293043110517054
41.56853194946374
47.908055253967966
35.65270085252971
55.797939620117674
41.92651983181228
49.34731694669302
58.04592739382471
44.7049232580149
34.52813624334267
48.38643123933639
49.49802837583377
33.25147702828678
41.12207449798893
35.428540692925985
38.583331951734536
42.67782607939051
40.56189668361569
50.581466276311104
35.90478772282862
48.27144412181256
39.97115024334036
49.1458474447645
45.3283818851684
34.05832171624069
36.88320175821654
52.74054394736579
53.22207127490897
38.727601711134696
39.64191001779166
55.374190830508894
55.693075418635075
37.770375052446724
47.23852401176605
44.1953526234367
39.90598444994566
35.890869680703396
39.00800692589033
52.31636776214644
44.783542449820146
42.77091357298228
50.364318935732
33.89779016773918
42.02511905018635
47.8378347202676
45.07761911765706
48.732445772726166
36.988934152365175
36.69083314841553
49.83949666515883
47.134480520214375
54.37701657624761
52.79183492693318
35.70472302710358
38.447848075173276
39.71476777537508
42.3220449478685
34.03856459907276
32.955473007436645
39.31716157490238
52.746842304875955
57.249931667052806
33.925739211102346
53.732081169701935
36.435789623501336
46.60190878801724
41.542151771410985
53.38079815032585
52.35837730107864
47.38692382417216
40.72130162593503
52.48990346118738
40.06245338293891
52.1094327537499
42.4228530884515
36.24814105927272
35.80669335087605
51.20827980624098
54.839485939442284
42.10880040475412
57.226993216680114
56.30941479277763
53.97956926906063
52.80524535729698
48.45392155308764
44.05437714377518
42.304756906085764
35.182421107837705
33.75822641527724
43.751886786199904
39.53127318998378
50.53931963693742
