38.602635288293996
36.62090722749335
33.20204135717903
34.20302199099177
32.50981177938118
33.01534142849817
34.14988670587561
35.18855067021827
36.777137418954865
35.69629066598651
38.039994591346336
30.72172059925772
37.09519307670062
34.81447364988706
37.298340167919534
35.044968504795364
37.28764612025063
34.3002589760734
35.47057939669426
36.58169756216307
28.078306544245223
35.22072607565966
33.50484235103414
34.74361427322629
32.53247152363396
35.77949577114602
36.89620378700878
33.299241012207816
34.16488101577387
34.448232747021486
35.9553174499382
32.26941890010103
35.8648718473787
33.15400262721786
38.81682127266218
33.74168875873289
36.29974124695487
35.904997411862425
39.684066594293604
35.39604908404131
35.04372231603308
35.66158786453212
34.885186484640585
35.684857776477
37.858571985327146
38.46176294959017
36.43926293678502
39.80847331089308
34.437139665846885
34.93795208326333
35.930434200968136
34.483384310971026
32.724635323165394
39.931115460977246
35.78962337241129
32.744685054482716
38.204822069496046
36.86054469978782
36.33893264323494
36.6974497133645
34.66610605118428
34.243678385177446
37.7234719768703
35.223300484798585
31.940271767223745
38.17161713694759
32.52211576648868
35.5988832417863
38.832053970422855
31.500229633859306
36.28406443359594
37.296314788458986
37.92858741797713
33.54159548098981
34.11004060166143
32.66610991733786
30.575377273390796
38.9625866716776
34.04871848835508
34.75599799679786
31.88528488152024
35.92716315919904
32.56567431407152
38.869605440759315
34.2613665162421
31.716524755120048
30.88987293891862
34.57735756410962
33.302704215696856
31.586487576298744
39.946485878889966
35.47083131586696
34.42022806520638
34.61469997814541
32.60050201337558
34.2951222309252
35.09447912126442
34.840056557993556
35.79446300386959
33.666286053321464
