24.900590323266517
13.456437150975486
30.701743801260935
26.31030422306282
39.870634524126345
38.02557135842339
37.7971742752792
36.68815592683431
30.185392842303525
16.323316327763063
41.125099761723924
18.161034739783883
9.975472550849764
25.49186965038634
12.713580085369193
10.00155290814186
21.21919073995703
18.994957887816472
21.27240024989458
26.828830213201027
39.88009209682731
40.49352174443062
12.560847419758995
21.772239536647966
39.688530495057265
28.459173953391502
39.19081106873424
31.775890587082788
22.549205687411096
14.56329216701576
18.62417656821314
21.165071535493173
9.836931989036122
9.55761748336833
24.1530994814122
37.44152149639124
39.37275092111969
19.23805890388144
22.06302676051309
28.85590802719717
35.3428147432332
32.32047676821486
15.554549656123672
15.664828862632485
41.207192288885366
29.23372186803546
36.00836826453075
22.08585052456573
26.227472674218774
22.69403503573401
11.062880980418623
40.62823982556853
37.38483068220886
9.7895595416521
33.54555041841543
9.106562889153363
9.821375930580576
14.959776158439231
39.094518105067564
13.185282794434421
37.980047288352644
40.62547638279578
11.305726745223115
22.36395385434411
34.75851098905024
33.72924568126706
39.44719005892805
15.430981156040051
10.487705358185007
10.495027829787958
9.764105497527789
21.783457515867127
18.146307307493736
39.56236298456623
10.09481906704199
16.929456214274715
14.931566922397998
35.276422220338794
29.86399358950949
33.076002586049185
20.214462123198267
21.75967544006157
41.0933801392491
30.439083532215655
15.13875618917646
17.728388241721415
32.567899350133764
38.17084132881193
25.380699951931902
27.334264823288294
20.019583930388357
24.102082602245673
22.45808699215619
34.87341849892336
29.8594385664634
23.484673627500747
39.586808950872836
18.5188268981165
15.459202998362073
41.560362299052166
