-12.008002335179633
4.238884871503038
0.46900675730482355
2.8467319310940824
5.254842918991384
16.527749631983774
-5.465904154593984
12.171929198762802
4.177931082709624
-1.305444668184962
20.62604490296681
3.3804726663324143
15.592898997701075
8.071396762301704
7.808754559350076
8.31974565096564
15.188860339454752
5.1902999806479375
6.525789998129754
17.741363720880912
8.666930264913074
-0.007405134393978052
-3.6040927472335884
4.0918535606062445
9.535562302822857
0.7294962365704363
3.3767227736848175
12.271899250657185
11.933289885332243
9.548866324460732
17.186110448707844
21.68890220442297
