3.976170773538228
1.5236374383703264
3.759029351982266
3.501532047756002
0.23251596424393114
0.0810774469833345
3.3484582923590085
2.513283863317821
0.5696658534930213
0.06062359260540703
1.0635572029318787
6.722848283529098
1.2824890406895166
1.2341307217050381
2.0380040814134084
0.153722332598621
1.2947477104186491
2.3723851458542775
1.0306670766900412
0.545619171963171
3.9736525629767465
1.3048156056830162
3.308935945857062
0.6347081852320681
2.145070805499985
0.1572574494139522
0.08909222575056144
0.1482628382016088
4.640867004856411
5.05624966659124
1.6330500366186196
5.18782895532484
