9.514170093404902
-17.25381556333047
2.3192948548966683
5.499399556461256
-2.088140315911261
-15.759801236337001
-4.313808933948054
-2.5086291009192383
-4.952325915692569
-9.311704845018124
-3.9433752930779926
0.7450440546062722
7.89895073131542
-6.996340128424364
-7.694909183656379
-5.302831350248182
8.373185994226393
6.9352563019911475
-4.696219705798447
-10.53856247334217
-2.380914938916323
-10.245440259223665
-2.279546465079009
-9.071680609618172
-7.869091024202713
12.310945276432248
-8.658363014181111
-6.456827431154886
3.4723292365251837
2.6378856505122448
-8.336909337272584
-1.80037312893658
-8.556590720909831
-12.000913258323981
7.179643018845063
-2.731755159934475
-2.2009985072149707
-6.125302218115676
-6.388774287872729
0.988895781419459
17.093991566197946
2.193687648926623
-6.095239216202431
-1.234565488369728
-5.684969648107171
-8.945203116790104
6.8549324919191434
1.480670852127783
-18.578512951912927
-15.577629424744789
-9.906217541271847
-3.652217999651223
-6.013183844268251
7.338805855461629
0.13443828954820436
-0.3128401788889147
-5.984862228191859
10.048812592434434
6.376311130845592
-14.639772425642152
2.1505497036234322
0.7707398457126573
20.660079346032184
1.2801627754044413
-21.471262174625547
8.209379056396799
8.980891537023611
-4.836956908197591
0.6112513341893093
-10.282982345086051
11.99564285174416
4.913266188092967
-3.8105105321756003
11.09143844802885
16.62207267272637
-2.308673296615039
-18.92539695701651
4.517752771420399
13.781763466000825
-3.3842324167889766
7.650371091000563
7.540541726352078
-2.3965049727598093
-9.129189331887712
5.4373885136224525
-1.2092860078519736
-4.5271009778668105
-1.4935848728528285
0.9988361938901655
-0.0737759831009045
26.836303617161235
2.4411940307919906
3.9482869786724955
13.359041388078595
-5.0274549120259815
-4.184578580340205
-7.28202484591713
-14.277462770644565
5.245492402157419
1.6470429586850623
6.734357513193558
-1.7707225195884027
5.151427382316466
4.595542794209646
8.645587259480205
0.6667064173569011
0.7908836973813584
7.431015895293431
5.543376541485833
-2.5663924752832026
-1.3061038057521397
-6.803405799089088
-3.068746130540186
-1.022173712835028
4.285753584872779
-3.9105456643858085
-0.5774014500467388
11.169640854358857
2.5534770666648545
13.262542343421813
6.5275563799567
-2.3900372168850312
2.880307142873508
1.866527747991595
7.248165925008113
2.78330305089315
5.519700692098647
10.045798058235098
