3.4099320224881393
0.41732638730263794
5.269890646841118
2.174914801791799
6.372821653971375
1.0679470030948086
3.6921087968573314
0.7235863333438134
3.43415959520015
1.713478162010064
4.249622491800238
3.788226733466244
3.5810699647583673
4.81483270004241
0.8164028036569285
13.11334126722051
1.6898636455561822
3.3849662108561023
5.7964283741680624
23.376981278462225
1.7833752537829193
15.389559417613977
3.835960593858517
1.8827081339679392
4.259596029894928
3.426841951845388
3.7080889412492897
7.2594825428033625
2.1160485305272116
5.270508356347272
2.462343902688696
3.4621206845620196
3.023880824586973
7.826949900446164
0.8408917362746092
9.90527364830869
4.356483949240945
2.9959263748377998
5.404270937086137
4.649409902521874
0.5366738264340404
8.3039998559168
0.09071548936853271
6.258149879417314
3.1617395997387754
4.56151224664643
1.2812391043141322
3.7885193120704823
0.20547123668939557
2.682122562456072
2.299242056924693
2.112074475854768
5.353073518423362
4.097263414502973
9.272018981475192
6.613425925658968
0.02121660705992393
1.4573361568580283
2.533786529758883
0.5509876846001746
2.859587592922664
1.5202457759033388
2.0294013654262955
1.2102625382234573
1.1809891532140644
0.7028510001027647
8.56363579481119
13.625838713184278
0.2483396876632275
18.511552024683446
1.1254833136535505
6.577174158837565
1.5585118020305726
3.9446171513683552
3.8789462636645893
10.711502124998015
17.897769509882796
2.8472456787865643
1.949568297260965
12.947479633288262
0.2473375691554172
2.571637329064333
5.740008415352195
4.906034768092358
0.4873709149266889
1.5342866272747036
2.9422993044369905
3.9891196163055773
0.685707211695759
1.3920929642217406
4.542176334211769
0.5423818569417527
8.229923620063193
1.0985412834634738
0.721160970050148
2.0964726482510443
8.250154709275309
0.19528348140606272
11.195779937030673
5.552599973841697
3.217731856078619
0.48256385362958176
0.4719388696534356
6.044442006052373
0.13883862660176016
0.32324260432915664
7.505662235123231
7.7246995420914235
2.0540702912737077
4.9239568679327474
0.29020772526831123
2.3464688110195424
4.5528262025068935
1.0189956415631776
4.532882356065376
1.3254979092505117
2.1442475969313426
4.213712638210724
0.689809025714139
1.3599525172347529
0.26575969885386785
0.38596620776899804
15.30103858176895
0.21984319400636101
2.9003093048366684
2.571449560308109
4.323644699904985
3.8445273569455107
