71.26166643839748
77.6203651025937
72.70525494596778
80.84919509378321
75.82992406612101
65.32749626837636
74.86869285805713
74.74031321328422
69.01874701392057
89.33554557672832
67.47442353296117
71.1058074819893
79.86193986909412
78.32793463102271
76.20078709351613
71.74639476634553
84.4187818314299
86.57360403102611
80.946832553991
72.77219951452389
69.19407201649942
78.47136403415341
73.15781526525261
68.50767904590467
70.10777292478494
72.01031003185372
75.61949023229018
69.49772550424439
71.97280048253661
73.28834665381352
78.81822729376529
60.99974585134207
77.22166692805192
86.80711802986438
83.00485758530543
59.97285621761945
67.96539880486591
87.69942291081227
70.18849647665678
61.82214096661483
77.70839794353043
61.599532535772966
71.36875211216712
71.37018363885605
69.70252500280236
83.669011228042
72.86512186173822
75.33496341774378
78.16616976641664
60.21292413903879
59.78776068311439
68.7700835721792
68.89034203193519
84.1937469588404
70.16377011032417
74.86160250352022
76.47694533364987
77.78207318792231
76.69897087716048
86.55174344962936
65.70635339673173
70.34551601841
68.93302724935812
57.585140553040645
68.21165756438694
66.10467188230395
79.17290798533632
72.58595698891355
73.35919474540184
77.15757849174625
65.52086054815837
68.04095164871549
73.6941920058516
67.043445799757
71.97938537683189
70.57691694365512
71.96700483687728
68.11765773940624
77.4464387779183
77.20029169551493
76.67350292749529
69.32582885666969
77.71159090423554
72.01266050689595
83.50492165601563
66.47695530091795
79.3341226671076
82.86043543838954
78.03383160058377
80.35535440647462
73.59650148329612
83.92630069883614
82.29043027642932
66.34787509095035
87.28450561737442
68.45319156857235
66.082605700427
73.17690933695097
74.66014294875333
77.50662733956469
