28.026672351966035
32.712776054754045
29.422988151479597
32.302545096411784
28.485565197355943
31.222173161268177
33.980845692331656
33.49133927217666
34.66035623869412
33.4860490294516
28.274212871736985
32.43723775040071
29.25826623085313
32.048602751174755
30.43727483822511
32.401175740338196
30.072940426228413
29.07542157782545
33.28256910071588
34.48531430485188
33.002946282897646
30.28611388165626
30.44375634354218
33.32346816771636
33.075326135773224
33.29812685683933
29.616147141180676
33.16158019201539
32.56695091754087
29.526770820664048
29.823618169853056
34.326426323629256
34.574814039675324
32.07928890656359
30.92257887560587
28.038349600221757
34.61010597934818
30.5748270882259
32.77529256955322
34.50410180316743
29.075374291999857
30.32738923280177
32.44097058598467
32.54910801779604
29.935808203317404
32.798818962185145
33.09006064919207
34.3252403973335
30.414068784028068
33.936553992854044
29.86428284446098
34.53733786712246
34.554070962745
31.05859411826642
31.056740926095525
29.614090632918792
27.89247369814193
31.677401478609173
32.38877279979202
33.477069280843445
31.97894866326301
33.64816756495109
31.891356669070856
32.0605658272059
27.831819539378838
32.306836772986756
28.859395566241584
34.58514278526554
32.51853405502905
29.522420281914464
30.612956251611973
32.416101861106185
31.91073358524921
33.5172157488471
33.08239212375034
30.332744351485232
32.60151370323278
32.21706180110176
28.825210035403146
34.381648719595944
34.30782769560457
31.609296697571583
33.378466697189836
29.709090715619055
31.26127920097266
28.01828640400978
30.795464521326938
31.64056305700719
29.931986273375742
30.593871424535493
29.966922129367084
29.802060508700105
30.93585777213466
31.32120261322946
33.84952929508955
33.48101250821891
31.91430617435745
32.50685991987213
30.031974849160214
32.10389204813621
