32.30354877470415
28.159523209060637
46.957500492893786
39.333103253327195
38.652916061419006
36.649291611610224
49.324901830559874
47.51814057143977
37.14439979994687
41.824976298816765
39.972914927412475
41.36310757808507
42.87418627130863
40.51545977311386
32.744063800391594
55.28114130516725
37.703614429404816
35.86787095021266
41.21205575274077
22.026527517370106
41.7400107770809
29.076769705348294
35.754269886566696
48.22389309183496
46.16734543528269
50.32658208814422
47.190465398346724
39.67788902735193
42.01334898627125
33.14403502073381
37.71496794662157
33.39208204142393
30.533347447307158
34.22631458239691
40.639581923659314
45.444582192342494
48.57829938680218
36.95346227109694
56.229774132929066
52.95980426103658
44.21092770781586
25.679651118318937
38.34836487788181
49.133439839074
38.525206746577076
50.24994292369465
42.090718156075575
37.926425556134404
42.380063635261095
38.258006842516615
22.870812045853874
52.754401283102055
53.53280458207436
24.914497820761234
39.70203661023852
44.25874427181655
52.62385577587867
34.74253285270039
38.89492522448921
48.72826966168165
47.17123613404206
37.83182668600659
36.77497264509867
33.92853465002641
41.05183000536312
40.23412324137202
51.60000527894156
39.21684685507992
48.202666943294275
38.65084812900167
41.595997593622904
31.791205753206185
41.54260654268542
57.77487364289818
32.25513416971361
43.636719919788234
44.13311823914815
48.60249037118231
41.015818063721184
41.98026629669261
47.6121484779321
44.10482138939349
38.65205636997921
38.07830913826694
44.47744796970616
36.523272612144105
61.754830358447634
42.469871115761244
38.47400661990862
48.58452632380862
50.1448287916957
53.23050523533215
47.586210680030746
39.61510870695915
30.79345031617312
35.080902206406286
47.59223455746282
39.71672125338133
35.99196908305279
43.09877171037417
