26.0270556369303
43.25607929559681
30.15664324346212
35.91975378660476
32.85603461819055
21.85430814035381
15.84152031950008
33.26844998233135
32.45772276917016
18.00694127178049
34.74465121650308
28.716550428852994
16.74345724829303
40.67799131337826
28.36875871544934
17.043534697442453
24.63973145222365
24.32404057724111
34.6809658763153
33.4514652966104
40.8705190370256
25.459399945448943
32.23019191841857
31.89508472521418
27.090635013168487
28.628578603056585
29.932203957440734
39.53430542327664
19.528872464426122
36.29521003600016
26.111779114524136
20.443646033082164
22.2491697417956
26.982738336759347
19.02432547615846
29.172964893674894
36.43813105582474
42.49785047564683
19.43882917688937
34.85468846137009
27.25346879617699
33.07028705133075
24.520048486368623
36.78688095419733
40.304589839274115
20.34624013837959
24.11966613478176
31.107940419120567
39.069334453342904
28.8633610142507
30.94912416301544
30.715615300429338
23.759930171826383
17.53128702711536
40.35475652444092
25.65847336228046
38.71158220298916
39.02887093943849
24.018824993324216
30.702597978535714
31.94480621393877
33.343877617730726
25.67725144000321
27.609441890277367
27.09625767525065
20.88621559397925
43.24556923976226
37.754413580074896
21.027232609868985
24.564068794726985
19.75281446826122
35.4492201245687
35.91650514552553
24.938514101776917
19.71909540246635
34.17427372664484
36.943453116389186
20.11020844356008
37.84990804634796
25.473736246704654
19.117729587760394
20.003385892539676
37.828187570548415
21.969259342967323
36.33523468888011
31.740342511090923
30.856550583848446
40.26557283238147
38.27449339038138
27.86883604946824
23.82055421918502
27.33437672982138
23.19054685536176
19.285923935023778
25.50809006597634
27.690209260664247
34.00084542268889
32.58685406487001
28.562551757914818
26.93009396498382
