45.475398795019295
42.45414923423434
44.570351747958284
43.72541205764585
31.297284606772564
40.4373608141304
44.468440748508314
50.80764272906693
38.43976863831534
38.31586637908002
41.80723214225186
54.09006382774742
48.25574577562003
40.307913119943564
43.70004353570236
41.906184210997225
49.36911684276175
46.6975341564494
46.661520941050064
32.44622691451652
45.543921598066206
40.60474282033307
40.086364785016606
43.180393466555785
52.33790302700294
45.206060887060595
47.968807670208534
38.24060006515973
47.965333431081774
49.1261778010316
44.68845396935228
39.66231626118323
46.99237776196442
60.34571638114746
46.64038670403922
40.10436841373887
42.9981985801869
37.327161592286714
47.21888010960855
41.210856673391646
47.72602470564829
45.44112990134173
42.35582690280574
40.92346884671534
39.376884381631925
56.41032109007852
37.65508201823964
45.7667502266835
38.27891668999308
48.81998899357096
44.88857929389417
38.06956931121251
44.60964731571945
45.797263727712846
41.94883869808909
33.35190958910774
41.69609273469045
44.60747488329372
37.610718231212175
42.72467545593271
49.95611609934913
36.84155284392194
34.10330551559834
50.98732908917145
38.58065768951603
45.55067113616943
49.93798241124408
47.46700387995165
41.50195678356745
48.963466358214525
42.89286005139112
41.964381737382176
45.81093127994707
46.1438471165306
48.90124955149397
50.47914630310117
48.06781495253981
52.68966767463418
41.51724023182901
50.92223589200563
45.837583207833504
45.45701290726062
44.4612555424786
38.753601040564924
47.72586125832532
45.47008055981381
43.734802768992026
42.238678072181685
38.82499105090977
37.326330822032524
57.60711166813156
50.79742672440507
50.47669323562384
40.22283440954081
46.48458720827052
39.33004550813442
48.59698878572712
52.44871236685245
38.97277653911372
45.49406146759726
