28.869240903147947
31.894368352571384
29.950438627439944
34.27496254811514
29.241342764196062
24.064147462665588
37.29096095942549
34.97461294797394
35.76150160762025
25.157895831235166
30.154497020486804
21.808632285796065
28.57387163685293
22.896823415393847
23.06202359459307
29.510399567652875
29.193080149498314
35.39031499955231
23.621958228618098
32.768367684087366
36.30927092422579
33.40069453306365
35.58795559434493
34.571803541888954
30.202427690568832
37.330272488293794
24.137629376860673
31.26082059126035
33.83810918725037
36.39611878962794
32.32377131900601
32.35833219479636
25.965815155197966
27.176513920499538
25.22192884499135
32.33347030235897
30.26103219346299
22.24682395402636
36.34474350824197
25.0564866994381
34.91674032025946
26.390368037783027
21.869116499375217
22.229197790568662
26.235189520519242
34.62324855233903
30.84823551468225
28.770849323219334
23.624589421321154
31.937448749842908
36.36040425883266
33.031955260953005
27.10427804837633
21.259262787529146
28.001280035556498
33.69018984875251
35.67098729438784
33.2082908830632
36.01387939796673
32.185628225454984
32.7742095491491
27.677591151996005
27.233109195190234
37.02868385965128
22.196894945199013
37.00353477227178
21.693578374395113
35.09904628796095
32.88622206376756
23.44030902298469
27.248543253275788
32.28177663336784
24.204751682966904
33.92029426170773
26.62249583822992
31.54638443433472
25.605475128685523
30.378342628768117
36.32349796618696
23.97849400723177
24.815449828046194
34.506468551768364
35.22201253957681
37.27562988438617
23.033622483102228
34.07841832184053
35.307720265651454
27.754178555178243
26.29189945619832
21.642491655177686
30.36720229655942
35.97792531190624
27.92372151699984
33.442896911176746
28.233897150386422
28.847521000993538
24.386601915665604
37.330645271023144
22.765070560229383
27.88187324203078
