70.65161041337468
54.25434208517074
52.12723043418129
63.26179488213893
62.29228677676984
54.21196887584394
58.53699409076852
62.94593473585512
70.9498081705292
75.50939866172104
50.51047262103856
51.635617693976165
68.82386274714047
63.659720124161154
57.27264999054654
47.28749439635916
77.09924589396645
52.114190382904454
64.58272658611595
70.69491510992694
70.28244597186276
60.70728877005784
63.62675867261595
69.51390903474069
76.23075246153735
56.53254841994959
65.23825369397753
72.11456982219804
56.393004447942154
75.76447632724026
56.785924803505054
73.09890890208962
57.71391596571368
51.84164463255395
52.79503765482903
57.77994913465345
43.37743672187324
62.041416747876134
55.76450402125562
59.19661418836785
54.78982548833851
31.481458862332243
44.72800163920959
70.37909619887012
51.8192371092896
52.32766795079013
57.12772163934403
66.12805972312003
52.42414028072263
63.02293783725361
57.72202169154465
65.29123134701094
52.67569015465509
56.37882744596696
71.93729359926583
58.102636758427906
59.46472514301167
55.146869557263486
63.144275435429684
42.19238293084503
67.79829265360159
52.67434513563805
57.07082405947987
60.96012620846281
55.99676558440597
59.343841701010135
73.64617090258818
46.63121835725441
46.69424564637812
69.285091328985
50.92075541382741
59.69904836118169
77.76311706613234
56.81800268814036
56.001552856542304
54.85494667423057
65.89070224655899
58.52333791163332
59.26641254983303
49.53879484317811
51.589824358633294
59.93458012503354
61.67273368351236
61.700638606601245
64.03996339828782
66.29592943263886
55.90344366210177
59.81330925291321
60.63589225826892
58.50803677508638
58.19651669894226
57.558360136660085
59.84248695874663
65.36471731309594
58.69985102092583
50.61824190000068
63.251163240845955
66.25837550311468
61.49400297015618
67.21043176612918
