24.77268177401877
29.24297792043318
36.31192879005869
29.100912808397652
35.528757098017294
24.739036759676925
17.05699350139315
29.383944470434383
41.024301715047926
41.78186907118017
31.596922662500617
18.603145137164287
27.956754786195948
20.76587052502083
17.472222268721076
25.724963830753552
39.88741556047532
18.01179604891145
35.47619730683894
26.7076038124783
22.838536760411902
23.365102133829783
29.833867068878703
23.332619310373754
23.491399148216136
36.8060036777828
43.43209566315892
42.83776925521056
39.2736036481152
19.165991075099058
26.93088746995439
31.888300122164544
28.22142727063146
39.60437850629732
21.737667563227415
37.894961249671425
19.09481387701766
21.13939079139317
23.80922951152893
30.545635078914728
28.100527214450015
23.842167756755615
35.453512100852265
41.067907737345465
24.083090490957538
26.28487367426397
25.096056253253273
40.75211828084979
29.783772785210317
31.444921749094867
20.52221954414529
34.19002704623797
23.41718747587818
24.485604238614687
34.47553077071913
20.49504209894556
40.39592851299231
34.25910003070999
26.603106994374663
40.366901831894054
24.20005603558855
23.021669207660164
28.131703079947208
35.230891528483724
36.84413866193195
44.04098433768852
19.84572914646279
41.50833731086321
30.831723479706255
28.477791263527017
38.19727128664146
36.53313286989979
18.022812701423984
36.15110189659474
18.409959267127206
25.002317457481467
36.09387466236251
37.352368613887485
25.188242178730576
28.149104714277343
39.01962051290005
20.157849246200886
19.420542227661535
17.201803247073858
28.7567096467212
40.12109165524706
29.183776141632702
33.780384102028535
34.4068652924238
25.713958148604284
40.43642902463307
33.11812304851614
28.789627970128613
28.677133394257467
42.740960916795736
34.43195404679852
35.87483766425423
28.639613716831292
35.24378876026054
22.935716648885652
