1.4103475455666477
2.0813664127512963
0.8105832888854352
-0.3514098680182993
-1.6817032383059742
-1.092257433103321
-0.9480692197880004
0.23256342788679035
0.911042202667266
0.8316750349728068
0.8405855056796732
-0.6553181281582002
-0.5853106619926975
-0.46647403769902185
0.2473279903192107
-0.6008743064391837
0.0938863647997118
1.6010781605070734
0.35121300746199974
0.15942021770847375
-1.540125506303133
-1.8627286410156048
-0.9680857005734271
0.38394958034010074
0.29362428979825217
2.0260804081824353
1.1712842951903721
-0.19359221947974345
-0.5468430892647631
-1.714824966203228
-1.3989413674462492
0.36250590496309115
0.9380353804808537
1.6297640075230002
0.3963918148986827
0.049056580462810036
-0.3162147262082108
-1.9295180679058572
-1.1542121434858974
-0.2636002630591975
1.3150401408203778
2.0465206506476568
0.7771309292240764
0.7731364268372101
-0.7017954975450557
-0.842879653280359
-1.8673725588514016
-0.14565340306127364
-0.09754213840530246
1.77231352252159
0.8587103391422259
0.5028955208822852
-0.7974307035649897
-1.5656193902210935
-1.054138970317475
-0.6257520844977498
0.17047593932686933
0.7023707200761898
1.5540484981425777
0.05944412461492532
-0.3077139471669573
-0.3396303275301741
-0.979584590765957
0.003886285990388205
