9.288551778456732
13.734088372804734
3.4218664204062414
0.3372120319525136
17.33370443570334
-0.2976912750402976
-4.263437570859951
21.325530381297906
-7.444339873673533
0.2509430456202093
18.818845285786153
-2.9957417179731483
35.570909112104445
7.228609354051163
21.60665976533566
1.2474617314033711
23.26403395608209
34.97789783992768
20.37047694058901
20.653175051591333
30.20827809816938
19.489433357847865
24.545515105021522
22.423458680587288
23.259384736032
32.975776280577335
32.618449041599085
15.959243130121532
32.272461339247975
18.2942633242045
22.022464034926198
27.551424052565217
41.30456189518324
31.51418992380612
18.2392123904667
35.41752735878711
42.26580039515364
40.32182354518897
57.64433951626491
40.3521528174702
35.09315289550395
33.98920647957395
29.713408543199478
42.339835314997295
44.54825227838763
39.760010683438324
28.46390447664218
39.23210875020916
35.298647593512904
38.529208758059966
41.50723997817169
39.27773249862476
48.876208723667055
39.64135271781866
39.830273811976404
49.11831302488041
49.75362275088073
47.52529817009261
62.714716778206096
29.746504591746408
53.30735583246096
53.87657554650363
49.009200736961155
57.37659494479585
