0.1956232032854209
0.26064694374053937
0.3174023092946967
0.36065730690256664
0.3987877006250288
0.43212081206250014
0.4648660689494962
0.4986963492447827
0.5283749703715043
0.5516161231577345
0.5722202239618218
0.5965882989875126
0.6199785963644726
0.6401668176677388
0.6554295180204667
0.6658296140812721
0.6758434093994595
0.6850539075254677
0.6982092517320013
0.7158080640708494
0.7376860817424823
0.7577711594148243
0.777864292926984
0.801602273416941
0.8236991611707842
0.8459477885907057
0.8617684381333947
0.8820622029938113
0.9037782071837314
0.9230113934536823
0.9401921813687346
0.9573685298531438
0.9706135403285816
0.9842300568368648
0.998017141399401
1.01338427355468
1.0269972143488328
1.038998504492909
1.0485995715095975
1.0582466875763983
1.06992475581559
1.079292960123999
1.0931182132477208
1.103689075336103
1.117440804592197
1.1321750976393457
1.142699650266565
1.1494117453127872
1.156630109757619
1.1679190389954177
1.1776122367989126
1.1848702513385279
1.196501051193217
1.2076270076477145
1.2191776623318658
1.233725953980797
1.2462607464134725
1.2587153167172251
1.267914847673628
1.276214754200516
1.2836675571084146
1.2952504021412572
1.3059847211414466
1.3166798078082669
1.325995696825257
1.3362065886778287
1.3451282800755522
1.3592606038326833
1.3702302762997052
1.379631931872295
1.3903685435711293
1.4002674430791726
1.4082765973898985
1.414925694675598
1.4188052449441462
1.4230156724943832
1.4312858906256896
1.4389744831744165
1.4475063260681993
1.458065520453202
1.4697826430396144
1.4825084817036231
1.4944332681765995
1.505625934157149
1.5190837552571896
1.5318794199497279
1.5464921028345884
1.5620756667824711
1.5761130503571399
1.5916309402374236
1.605097210101964
1.616157349785185
1.6290642778593276
1.6401369209499537
1.6513193381622588
1.659538317429731
1.667666596493094
1.6780795747112665
1.6883143438708232
1.7008842629496246
1.7095726677290848
1.7179785728463717
1.7245052446424352
1.7300781023447727
1.7417576097615897
1.7527859282870821
1.762686750205163
1.7711645008642911
1.7786831193781607
1.7834525209230705
1.789444338174476
1.7938823429839972
1.79796637583196
1.8014257150531692
1.8052209357898403
1.8083971173671973
1.8129082620691117
1.818890452519894
1.8214265932934885
1.8252191899454366
1.8269856364794683
1.8294810136258537
1.8325202591015552
1.8356957984261777
1.838439125497563
1.841022751912349
1.8453810633120298
1.8479746238954156
1.8491862746445038
1.8531032934688456
1.8541717198739274
1.8558054167297078
1.8563863646699041
1.8573189861813177
1.8601921747754837
1.8637053478271166
1.8667129980307842
1.8671782971336868
1.8696452548352847
1.8769335469555437
1.8816389623316825
1.8816665934800136
1.8810947978313084
1.8798058831704691
1.8801676364418392
1.8824939369113756
1.8863366633738385
1.8889667109461017
1.889919911379621
1.8950340434762447
1.8976160412648182
1.9048569369432822
1.9091464847350466
1.9148996915872691
1.9223141287351866
1.933990992839922
1.94405371305597
1.953883684245788
1.9635534684017704
1.973360849838725
1.983952221901641
1.9895944130490202
1.9955105712337622
1.9989851115409285
2.0042478238120114
2.0085324047207544
2.0101350215138685
2.014943978987022
2.019000550159835
2.024166129714836
2.0275964796642407
2.0351225080592825
2.0399880728618407
2.0450358953526937
2.0513218925035606
2.060723652365631
2.0666296916800584
2.0735387590121306
2.079201554277303
2.0844618109978366
2.087152404793707
2.0871046000060365
2.087942250441369
2.0889264422354055
2.089469186399792
2.0891978090967074
2.0909233178822517
2.0941634813678687
2.1010498900652688
2.108851717417386
2.1139731869011698
2.1234544300853333
2.1288084986335685
2.1361299341414743
2.139681344345893
2.1446797196722387
2.1491751986131877
2.1540180915149274
2.154343910027691
2.1565860101933345
2.1573939174325063
2.159734229867484
2.159629798486246
2.161175038599076
2.1605850519307386
2.1639324481193913
2.1701138263304536
2.1730433773780318
2.178684802317311
2.184877134206681
2.190066506057785
2.1969296682016433
2.2021892918325054
2.2065249203304886
2.210762976242221
2.2168753460213693
2.2205775696258523
2.2239419229150754
2.2274503856313275
2.2322922624148562
2.2384338970363102
2.240662909677767
2.247665953399307
2.253098491959306
2.258002927419387
2.2605697372365587
2.262922656525015
2.2671425436584554
2.272819869536355
2.2802950668492437
2.2865887182105364
2.29414528053523
2.3030953503102736
2.311328565162144
2.317615693070394
2.320979886071718
2.3279522055291912
2.335263214370635
2.343028986722346
2.3503993600363065
2.355694284843585
2.362374106655097
2.368747167949052
2.371516731103755
2.3760240994953534
2.3806346905472586
2.380631460480859
2.3819592465116504
2.3847013194587503
2.3866148778504956
2.385629123969449
2.3864394048673594
2.38629811812568
2.3845105237093156
2.3848701949011244
2.385315791937363
2.384958297346227
2.387891724648116
2.3891511739534845
2.39079476420943
2.38939621645344
2.390333187978225
2.390829780067291
2.3927142272191957
2.3922576852703497
2.3942050108243227
2.3960134062211913
2.3933176743025735
2.391528172099437
2.391435167382578
2.38929465981189
2.386443174232688
2.383477017317542
2.3831335854947544
2.3799789352146865
2.376426969907449
2.3716425278539446
2.369581579552801
2.363083043873102
2.358486757246943
2.352955088859346
2.3486776009925947
2.341062882541114
2.3342947440499144
2.3267470256788014
2.318359778298083
2.3102056020004307
2.30526061860756
2.3049548189499385
2.3036761732054676
2.3004168995229284
2.2962460773384854
2.2924570220751663
2.2906729575103735
2.287683660730558
2.2873523289128395
2.2860224629291808
2.285483661449747
2.2885781147141055
2.2916427191046083
2.295264507732007
2.295144160990698
2.297380451947981
2.3007876197201584
2.304809668583788
2.309050312938185
2.315053737388548
2.3225104097865117
2.3301865223535043
2.3370151449284573
2.344569797210417
2.3492266111403786
2.3553108998659735
2.3613704092142997
2.367917201829372
2.3751966927300447
2.380496353099741
2.3858091129986327
2.3926144735357653
2.39741541840478
2.4008691838448937
2.4024965889661227
2.4056269473031664
2.4089685996124284
2.4136726092159937
2.4132547270911036
2.415015646728956
2.4151958574795205
2.415853316626707
2.4162039525025176
2.4156404712441883
2.41395580818516
2.4105378783953113
2.4068573798728923
2.4067531316378683
2.407951020518184
2.4094363865735797
2.4160835993519982
2.4195258769220573
2.422250669617804
2.428526221526957
2.4329659719582435
2.4368007361326356
2.4391909821774256
2.4392093359463973
2.4408430306919793
2.43949561690094
2.4370085917466593
2.434160938742818
2.4283643145986304
2.42240042290336
2.4172825327290117
2.4137547071151375
2.4059415670532385
2.4031366208809235
2.4032016719691622
2.404434736142115
2.4034568523238566
2.4056812914948513
2.409736333265415
2.4116937176150666
2.4129211624065414
2.4174140638864716
2.4214858072939314
2.423049731272166
2.4259425405430695
2.4258092652554084
2.4267725481336435
2.4264722776740246
2.425921406398802
2.4242040023246263
2.422304145699214
2.4208527431935316
2.4212597221647743
2.419498768256517
2.4235689979470942
2.4286662253721985
2.430896599039088
2.4328857564473028
2.4379778284504128
2.4464367694595808
2.4540544390058234
2.459891997367632
2.464539513509065
2.466483992408647
2.469125396597305
2.4698075134067867
2.474640999172459
2.477833630322272
2.481630944761643
2.4839991981961735
2.487928252051705
2.489744473845716
2.489477052360558
2.4928423012949392
2.4960081763815443
2.5007421557450473
2.5068924604770664
2.511419051058022
2.513506803908085
2.514765577050275
2.517196281493119
2.519489522306271
2.5215845970669686
2.5247055772277873
2.5245526413635564
2.5247361206350867
2.5246211903532303
2.5241515364909235
2.521425886106874
2.5206441166125804
2.51759954630605
2.5150968020360667
2.5102661864804903
2.505955376446489
2.50206045602937
2.4986922369517535
2.4931257925393413
2.4889871199147935
2.484040444460279
2.4783393521521795
2.4750260638125496
2.4715174069870027
2.467511625737297
2.4650584603007917
2.4630399244732732
2.4587135517749967
2.45391024370762
2.4501945342663762
2.4416085980481066
2.4342713919230254
2.4264510503528
2.421230480755715
2.413413524872244
2.406790598012702
2.4017268344407627
2.393965912494325
2.390654397606867
2.3864822242041077
2.385697728030232
2.3845334536972524
2.387533770512541
2.3874829901885786
2.3861499680266696
2.3891895479623857
2.3930880934867194
2.3946695427098046
2.3968427453460417
2.396371428359292
2.394754508418933
2.3936412466827037
2.392417826806645
2.392914183225253
2.39152799651959
2.3893259654443746
2.3845273576258554
2.3812929236177767
2.3828891755282187
2.3861086831248133
2.3899864509362896
2.3944995853416233
2.3976217890765406
2.396083278341279
2.39228356109051
2.3890348014894136
2.383936342748018
2.3783937845633556
2.371345853906622
2.3644213922167787
2.3586456944510217
2.35317494196921
2.3463711804404137
2.3413416922076373
2.3327602424147567
2.3295637928990307
2.3212345275857986
2.3146094880312353
2.313709456803275
2.3086406628909524
2.3062252835945385
2.3024665157244346
2.2970145071168506
2.2875819766878642
2.2795046381639996
2.2729099890797637
2.265100428549143
2.254352557113598
2.247046009338347
2.247866008232726
2.2491003415807267
2.2475146398795487
2.241773997189833
2.2453715817747204
2.248756580045175
2.2524857725156875
2.254304137026075
2.2531507393257337
2.252120608241266
2.247518701484782
2.2419979384484967
2.2417774693441035
2.2404427794711905
2.237159709893172
2.2318166519277387
2.2225968506410356
2.216185737980088
2.2106287542387633
2.208325916141535
2.208127250355762
2.205882032726086
2.2044726495327436
2.2099094238136474
2.207701532232859
2.2050783582948754
2.2081144866774296
2.2009469880145165
2.1959643725229063
2.1932315815993957
2.1916812507256
2.188487239584924
2.1878496422848026
2.1869020917230935
2.186077708811751
2.1812995082053352
2.1787973381556665
2.173682882973679
2.174635151187023
2.176453426676757
2.1778191351827214
2.1766930922313517
2.1795554900949026
2.176563638491205
2.1753048840598015
2.1736918662535296
2.1777029294019363
2.1750827339304593
2.1696869766148765
2.166904993097295
2.161670491975051
2.154554978192603
2.1473959884556155
2.1390122027383778
2.1327836309532064
2.1234001935901685
2.1197255224909273
2.113569361680212
2.1051684600505367
2.0929553001403045
2.0809893566748006
2.0742114773630864
2.069004027005561
2.064462981195767
2.0607512127215015
2.050855571594126
2.038449300645117
2.032844641192013
2.026366454990912
2.021434608743998
2.008884735272767
1.9960057325367129
1.9816479656205712
1.9745950433952173
1.9686375182648792
1.9640891687336521
1.9621547181721009
1.9595113529711516
1.9523437930390497
1.950395695571174
1.9496336503576694
1.948254023769355
1.9446630963549851
1.9406810967731556
1.9369617396942254
1.9359548799494888
1.934846520897629
1.9320758663022437
1.931084150040858
1.9273502114322638
1.9218172549406367
1.916800296098334
1.9085308868255655
1.8954488093574249
1.8851769689805535
1.88066601267597
1.8761497851986593
1.8684862815005092
1.858670915890746
1.8526437394739452
1.8438835755541958
1.8369807864651668
1.838519690354455
1.841910988776964
1.845931621380619
1.848102700579529
1.8530876711301296
1.8634699675556066
1.8742205012336552
1.8830638108498237
1.88958664140809
1.8941129963867238
1.8942784346570307
1.8955084984883872
1.8980295134007723
1.9003546492295724
1.9010826270868721
1.9011745476407755
1.9016148361724685
1.9025758555330774
1.9004187353011803
1.9008161714079255
1.9037877155381042
1.910990900317412
1.9166647132240169
1.9226269743459223
1.9313194653028964
1.9408222762925071
1.9480114826637687
1.9584176298398428
1.9645655956017924
1.964622094369668
1.9624380904066756
1.9593574522327863
1.9580375565219064
1.957237322603755
1.955840847072946
1.9534192595630664
1.954265098164936
1.9571550721211646
1.9579494382481872
1.9611567902839537
1.9602877008414024
1.9615842665722136
1.9643139482990446
1.9706228478020427
1.976225580198833
1.9852333105299964
1.9917089478186731
1.9916876004373332
1.9944058979241475
1.9958360294581066
1.9948421971028591
1.9914046173565967
1.9911000138659356
1.9967686747405589
2.00346969388139
2.011896271799641
2.0204334233185386
2.0334778458028
2.0442195041156044
2.05705864878563
2.0681309496885696
2.0790698486101498
2.0911107425653563
2.10426028180921
2.1136952033701206
2.126392485010532
2.135292452931067
2.1428842529966383
2.1452516853406842
2.156636555966267
2.1599953541459236
2.1678722781979145
2.1723315408249126
2.1810071523744377
2.1895913413259627
2.1962951333591154
2.201482832146793
2.2072512429615165
2.2147529356448237
2.2237799115543924
2.2303792783985386
2.238527234468414
2.248417251598905
2.2551335008331095
2.2655383172785153
2.275254127724262
2.288655364975665
2.302630722701261
2.3145910125343483
2.326464496663969
2.3364032694802166
2.343809875066259
2.351322559300567
2.3615480224633583
2.3723788591837227
2.3769761339971844
2.3867857305674653
2.392664881008914
2.4087030135226777
2.4276014091381914
2.442755443540836
2.4549614628293686
2.46804474015134
2.483243066454438
2.4961862742578442
2.5105031652652077
2.527569186972275
2.5473966517516984
2.5644205655297894
2.587291016541776
2.60483414915106
2.6221844312012816
2.637457452128941
2.6586027847504745
2.6730667999437285
2.687506543703495
2.69982679012529
2.7125870402616616
2.727368116255662
2.7408957447979527
2.75507696507471
2.7736900642616447
2.7841330420694383
2.804594782603316
2.8247168382475203
2.84479006476249
2.8673370272770735
2.884424174524331
2.907015269161573
2.9346020127701613
2.962733733383412
2.9834221800526906
3.000123012569377
3.0164254881451167
3.0324618545344415
3.0438630474181374
3.057602261234612
3.0711633155694953
3.0859913494557456
3.0990767941034796
3.1139223542616454
3.127564845714188
3.1426726948383306
3.156134597912554
3.1733113468793044
3.1860450472786654
3.201037426976062
3.2165669639788934
3.233790999848013
3.25019360593156
3.266179121727369
3.279863585990287
3.291658212815411
3.3023860267793776
3.3163389005488293
3.3303645169589076
3.34262997605659
3.3594058332283177
3.375688571952548
3.3927326927962502
3.410966367523539
3.4274404748550142
3.4447921097527137
3.4621152797736636
3.4789154537546327
3.4951373429716117
3.5117773394656226
3.527365951098467
3.542518737101836
3.560738049708804
3.579225293254458
3.595071613519881
3.613574984101034
3.635877712189153
3.6548051076407067
3.6786476433697155
3.6990911370496153
3.7195600535435083
3.7400577780364435
3.7623459115438633
3.785989004446556
3.809872985315915
3.8366708028833276
3.8608751029845694
3.8867869408108704
3.913348434704054
3.941018836355297
3.964993024426039
3.987630929057998
4.0117419945360115
4.033686369202748
4.056664362727851
4.082436602915689
4.1071668573068525
4.13183281077124
4.15946069900406
4.181981273539706
4.203403623795423
4.223793067506927
4.243904801438209
4.2639573232510175
4.285321507191582
4.307726347033834
4.327328716192495
4.348870876885043
4.3669098382049185
4.388292233732988
4.4076010799647936
4.429263847909406
4.4464605900449365
4.4685397748002575
4.488509998705747
4.516035317911591
4.542394972778555
4.567972485220926
4.594463367560123
4.6223500790979895
4.653745536185107
4.681215242731649
4.702704308691156
4.7203097230829725
4.739336034896848
4.759144392852127
4.778401508597852
4.800846593221105
4.819930916207633
4.849290760479293
4.873003738990375
4.889877730821593
4.911791523915519
4.937165751767197
4.962791985401085
4.9913071371594855
5.015809257481311
5.043541120910476
5.071220940806069
5.104041751280577
5.125211092914058
5.14871776253683
5.168840532620114
5.187193382983589
5.207611759604052
5.229146935381847
5.245631316446351
5.263392420684017
5.282551374433453
5.295851448736931
5.3128373293386755
5.332218520652109
5.347690577357737
5.358242893165612
5.365048827560938
5.376794352086921
5.388358290546115
5.3982027350423385
5.4063754056541695
5.419295933377163
5.4325382494795065
5.4435231358226694
5.4562779613954175
5.465427023691164
5.471180863094282
5.48081041352109
5.492169757487879
5.499751816177588
5.510537098468145
5.520419639482926
5.530894234232906
5.536762343882331
5.545258296067952
5.553114419965808
5.5640097756137346
5.569624865270918
5.5742886148684905
5.5830251226564735
5.588059319296878
5.594222562562353
5.5971326163200255
5.596600304825417
5.5920132104228815
5.586662982956408
5.581158297913041
5.580403478620518
5.584648073319807
5.587132159141783
5.592003321591415
5.592055589106986
5.59246995499089
5.598225463453515
5.6033065152443085
5.607405331739414
5.61262346097595
5.618938961945976
5.620081945238544
5.625732768628995
5.62608369742921
5.630496446038531
5.632639732341347
5.6275349394521985
5.628492266737816
5.6300646149028
5.633738864463129
5.6365763718610005
5.642402150876355
5.650296322850326
5.659121204035629
5.665558496253612
5.678030237131457
5.69832766541729
5.712899048229173
5.731727987309724
5.752985513342025
5.773209390593728
5.786818185980468
5.816028425154655
5.840476120359351
5.8676779147878175
5.898909969335114
5.9239016413333605
5.958483358202021
5.999379743972341
6.031805933499568
6.069482633865075
6.096049719901052
6.107200815080348
6.118943346918006
6.137605819439287
6.156186307231713
6.1766664264426625
6.197206543329336
6.220936482605987
6.253350675603815
6.271512276898186
6.297236774555733
6.330398760285408
6.341967975205708
6.354697305616443
6.380570777200344
6.407527037812773
6.418711457343756
6.420144699052083
6.433196470433003
6.443025499312395
6.452248226174103
6.4668133713701
6.470075334284253
6.484830136776519
6.495432372020434
6.507454928973525
6.513195970249266
6.536954170578552
6.556395710899372
6.6012332033605885
6.643719787605019
6.6750522512130654
6.725835075040436
6.764221899139326
6.813175782112119
6.877784288226375
6.945772472624091
7.035882898904963
7.127682620787707
7.243964461773376
7.360566566444246
7.488369836497345
7.610428491824868
7.746017289043414
7.879789849391301
8.065940579375958
8.260033786210998
8.5045755857474
8.784283970410529
9.051229536185424
9.379952461348786
9.700404769213527
10.204810476921352
10.617445608546818
11.156218201068352
11.720088314438339
12.68206471907306
14.356092943814613
17.198173235953654
21.52349107865122
31.27844553932561
