59.65375705185428
52.593223452485056
48.43925452325451
50.50817408274234
58.09354103389523
57.30624586018666
49.67266097312323
38.0728279713634
45.05051342052532
51.869598473509846
53.75849109990749
50.113534586471516
51.201985837683004
50.559456888853724
63.19420905367575
57.094756389305076
49.172160976164164
41.760097830545035
57.90739982658286
49.71135735945779
46.59894691662057
61.8112604086306
58.99882307566236
48.164226647383686
56.41564399148119
47.73085558921714
46.50154832352189
47.15515402891752
51.08652285394902
47.1327267335965
49.31956236279756
41.51738364192799
48.2087518046888
46.823976232908194
54.41696800363904
57.22777954960511
63.2521131936892
34.36959783506446
50.41181052462168
57.30133348447386
61.32317385553286
51.14487068906358
44.54683819895904
54.353428001501484
62.390418712749444
63.00284381028964
42.699227506287684
41.0719239123281
46.86374648850558
37.981928326335144
53.72417231626486
55.24318194498824
67.25633805341164
56.951649894859905
48.09124968106634
53.19001222074559
39.91895782233703
46.43711839633034
52.81545050155204
49.87525962868453
52.510167267184556
44.91353991514052
48.46543102000694
56.5917841213303
51.11507045263282
57.66953695917511
59.67100652011651
60.330989915942624
42.480835635300544
44.76818087379256
49.79394716895232
46.65755387733001
45.54369948856211
61.78973688869629
45.36546227578883
50.417955587342504
51.44387244897263
51.96504302768566
44.04421125772208
53.38989700134259
55.31471494677833
59.00422948123002
52.043366768212984
61.27934177601617
51.380893008939964
39.23070664447463
50.48055362623184
53.64043758509552
51.96165510237356
46.12556817489661
55.78706387248123
51.48235421406879
60.66906168940524
50.06639613476474
59.55586849278392
56.95974870866288
42.34191503915391
55.758372955386825
31.057591013941362
55.830398750524544
