44.770480908766274
37.17031224051196
46.57744245833126
45.79373164787178
39.163779387219314
54.90722682099795
60.06407619906082
57.62972934531487
40.94719270340865
37.575590267112524
61.89702135577326
64.59797631743483
46.10212605127271
57.11575372711044
64.11089490693539
67.52749135592596
63.25146000089066
37.87695468994248
55.790371556311754
60.124117291233944
55.0317099470965
47.89417003370585
56.953983259218134
43.17433139441884
54.06954822037598
63.37491152014283
39.222268758625574
58.67802690120041
59.16368075695715
51.35468504456169
51.58956170155585
54.539491241373604
49.18301887360124
66.93430244178678
54.24991878751605
45.011157887993484
66.10982420974648
51.66713726317759
49.94987276539848
46.64863668042247
65.128360546939
51.74734884403854
66.1760907913013
55.636496348880925
36.283341771263295
51.18920512159567
64.26343127393181
42.72923176637323
41.47037945013271
59.776966535995946
49.6632745974721
55.28655795076556
67.77443352202899
52.21788967930201
36.11177573360142
58.519308945448685
61.9374562228421
55.493441495497095
43.86813292680126
64.86431061782892
49.19272130826666
53.99861060767607
49.63119241526786
39.507053888572
44.9619672168694
65.54376053832131
66.03381678230548
63.06094738937367
56.747560716806916
61.84845502638984
43.51286367909006
52.74298714455173
64.22638219156207
39.2122457783861
39.52282060855184
67.66995428293048
45.20176143818274
63.753132411456804
46.33443549324811
49.544333396736455
49.78836512741918
48.89144985855614
39.572982405730194
62.1299430908133
42.62163042972005
52.35936790516195
64.30055364812856
41.155276439364044
62.65641886491322
40.154389668651916
52.844970719824694
52.91761492424037
63.97429339837298
61.093756778892896
52.13319225928599
57.397336956028525
46.69267256119526
58.13223028250589
45.065800562532566
46.78796167318785
