60.31872219889992
54.422033591488734
67.10717946785113
46.979422352737494
64.35566488024571
64.78116315364306
60.4494207105779
67.10846046179665
58.37960848630729
52.711361217423864
73.99602301827315
66.91644666354985
63.98067845801948
58.16772952078359
58.31017812356669
52.26239254472389
55.838400891720525
59.48934236114304
55.89342792232161
57.638083997547156
47.98355149584836
75.09989689763087
61.100498422622636
68.81830479774807
57.62850769307644
59.6248811476006
59.78390277402764
58.48850514666094
57.76719046920917
62.404760527489266
59.436074494116596
55.54273652192691
58.10188521817638
67.18518340860109
63.040078624976985
75.17488741892424
63.052939532521506
51.495048655629255
61.68282774620219
63.120687798775805
70.99769717291704
57.34156996118689
57.5036437069187
62.50186915278286
68.25337703328273
60.39895032211564
57.81948952650098
66.04503964479308
58.2977036161792
50.911597584056935
60.41424798717349
53.732821387477436
62.82006121140947
63.13629570168098
58.15452578911016
60.633153964430555
57.190250512002194
59.435470276743466
61.567067259981854
55.08352804124154
60.70546487308016
61.02052599645552
74.66400214987863
66.70923114257603
64.95583151931521
71.11219273215471
56.67346718226059
66.80315774476358
64.37953145539886
55.29204605674435
63.43664670658284
52.21898802317306
65.18193432927166
61.00864076110043
62.47583847220437
59.00688279054319
60.83321219557005
52.284272681307876
55.85325048198936
62.37640707052945
64.32781489462946
60.681900817672606
62.02128084128669
60.45878110954714
56.22999584307606
60.60595266565183
63.50764149305025
54.76667928626518
62.464992306970586
51.835631813423916
75.9389189442917
54.49209088529162
60.09072944290271
62.47215140140656
56.658052019081225
56.36940952139014
63.22250909295816
51.95062020100515
69.04910743198178
61.26994786598295
