43.67875321452914
46.78269101982313
48.15694769344968
49.51879234236479
42.703342247055446
47.43509250916607
51.89486600258938
44.70534509761431
42.96694927449383
53.82056808159245
52.025789648049106
45.60243588407444
50.9904127594005
49.25515403075073
45.60559691144998
45.670327810566114
50.48850355962618
43.15860498712059
45.94925274581673
53.93348679814501
46.134891426542126
52.57200868713004
48.597083103782396
54.30463172404239
46.23399600253937
52.13037069985182
44.17825524747649
52.048194097240625
43.25574293642698
49.86284297338729
47.45833533104721
45.74356088203011
54.61213381802513
46.97519085728293
47.322501096949
42.67591804181487
48.787970336400726
48.1286210339544
53.45269100893925
54.34850557670239
52.45003625208145
44.227296470537425
44.43279017236049
52.85074335173824
49.93586738304027
51.10198791262996
46.05313292319525
52.604714308651396
46.177445373133544
49.877143262033925
44.47445968439175
51.09106783580207
51.30799876130682
50.758581965511695
50.361401252370214
45.77275668032555
47.10713848553479
51.91993460326634
50.82837477467231
49.583227697154264
45.74266695186211
43.464434794015226
43.85285341181576
52.11135844828761
48.75627569184827
52.74670307318645
45.144374234809256
47.623426861151216
44.68501830102999
53.23420603550391
54.53464498439043
46.07478948821884
49.801806818105916
47.02048146471694
54.11221548847471
53.358976073733615
52.452581334014425
44.80876016340046
46.05111169273039
46.760032582436544
48.1427487286831
46.23804281340472
54.01956587249372
51.2336907334105
45.9283674092811
53.33448953725931
53.47520537719335
48.335974277465084
44.41484399993867
54.575362645743425
46.49074678280159
53.222738043460616
52.060383242975554
42.61165165072364
46.41804630752256
47.706026690754705
53.11724384526034
49.34919889173049
47.15582815589043
50.42866134849821
