48.25750694825386
46.86330942659861
67.42318174736268
64.07112733674361
31.734098545048035
66.29156290553078
62.90191400545447
46.41360494568566
39.93635088308332
63.61905592160391
53.24157653065356
47.934473609079454
49.84490874881026
65.87100444074598
59.706320446510524
57.129353112241745
45.350430030393056
54.185967111263444
57.04512743563376
55.76587273410379
42.900046986594354
42.25488196558093
44.8151280629266
39.544199236422855
30.56256212582471
59.63714261448817
46.296879603114235
57.4370586827196
46.74976123291893
49.51320765939603
67.21673239888472
59.29386536564012
33.84230718255674
44.65595165795392
46.74524321273505
59.75288897857621
54.598325411673066
50.45311562352214
52.61758061493952
70.47635767853123
47.826081112810876
60.084263879504675
47.62665798210196
59.16048424240698
53.31074833407111
45.71795213474595
59.35913948797916
51.537636008140176
61.659779085698865
54.49625708635365
56.513732583530086
45.36945748107119
50.771224594391306
47.13284534908292
52.77503834208462
61.06855716350354
51.82916028183002
50.112101608912
50.551749184021624
33.75640842667414
52.535043302903624
58.45481659943343
49.442267524440965
52.23153953167964
36.75786284589236
54.724792858604445
44.173211010468506
61.88160059519499
55.54686533377895
51.48120583628416
53.48489093911426
57.62937485135956
66.29630837645635
63.46471762768242
56.656095472382376
58.32032866724366
44.88824111430832
64.0053201789477
68.13797431696516
51.94274437701941
53.81138460993908
41.85121637772745
54.04237572093638
54.372104841360276
45.48803776792711
53.636012480353116
56.303639507691514
47.71726103306599
69.19368886571179
53.108479437983874
51.85341324318038
49.1579081106257
34.17458279318792
51.97537806601002
55.998495301303905
48.716216650397286
53.46063368654312
36.65388170321978
28.196805214367497
38.58902555046709
