25.688553911581586
42.67108321715651
32.63937929552739
29.43769723610849
30.48669842864156
22.96873460379323
33.43019896906488
27.14717169539935
22.579637551100404
38.396863012034046
26.58131839603078
37.12230986766093
33.557527174818055
29.744954748815573
38.847372526838164
22.416018136242663
23.54463917258891
30.647986810587142
42.447842988284876
40.91127220437371
19.280823321620666
20.726389353429184
16.515125767629996
35.164661360311044
41.89903496305196
39.16780392660564
20.307399001884505
30.081713511271087
43.13729708124845
37.97956575669469
33.358056135788075
25.48940054850583
26.096912594762607
19.34647239613899
29.132301491795353
42.66104312653421
31.803998077131507
21.252999649766043
32.23839026323987
31.10116108601212
34.26950695422664
17.99874471758362
31.298954161923376
26.839278923507337
24.54800621801538
36.94883828069858
19.933411620794296
18.812055820556633
40.68268855281814
25.24084495429461
25.13638911432682
35.99435550188004
35.57208592193051
30.8146454405173
29.945911997192738
23.544076001820528
33.58617004182579
20.46183230677461
15.352692302448219
36.99115343525634
24.54672487558691
25.345850277888246
32.23517516488008
26.72946666832253
20.677287083086874
41.451348841553326
15.539009413671565
21.823278632207344
41.60079807708118
25.454843050567273
18.944032177469374
22.635420227365053
26.951603740323122
32.655217819519535
28.21997348388441
38.516498287092986
32.05279600134271
37.05061181475361
21.050305324830894
18.574637627955106
21.906274219064272
41.64832295353435
25.060398155548327
29.372315203618193
31.07760888426701
16.504454326035802
31.39519507090573
30.946483700938863
35.9948966153447
41.69237158749192
39.18068326626775
35.49227878967887
42.29853289404801
37.15644299415085
25.84533519078711
29.662625696341806
34.674441537935834
20.768192347149302
31.994411310424336
42.01280187443032
