10.197064821759675
-11.964734308207923
-6.717127393566377
-9.1264961882464
-9.724260015133122
7.7959059206526184
-3.599164292816554
5.070238008499601
-14.7940193549945
-7.152944647855714
11.973379790788307
-18.538059218062266
2.8916833044729646
-6.56981667232205
-14.243598271649986
5.584850124105239
-9.44586713715469
-20.209709987177398
-4.751496048643881
-8.49027617981676
-10.233977602386172
-9.956189110749836
-18.68992592425025
-2.8415209129311885
3.0441125785033023
-18.514023100384108
-1.7622698535214782
-0.7075983082934263
-7.141718594698057
-2.1899260243567884
-11.548824761935732
-28.201905839968283
