0.10960168894059581
1.9811591641517774
1.8068406928734921
2.0559266222468615
4.388981103893646
6.357599189908163
0.541059260409403
0.22651910429320565
8.464194604004854
0.23234126046675224
1.4244616306019888
1.1166928829658986
0.725920164596731
0.5585906623809943
0.6283401626244866
1.1835121804409732
0.13884105588770168
0.5490350772526903
2.8043413227552616
0.5501683568569803
0.039357622251149964
4.4592387661813495
1.7410786444610125
2.2809296724697483
0.2182374609190897
5.81653973950345
0.681243066088128
2.14749785160924
4.696262510975673
0.9063450001338678
0.9230691118027665
3.2869709919374563
