10.102462512322923
-4.287570464885446
-7.37774409718393
20.406539148628738
-21.803270470899264
-12.942978711799968
17.592622088872112
-5.330146577646167
-0.6378506896847975
-2.1789361240234886
1.2090810873864433
-5.684003509928867
4.95814144048674
-1.58047815260058
-0.5177355841848859
-2.1256332675506027
25.298898644318065
-3.1036610008738887
-6.189641310256409
-1.590149527260699
-5.755604185522337
-14.529985334510082
10.830926373296672
-9.05299163755215
-4.768481630281663
-2.9956458908590258
-1.50329591229691
-8.804206184668228
-9.550024720446952
-1.3252569572741977
-13.776045165449174
14.359587596804813
7.219927600651905
1.4628574181672551
17.32588374383625
-4.947931067540464
-13.748482165083958
5.1359191435289375
-15.276895711103863
-9.475893200267613
2.7197534074617655
-7.048893401608333
-7.599980812389411
-7.334244113862521
-5.516704020354563
-3.7726717078667473
-2.0948529608497415
0.08534778649711283
-11.055198717753127
7.318526859378757
-15.591443463003761
24.167868095212064
-7.900240595954535
-3.1759640929052333
-16.7200135015133
-7.480829830382756
5.356662499046148
6.295825810861368
-2.1951195433490804
-20.45967789241962
-19.82718233731699
3.5453317860957476
18.680668983027935
-2.2975403242753116
-6.024208534511036
-4.234840687045526
4.438075637024436
3.784721235727803
-18.616938943917265
-2.738851516093069
5.3557167615961205
-8.218967039700697
6.859724633344454
3.9595056352496902
4.660506166323826
12.077365551342677
-7.694336112142228
-28.33915019625151
-20.041237729301173
-10.38721108072379
27.92815316402254
-8.466186304500669
2.3415815486565528
-9.68170102141085
-6.74195190340895
-3.513883651624168
-12.974098406055935
4.306349248596462
-2.5990241710249715
-16.896296010627303
7.219276748991669
6.670147570518708
0.14978894126934073
-11.4059032731859
-14.918983169951506
-4.178259870433568
-1.380115126608768
7.042761822328009
-8.231366384576855
-0.10626785042405151
15.448636421470498
5.0933927170258535
-4.11315228574079
-0.8513309394451922
9.259889568827568
-13.755378325706618
-4.006161226262605
12.685342305473137
-6.1167934549353795
10.915078543336529
-5.949569083982607
-12.25099324319291
1.6836881519777362
3.9691205232247952
-6.064476655870583
-9.248036051430208
-5.548185317798451
13.22993258419588
2.8272201124638743
10.789896544195472
-12.006925367137352
0.3831828217517961
-1.3546073745088667
8.029808895872016
-9.105978996668014
2.751601980765325
5.485920595711622
-20.976169270462
