0.24339593473440566
0.98793048919474
0.03277200564172455
9.76477040250987
2.6380618897368215
1.6644082112718612
4.370887407365053
0.44470505290133944
3.091908462838245
3.5514273634064266
2.668835064388298
0.7833600708269511
5.006694410825654
2.945908033766206
1.6631565878330852
2.1100819175620393
1.68777549212337
2.8662770140166494
2.0076004330235833
0.8212060899197686
4.924402434954946
0.0316568326168272
1.8562713129227781
3.2753450084218407
1.1092999259519198
3.74050471345628
3.9358957726175348
2.579297107003407
4.327892027766647
1.3631830215665715
0.9671351283939422
4.9142761879349015
2.769857577211866
1.4130134253292908
7.369915430769938
3.974670934733501
0.18135562077407158
0.6307086085170547
0.535469706729227
0.6406226348413006
1.6331111790753512
0.6445057674157241
2.4416387524782746
2.3428625162103556
5.835929172702638
1.5317778142290512
0.6883950125298862
0.2871554733553633
0.29509121314556136
4.6885819819137025
4.965646055393217
0.08335740402283125
0.9810032025867814
0.5948078750093335
0.8769232227183164
2.483795799557727
0.24480719378768384
0.018200130523735588
4.0409561823067826
0.8239379468480952
2.1068979540347925
0.13662144481801894
2.0234367866364025
0.855135001574955
0.2966699474537159
1.973682987821956
0.36401107735365507
7.115009575218369
2.22691900784398
0.35506998641834775
5.218700545114307
2.275788055376441
2.954718658443105
2.0619033133585045
1.8962054438537557
4.532869848124554
0.7496932831525839
2.7935235633417075
0.5445677527175017
0.4324184555876391
0.03503390560433002
1.1529268315624368
2.058795509234401
1.7118476510888758
0.7476581129954247
0.0587202835332833
1.2102613138740592
0.09688763256159032
1.48990902719203
0.11513616280698624
1.1613123843381545
1.7878635923262622
0.6754594039535224
0.11770070580297641
1.056335857840749
0.5630045617922378
1.6806767491924253
1.758764731225227
1.1994173853953178
1.3179945820525896
0.4534811795685958
1.0575984308762088
2.483286687993428
1.1961223678389847
2.398754953463072
6.634927275983674
2.8017967438692906
0.9232444465328092
2.274979216344725
0.22697459873374012
2.484417037484822
0.9181817512586223
0.42657387391394236
0.17678385818718068
1.261273423609076
0.9951001837129365
0.0029797685736319152
2.1436088769870496
0.32297079723608313
3.891586506370698
2.0830142267428444
7.007149473456071
0.7518428623360718
2.408138099445767
1.3237240418640386
4.292343168736495
0.5679482537677597
0.5111208182309206
