65.45986857439837
66.01318253990195
65.7310514486416
66.6735104889297
66.01374193017179
65.60619979776024
66.15485775916358
66.22135785817075
64.54966390989134
66.89435934565212
66.36484745472393
63.83361112956481
66.33513201194259
66.21394077773667
66.57361261431127
63.73065475062885
65.30216688165801
65.51500591642915
64.46308789768487
66.15272022073242
64.73848318409188
65.56592279127838
64.98076799508934
65.64600921068207
66.63313063644851
66.00681216193574
64.79303699219678
64.54191731920162
65.50730980191811
65.30223129569728
65.78379692220797
64.1025318739073
66.33838744835316
65.24525880770376
65.19972770983188
65.9730336077052
65.91678985309757
66.54110505380422
65.48317447712192
67.06857671897991
65.71570315620099
66.39024032733717
65.35470987839824
65.78197464514122
64.77145016305175
64.69398417336241
63.448348897334505
66.47527454147729
65.89925081381355
65.01434244468913
65.46837644330475
65.14132071739697
65.8037834955115
65.20988782039608
64.8225486995051
64.41388563384673
64.84475461095678
66.30255902395514
65.20682505416026
64.18718269485528
67.67062237594841
66.95859488808442
65.9860117013148
66.8924527262329
64.8347750117645
64.26965127303318
64.77514986724327
63.92339173406984
65.83148880572105
64.41209743175779
65.91846457785442
65.82497400673434
64.09403586555673
65.995571735145
65.3715679460506
68.03271074352979
66.40729300646085
64.52471053877667
66.05837837832235
66.52321570171613
66.31926050759226
66.16613383047023
65.05609809858143
63.9961900035513
66.12218121540529
65.74680245222227
66.17650957380351
65.27517483479079
67.31400980182754
63.51596042035328
66.07783536118734
65.58028131299345
66.20149493434752
66.61785122918076
64.38528953801791
63.632877368447716
65.96811093949682
63.928097173062184
65.47122136778506
64.91243743738487
