43.17262079359431
26.857683880858126
42.06089755152581
32.881258899953245
44.288997620074724
35.503749969932635
31.9174640593331
40.93502717229234
32.6174355475771
31.26969522482835
39.93396402834298
30.329932571837475
32.22375530099007
34.17132270988408
37.593497938785724
40.012304783848904
34.05234675978197
43.21976911626735
30.52097267927476
35.63568828433601
40.66435247294091
33.555896567987205
29.844881073813866
40.472772636889246
34.349667922725146
37.34846812097789
32.29586554436241
29.24547360921386
30.015655186580535
41.80060007156222
40.23643099178641
29.370713625531884
30.855243263826996
35.62179362118107
38.246225505113074
35.32943034660696
39.760735072836816
43.27410908579827
29.41646871557858
41.120176930930576
37.70783097942549
42.22128138573149
40.85488501567523
29.00079245672752
33.11300312721862
35.01410348042876
45.453928775770905
37.873942164623486
45.21509460743292
41.78357860298984
45.59688881925477
42.65961481292065
30.76998259196329
39.43610156326581
41.544873652544986
30.54087901102262
39.61276706140066
27.06005134262687
31.64302213538629
36.41041604489198
40.06785249361685
36.262637110716206
43.13117673120634
34.711076451579515
27.683324975167054
41.38581913634238
41.70368258799115
35.28101809666102
42.87019959013621
38.760720266241485
43.373790177935
30.928481547153567
43.04467785738757
30.745710969627865
39.79523498518788
28.161693375477856
41.800086146624736
36.03589947401334
32.493543215729986
36.626933818706306
30.064786998124664
28.237254760747245
30.457032344735588
27.30051862502514
37.88602074383442
26.983334708518353
36.12552897335172
36.7224355052094
33.1879284924693
41.959139952647796
28.756331354902407
45.283170183070524
40.20848119848723
39.044620343949184
32.965377195804464
43.2517830509842
40.17605701155057
30.861977684296896
45.648282432343336
26.725813962221057
