38.08529411305078
14.283595785156663
24.958940446417294
22.083790692710533
27.93520768607629
29.427997923691855
16.949819848657423
26.117045946613715
18.568312549404517
23.116412323492845
17.47001442119242
26.32073587330045
20.950056342477748
34.8119113999847
19.967196646035394
26.110334769702973
32.919248600736445
20.07919783440133
29.890846644702613
41.69134216089819
2.191241944431688
25.68467633289051
30.58866578671954
21.822262508343492
28.045485561611844
21.113098506319353
12.48567100576269
36.93355538225251
24.050567170367106
23.63893908050188
17.927229972526384
32.71740112675558
23.65249760934321
31.714915893210737
31.713595582208786
36.32443430508914
27.999248285338183
18.98890656785712
20.324475671382437
13.259159003736796
28.533285050862048
12.488494836158607
38.10702891081054
33.97574411944234
25.776270119389636
25.91666363339321
16.20348186181716
30.46445469657747
29.541777854664424
30.932756168629894
32.11986377627814
35.8931604196143
23.075811436211545
20.12114642528136
25.722635219677105
27.246777957651858
25.701152198669217
26.504960470792792
28.997791461950253
21.929598740861735
28.105479248893317
18.869198853457295
16.00026479738088
28.38312058581797
29.39279813693839
31.226387161313266
24.484627989703252
29.47834026829885
28.703584990716525
25.121776944805664
17.071482305769308
8.92359026262038
26.50011593886111
26.734974185244074
38.145541589499516
32.99826580507084
16.673687352321373
22.67820624580371
29.434128082310966
23.142050423093355
30.733902114593405
26.247605041723023
30.54274284517254
42.99608672167509
35.54164208785747
35.650977419160824
26.891739133193983
19.77913275035362
16.247308766539234
11.76832724645017
21.07782856945342
12.259176368954746
28.108682193062137
21.090994872218523
21.91871105979049
29.55019402649861
36.59329630543772
21.165012464672238
14.48314936280909
31.309098509516396
