19.726036714118198
24.540479218075504
20.672096364551457
38.368395780090665
24.69369195337437
18.9774579029359
40.779027390917044
28.037001393822266
37.56935410229556
28.463952835145918
19.192930397664355
25.91756765304857
26.019870975438003
27.920169896273407
26.322866081943616
19.91815055218501
27.15993980152424
20.06197561676299
35.91501236136379
27.693584540366004
37.859310940454236
25.12933769753626
37.7739556767442
38.108074364705956
34.07252778733728
41.04754115182864
41.83155480734589
34.00662461989656
22.79305501099499
31.500591070270467
39.490222180895366
30.929520304413742
21.637467637214
38.605586837327195
39.84640088399581
20.6842863801557
41.565421426226564
24.89351713133402
37.463949664146185
30.087614577402043
39.98837838735356
21.4520925358841
24.217654408441618
34.05300090823613
30.536612533906442
20.535370059507308
37.488781954666806
33.77673621156528
28.426109965539073
30.99309903757392
41.4513686517813
24.188863812698045
37.585524330758886
38.92495039375469
20.248580639948685
41.56041170732233
27.955647955392458
33.8496074856811
39.185600171800914
32.047613660691475
31.4509099143067
29.079960987504744
35.347414536012266
30.957047582361906
25.757719280041314
34.99218776070817
29.234044747391742
34.911819542977
37.22547651852307
27.832774640469083
21.217828659013126
31.801221160771604
24.884207985618822
32.9814660003355
31.010455539253563
34.60381906525631
30.076077994726194
26.932217839391377
31.207333693856768
21.16536265680054
20.295382274759405
23.29676430814936
24.07970141093717
29.14584480432295
22.755040718298908
24.260496122079836
19.13384364299173
37.935349565840454
18.84665273535202
20.302534936836313
38.51745861547907
24.197881458492652
22.10424371099953
37.32554546678841
38.65881198188044
34.12719634252797
23.95241067617451
31.77686460579359
23.921455803965767
24.08566547948711
