38.75502618122128
34.75667971356839
35.72888653413724
32.0457886376821
39.038941940999734
37.65466398453741
37.65163193078532
38.166114765770246
33.66543934311449
34.96362754569632
39.484301671189634
38.31083957928173
35.95753603767929
36.499074667116524
36.38853036989739
38.05544156110856
33.71317657331135
36.10606624958599
37.53843262293628
35.48528516553146
34.27004107545765
35.123985113239726
38.59195766029277
31.564922521785675
38.16060574488259
37.51251382495681
35.14112816589101
36.944384329058025
37.75640300239259
33.91383587901492
36.542580178827045
37.02018326848385
37.759822669742825
39.64496423747138
36.54953136668748
38.081693848855686
34.93444994811988
37.41757566432599
35.576606018240525
34.38419074013156
38.39971913854831
38.36033732271471
37.535435047287855
40.18303916556988
37.40625861031217
34.41908172387342
39.50721261955135
34.717480259285075
37.18306991866544
35.616681859955534
39.52349507169122
39.473845853903555
37.20341886684851
35.05776480306798
38.31415070737318
37.03139529256761
38.75956301759051
35.138040929948595
33.83823340261337
36.27818093794935
34.98640769102489
39.74052995577023
38.81416817936673
34.944333053203685
37.23381031277142
39.151386224157484
36.88349962697354
36.376648394067686
35.095344083264635
39.70300955486319
35.34167674529401
37.829368383182924
33.93471290988171
33.427382256179456
37.31013028890104
38.67429018101055
38.202625328567926
35.640975604703584
38.58362750347929
37.80043465337757
38.66762178119802
36.188997214868536
36.11051993233838
37.537979772435094
37.811048411752566
34.39955736122127
36.80074776731546
36.20360650296574
36.13409892755923
34.37366096129849
36.55922896129004
38.12766313270215
36.19406339845364
34.93896422328083
34.657765599393116
37.172583275202456
39.18374639477294
39.960103459240344
34.47736071624176
36.492535947004
