46.57685618556951
46.102001886462375
46.221308897311076
48.642424058316315
48.715318630703
48.837490908832855
47.18042446150344
46.38019506852747
46.826487537243146
46.88859336271981
46.92624558601071
45.70212211464294
47.831337838890896
48.021879873998856
47.532185647896696
48.85557401411521
46.7648501293383
47.753793607225084
46.98653057305718
46.997712798762215
46.807761892460604
48.71422853129881
46.633869391762914
49.06088995625471
46.841339610537624
46.70272790014374
46.25141870782484
46.868543606050395
47.699911401719945
48.59897448710445
48.19771963248033
47.015785863099076
46.96697876532893
46.92879418484383
47.074624608226266
46.19956832344115
45.972677097228384
49.15817873991071
48.77419911775485
48.43580175305538
46.87364336285223
48.6564862333561
46.94416972144293
48.32949071870726
47.1626661818938
47.39269531223732
46.262835777922575
48.5738622785503
46.23454803613819
47.46571958094667
47.59631964206151
49.06602979234272
48.43946652332192
47.31656957079677
47.39514117225263
46.016413743673176
46.66107008183388
46.50178550012483
48.89745730255734
48.18534004358205
47.011314680944835
47.06393998504208
48.349000373492224
47.46579062056235
47.689444211117035
48.352231542928834
48.219971278418264
48.52507141148178
47.39693147187565
47.724771668608206
47.626979563432904
46.970672177874484
46.1827815156062
47.037232137105384
48.62849354892386
47.774475140814516
48.86182090885213
48.700821443751856
46.51552304475069
47.685226621036215
48.59462114485342
45.684874863610624
46.46790271339519
47.887258181968996
48.84261631577424
46.88194927161701
45.885685408915286
46.42969339552997
47.94938835784363
46.23110984870024
47.95830920917604
47.31362804592307
46.56323346989549
48.81497210518034
47.433147633902365
46.53272824158259
46.125445766432435
46.938511883088914
46.451374881200785
48.884319111609265
