62.138241990508696
68.66715223170846
54.58124027293126
50.871262287314046
79.48748076735394
69.94071270726796
55.1304946182804
52.910921640572525
50.98171393057099
43.32370649701224
63.637915876747236
53.66561133927625
55.151169345450775
59.6261452571971
69.28238589056575
70.18563163707324
44.15486788902059
41.22064225973513
55.5423627923554
55.107300486345
55.416492610809286
58.04244397261526
56.13044648830133
67.9997291932932
65.00137710176192
48.77545480000972
58.29385479806206
61.16364337012742
43.1484232080028
51.291815257183785
41.115428796451646
67.22185151881925
46.75137901111941
65.99289318450454
63.74679131159815
54.5489738756415
65.63697640925315
57.096750607151755
67.16340814691767
56.314055934931346
62.07978782370727
63.33420944898516
68.76875001482826
75.41356494913225
49.953341718004886
60.13485989971892
67.51072586714454
64.3227188181286
58.9332018636799
67.48992867680532
48.98320525204873
62.030785255360556
68.38280030477932
42.629412114192846
49.23007344464106
52.66273007429655
65.74503906928047
52.707801819910294
61.19496774467292
64.4677935266832
55.78637634229447
70.72583260649667
62.13813773124736
58.871974756003944
57.213581986162225
74.61572050986297
55.66286008439236
59.77351726790265
53.3015130053294
51.09277224973878
59.06002798680115
55.122134806407935
58.89718646836015
57.29227875356009
42.899485777124475
35.84119831182929
65.49749182638561
51.53402206703102
42.93193356216026
60.066197191143935
48.14410020970976
58.62326982312168
52.673728646839805
47.779404555067686
59.10447175002992
64.57136601772481
66.47318238951102
54.85388351848758
56.9963467792567
69.72774525555627
63.1469288466588
73.32924109941222
44.91864786646052
63.83503620718522
62.82005434735237
55.17283578995656
67.3531450355071
55.6006962023497
58.5453065256936
65.56477938384991
