59.584999744430874
59.247501444042626
58.81899691299255
54.99608143980916
62.90670514978885
64.46347426224855
52.10229924276468
60.35936447194155
58.30529459981731
60.26472237883684
51.35505970909662
62.46131309643865
59.344727200683195
50.36290513446599
62.29831716769985
64.06514990434601
51.73900364045786
54.78967945890092
58.354944694021626
57.30678477719867
58.8839501688641
62.71965438495884
53.978575379768166
57.20827740746407
57.008013276356195
50.50688278186763
56.56152949828916
62.71710049484617
56.88127924736938
53.012504235373406
62.38778009444681
59.91205271661506
62.69383324020668
64.13485572497095
63.021644914754425
53.03581844200255
52.38795735889176
56.377901690478645
64.20539186905982
57.32396086933251
50.38416001398763
63.28923666479514
54.757351311422894
55.595438274361015
61.95151453251831
57.880404137301724
61.36882598310845
56.40266864814305
56.96212015132991
50.48257290316262
53.29822647464177
55.63725035641159
52.120879216983695
57.81960096906882
54.69336123757306
58.951252769730736
55.63410647392941
59.01625736570586
54.34496270052732
64.34970451727654
58.42493229446581
56.459561191664704
64.9616064417406
59.12047033900627
63.129614452321576
50.44742849122404
59.743054427858326
58.86948012098541
58.29292548644564
57.56157559747281
58.31889080724186
50.87274415658533
58.66736469675904
64.77823867584033
52.89237509710004
64.87155185723172
51.6269025468596
64.87628729359768
57.19520421868587
55.02526626770002
63.05624327997002
62.285547492764394
60.35780648599361
62.27949397538961
55.054066121817335
51.741207466473085
52.058015215488936
53.66687019858852
54.07377510797418
59.04436377462436
56.11857692896526
52.327401516133136
63.17338501000169
60.969657345193504
59.14506026685935
54.04457681163473
59.14639032956415
51.52437085982891
60.25598634126182
53.72945483933815
