15.162676394462885
28.723098250881737
22.876597069655258
42.527806624183995
21.472052852268114
29.988419315853193
25.063470053120945
24.34133458848335
18.351943165240115
28.96374610354737
22.549255287153933
14.533699055679303
32.34602791546858
12.379690100976582
29.99054271403757
26.18473765417014
24.10172930075257
20.46796383878334
25.61710588821025
30.09587698144717
28.932376263859982
31.79041770803351
21.39648738097361
28.726674098157535
36.10092773242913
32.71172273978683
11.947555697795211
14.66100121773774
34.0612135627932
15.21317279157675
38.0965877165419
31.509779638421293
36.01999528259996
29.813823736587587
32.26882775447376
35.50106910562437
33.92897409567009
22.565687741181872
25.325950618892627
27.227734545205216
36.60737533442996
26.00879132943794
31.77545212065318
32.712388139299954
23.002935354971584
21.934882858351923
24.285119476492838
14.660178042604063
31.67488468748102
27.979674771250977
27.778106584172402
25.07113330831461
20.247757773148294
29.88914414418065
35.62283466688373
21.21464065873367
20.88226684835081
27.539964951312683
31.59883709652701
30.97410444353786
12.629270245076173
24.772824562850136
15.626130900859941
40.82181355581789
37.893670983210015
35.44694089418199
38.149577569129086
45.260050726949565
30.32082118300893
20.336190775826946
25.89573911158276
40.07006016869662
24.872544545278288
20.171636442639112
35.828602437842974
25.837459388413706
24.72166206250955
24.589834366881824
14.704088993378441
32.603855552189906
38.15107309089485
31.568017750503838
13.144097774802422
32.33229713683755
33.30322980281653
23.816667750577892
20.109688425305315
11.249348164005756
27.29803104781904
24.019034261004254
26.04841648995664
32.97112012557339
29.804706565486978
48.23723535578007
45.00588028606478
19.37383088969198
22.6246313360427
30.313104644764092
35.05989283215443
22.176061222801167
