76.02281409403308
72.58368634875731
59.22060110155749
75.90919767027499
65.1102665741326
58.47256991538564
61.14907576504922
81.48880339401411
75.71701078433826
77.7304905051792
71.00255136808096
78.03473127152253
70.45362590085848
67.94549858817119
74.77031651869649
59.421914324316454
63.44367044262883
70.28227771553998
80.34361516621851
62.21461214703039
67.01018455766872
66.77837031840892
71.22776452309448
76.37813347576676
67.94316091836377
73.30666792791368
62.30669495062487
72.59756938123935
75.9972099677546
79.63955015733035
81.3783093606264
75.14264694937668
82.69564230775545
77.67372330104683
76.12141888201168
60.90375386004708
58.17071097689205
77.63043303339036
59.4536087906976
77.60677774578639
62.53521421877684
80.17130390584374
61.80934462124327
71.62499123124108
61.31416951493002
78.3496464897511
77.07425914409387
59.3647664467658
72.56986174099558
75.26804394888043
77.31666957019719
78.49327460988447
58.64955811636731
75.22660848256952
61.598027853996086
61.972420249985404
61.3218255873844
61.151978805451485
62.5664817091292
74.24888037258233
69.67661527858618
71.88817040070987
80.51249449325731
61.621362050592396
61.65992935971959
81.93041364214167
71.47005433050788
69.78520391513041
70.88197501397025
70.40110210569165
64.61135047628487
60.5166431271538
66.3659016509649
82.10592447155922
79.27171714319937
61.604193907235995
63.28192672275283
59.10040141136412
80.25108360716563
69.27132681021143
59.94559621797598
83.34439420771255
59.89761032147107
60.787430803332
76.19834302604818
61.98136588046851
76.66952387992671
67.27381608565916
81.90993921683685
58.91286323497247
65.54193596374516
77.57133321639634
68.80414760978071
62.084631449009
69.44801419166049
76.31573615555001
71.66480919094438
63.1654435432322
59.16154210841475
79.68085700076152
