1.3967942926822534
0.9615522945994455
0.6888163380044585
0.2809477363955096
0.04640173115899071
-0.06663279634636436
-0.4331796634550397
-0.8446015374695682
-1.0278134124607563
-0.5120732584155323
-0.7848262940638263
-1.0160215802229062
-0.6055680851882164
-1.1952239327803804
-0.4889308492281255
0.14516973547544937
0.3229518026571995
0.873823542493269
0.9585985488101518
0.7594783402172371
1.2906573956797076
1.1079578764739533
0.46037643584867716
-0.19684845928085823
-0.37368400998438156
-0.897809567931491
-0.41265479866344545
-1.2009802884219516
-0.7154204265629378
-1.1737469105002791
-1.1429237881833776
0.24219556050651408
0.04925570965940039
0.3076488050067829
0.5405518836523161
0.7558139605240115
0.8095162019027813
0.48264734384645946
0.6113864254954666
0.17959943017097796
0.2809242557982934
-0.12838341020237895
-0.4485037766468923
-1.132729949453054
-0.6801392250608058
-0.7253839251211546
-0.5304139688368021
-1.3922298117951037
-0.07918411689246319
-0.1423874801763848
0.6343204555784555
0.6329742791595137
1.1063815580975875
0.5007957582301896
0.545122754888878
1.3311016295518865
1.1548187436777408
0.5701539628321668
-0.18629785911922486
-0.2357001444485347
-0.7029475607819763
-0.7016309120921335
-0.7859303921683679
-1.1094330047672953
