20.562415394312463
5.905786000653794
2.5958323451444842
4.225724563142808
9.76957946318596
7.770114670361749
14.668732221010643
20.91420722922559
9.345056927897824
10.950413113331676
-0.8334413823339837
10.187493306570595
9.154557662244688
14.869929524787658
5.578056848831945
18.13763223696293
40.12565275771224
15.850761563741496
12.957536773051382
11.740353522276259
40.90908213833363
15.183244798169714
16.629202813421703
24.207832151529878
11.971975797505353
19.877663735441107
19.092568621998502
33.70105527620626
19.881949864195313
30.64642425556402
26.00662123117088
31.930343281548755
23.61713761178554
34.74630725024527
45.00097055169728
37.620208047990225
21.743405900274375
35.3061279493529
32.65824275225114
31.798759309358278
36.47197376057622
36.010997856871015
23.97801950340056
31.15350236362535
56.598031141714195
35.22772328075061
38.770451371554564
31.007079925569627
57.808445812835906
40.001421143375694
38.60293788144973
43.35203867020421
55.81356360123891
39.074215930681284
53.7062563207861
42.52545731105624
59.36396676850633
36.352171892934386
45.33410132721372
44.920699348551
49.63605716059367
51.003713578644756
43.44917315467371
56.58121166428003
