59.07863606764325
63.558044960182805
55.05633353096246
43.77516509403473
58.44898117057072
44.30746943463016
69.88249580292245
53.61782910319885
43.49581914672691
56.84048062797695
56.177635872230084
65.75691362067371
55.263576442176614
44.05828847400606
62.00152051788272
58.10758993224405
40.781267671123246
42.51906368182641
60.79052932507226
40.186704174824335
51.583202698202555
55.97818349820295
45.483376969546995
70.21395511876491
50.40415969842261
44.68992489652436
43.113141056509996
46.89937639343902
59.014418392114656
52.86569787247125
55.3578001763349
44.78300144901589
48.129629091719195
48.96930654968254
45.89055054749442
58.84017436230389
46.81469313184732
53.72836350998202
49.588560519732816
50.60577875096843
46.06303449032917
52.182567528259085
56.126884667077235
56.89600792129945
38.75908345770884
52.56099952966647
64.40584691667661
49.71995673872116
58.53523761910131
57.68635299910279
42.16570003743965
44.45175217106637
45.75606314276712
55.434568086834005
36.354252646743284
34.87858362200124
54.15422024117598
72.28883692608964
50.94793839295681
62.332463079762974
51.68303621175189
63.12724284904227
70.33955273438195
54.547715095128346
49.42526931525432
61.540879918558936
59.39036359354739
40.682371235924144
54.78827215507481
36.68196129739674
42.42552020306193
72.93798992583865
49.44063690578138
38.58538548659429
46.45230821110403
54.864504610680044
57.799085552812585
72.263675206299
52.76394543665019
54.67902183919097
41.01663843535955
47.26179715969238
74.5686570424612
69.86482631330428
54.90495010428547
67.73683101290885
71.11961207240093
36.442132324525545
46.60084952525379
73.10629501165423
59.51421092684297
44.207828078372046
64.06993304141506
55.93944218360835
54.14629290509757
50.68957857286368
61.042872589346146
55.00190406360766
53.8232092936905
69.64544977118663
