42.58510793878212
42.39105831810126
42.4861616192336
26.509257138469714
54.85100583031438
41.65048729844365
48.4832240866142
25.39881939312162
48.65812905548778
49.56765900535532
36.75269762342035
38.193160794333764
44.584659977552676
45.25609799711641
33.75174809065615
45.498943333693845
25.97424078215964
25.997529536855915
43.11163486361263
26.96115274943724
54.83575556712465
49.82079377790459
50.39138218500912
45.81891440103916
30.272411588141146
46.25231185993377
45.035792337667615
36.25510326549729
37.89768642863913
24.602497159373424
52.1028565749957
54.313998564712456
38.1400748809273
36.74204174644154
29.775345387020387
37.615177395821995
39.5569898489053
26.464736457702948
47.7759987850815
49.427876442785525
40.60857917682513
50.721543911228835
47.8175415291541
33.79785987203326
25.18900577482128
34.18843083753158
26.079490735451134
24.51001512360113
42.614583990692324
45.79897934196117
29.321085202129737
36.94718424063221
34.281773197061966
39.55506648864683
46.905587294161876
49.34834252166458
54.19031141609742
26.231402533260667
52.046641733148505
36.20776289360044
25.07086166878057
38.45861269394901
40.04062956568663
47.47176850276351
51.95023038194229
42.780451123137816
22.47111170373839
23.926383307048425
35.08539650325027
25.317485063169652
42.80640042486095
48.799773647536554
26.38673440631289
31.74082440929282
47.18769210275505
40.16646091537477
40.638448200864076
32.61080880106345
52.27611397404363
22.32356325831035
44.760133154701265
47.995052644824916
43.37059073428162
34.35673935103257
33.03321393956722
32.233788340925784
41.551427453977055
40.36903632693685
54.30417773892186
38.93751384682276
45.99983476745957
43.48120539497771
46.398732427937645
22.803532500022886
41.82125696970641
31.50374530194276
50.77827569630041
43.08745589576108
43.046779724341945
38.11220520576052
