28.345829991472232
32.94702773822332
30.57393091631078
30.852149764979245
28.23444060247614
32.628005171232466
31.669032456236646
27.3648656700364
31.50774309701307
30.26992573304414
33.10163868591505
29.533906857176202
34.93311812195138
27.98223932052884
32.195711379383845
30.279332004076796
32.15270094913873
31.89834444159457
30.13357026900222
28.825396193754706
29.41141608834701
30.509164505274356
28.068500663846827
30.3646168665498
32.99938703749297
28.02689530246483
24.124654725458925
26.08445963251419
28.031427441610195
29.237965995229303
32.587699106049016
30.81445520813891
31.4681638770099
26.009005114611128
30.064221327881217
22.287454743687853
29.97312430976815
30.29531630113642
34.541698679101586
33.22191108791809
29.62949472935512
32.217227620575926
28.210092562275626
31.546176916504212
33.51515972232781
30.86090281533366
31.186534856966514
26.75489539253789
34.41689000033596
31.377698871771592
28.670097888825996
29.016284985132394
35.25256704404022
31.720185891192706
28.818988704964426
30.28301943173631
30.033762236633343
26.980511820614083
33.537581255424456
31.88240846579359
29.719710498003693
30.764147548559254
27.214248697704768
29.146465875903008
31.87586454143075
32.49241022714066
28.429896231948145
29.94386628063336
37.02123401358935
30.45593881456603
26.564703882224116
32.232514607163154
28.779947926199092
33.967765035452494
31.58035586557901
28.986432610612376
28.383342500945318
30.255897131025964
31.15636073959736
31.27343004774693
31.396967782858646
34.830854905145
33.451500753726236
33.16919912117761
29.63137522059155
26.04161770191336
32.802128733103984
30.993660410108436
29.22682337761913
32.55280025177296
27.353886861231928
37.166763354807145
30.981134937579068
24.664443492177014
28.410882930198678
29.28276751423525
38.3984150671666
31.00457610564722
28.71874156493735
30.889344136646372
