43.76518738996638
43.041428868630916
28.126750150341866
36.912952602428376
44.02261243969887
47.77233413548003
36.85213763847673
36.75326342276804
29.69906278014917
28.758647923909482
30.652473779264955
28.80787478519256
31.59958139035058
32.33979309280196
46.82289464756144
30.41047239969729
38.01478740634965
45.7191316153468
34.246091018924965
47.65830520330319
41.62442658273097
46.053434951219955
39.41900611563315
34.68044293585979
43.010369943538436
37.292605176955135
28.484723478324785
25.897263555161103
32.61393724068636
30.48339454442234
34.116455029472476
45.32414212690935
42.70882137914259
36.97936835002123
42.66483695108439
42.505576843412726
25.733871152453855
33.39657619879961
34.20264005331486
38.927521189989456
46.63697150448081
33.47692419156158
27.766150034599576
33.393803995068595
35.36591409575588
44.95045739456539
31.106971608717277
33.99815981487896
32.01757300826624
33.74722855192315
41.81258589667982
37.71024525773332
40.37611753158842
37.816737694189044
35.458288612946085
42.75187795153779
26.319748101105194
38.69659157594324
34.24203733436169
46.66409821221767
46.769225848964425
28.64113894863129
34.32343721228042
28.41991199805431
31.960028821949024
28.104070508627206
26.136482240433487
40.68882254194889
26.89309633938743
43.12832720350097
47.009672529390045
29.782179079580594
28.50295514431058
35.75071005618369
30.14710032125497
32.27951300138888
26.562850232852618
29.15296381377435
35.17111648011103
38.62141737033846
30.08937861731917
40.54449930882159
34.32368999955096
27.05241961623717
28.232393526164092
39.65263560664856
31.22540761774885
31.37705151128361
33.30410683432038
27.11047724543622
30.86433888938043
26.517727128793272
36.0177990990671
42.568170392121246
36.51392048339012
38.095365831150076
27.046514855963878
38.000507483958586
37.02777547506285
45.14252544584954
