3.8761533053931814
-4.518238162626014
5.174883273405458
0.7843567749884461
-9.747264593934538
-1.2500975290544296
3.5147262938589647
1.655767563768989
-3.9496292599447766
-4.135196018247414
9.173355998568779
2.3993110251310616
7.118730905234742
7.312215651015503
-0.12369269930107607
0.1316659921245098
5.05718236434128
4.987795258398577
-3.8594526412259658
-3.8889443326847717
4.024797200662098
-7.6281610654812155
5.086382232520885
4.362046942030989
-0.009196106451487385
-1.3925940366369542
1.1186496654185425
1.063379229492423
-2.521880926794418
-2.268057705500026
2.678662761472622
-0.30576195847103926
