0.15356471016267145
0.4557925293025412
0.9558482772305306
0.02072807532872058
1.403233805627923
0.1177561261487035
2.747890609003387
0.47213412455730697
2.7282854941084422
3.173890974471464
2.9044105533349653
2.8915486928339105
0.05783051348938972
0.09217319486096526
0.9803028646238044
0.765155495766215
0.18613738811406616
2.7374567477498997
1.5584748363440681
0.3703347689975341
0.2743433011784212
1.7181685658396297
0.3713660909677822
0.50124345805602
1.655418614795574
0.2985012222461226
1.14425322269029
0.8490340447902425
0.620942453909881
0.5340659169786057
0.32543974249226826
1.2854751271932914
