13.145097875682161
2.586723685971722
-1.1507144155032107
-1.0453668608653819
1.140169962296659
6.541988206570881
5.192052840304662
0.5175094148748041
10.72394524125308
1.9932698437329197
9.241264191266547
7.352034264495205
5.3186496464485735
3.147546502727507
4.020869735109077
0.9621254430518913
2.019633553691004
-0.3033725111786745
2.271048733748343
-5.417729788473028
-2.564247594888187
3.520558760465661
0.7807861706572323
2.495232464299754
9.019231746596802
-4.085615136298117
3.922919984394518
3.691137398229719
-0.3751338433932483
-10.494340708989776
-4.832220452764207
2.122574575521874
-2.4867205482288055
1.9621357161704642
5.733346364899301
6.714849541558385
2.3110119943673295
-0.2747161662205926
4.564859735834617
-7.6341582606032485
1.0481227146049072
10.542740682354545
0.014169314280221057
8.375673842513903
-0.889600084361907
4.997208177941316
0.8601926033311339
-1.5200198070973436
-5.116411811254779
-10.704219408904116
3.378921515049473
2.0316724030018074
-0.3772632790566284
-1.2190170557740525
0.25134617701253714
10.079787988890986
2.293078184727757
3.4047175959026164
2.370452140769283
-13.960819407632954
-5.732312093153731
0.2681654578739969
6.5167665259269585
-0.08001274637975209
-4.625454527120688
4.3118374410527025
-0.37228543049266394
-8.106892156202523
1.084333984133314
-3.688329147247252
-3.7695759117607457
6.250997672108918
3.334968291156999
-10.020665878671108
3.5179164010752006
7.342115903074859
0.7338320219047232
5.246199950462351
-8.760422240710433
0.7594255611733605
0.9932840206205367
3.6806776371100534
6.5028289913553134
-5.604163167138394
6.21648815087824
8.856161204883986
7.995915973929992
11.063608633105408
3.4688116567466802
2.399085451272464
1.268186290154048
-0.22130270835685173
7.021275890133618
4.734838153383665
0.512052796910974
0.5848454517264823
0.9505934991651223
4.816394151791911
-5.569443799931636
-0.41721943377358817
-3.39769924172138
-2.7406416832419613
-1.6016660165269667
2.136137307680729
-5.186138046389877
-5.435027036416573
3.815300279652778
4.074164422007398
3.3218006047071347
0.5473312623188811
-3.7757310960181023
6.972270210533646
-7.865743741887568
-8.420673541023389
-0.9791470269201268
7.4329693964883035
6.329250688738831
-0.3175420770865498
-8.494679568217462
1.9879851050158726
-0.621252039452479
3.2792446880492037
3.0713742716561425
1.1324689128512615
3.6923934858418015
0.4645854177402883
9.272465384980823
0.6928810066252147
