1.0856258563465073
0.7183715791689906
0.4981196502467018
3.648186243707596
2.7816360646350455
2.3047514648773175
0.31607034570661424
2.355588820816125
0.057092506128021386
2.5588605638022504
0.6617939405795835
5.831367063812239
4.137401241983648
0.5866250615505294
1.818881712171592
1.709785518379324
1.0960166906212216
1.188254326199774
3.56579331510382
6.145209543155908
1.429950002958583
0.7004670148179064
0.790953833206567
0.23185768902939136
0.10969373872603805
7.607256562291149
3.1611655742396474
1.661612661742674
2.2188691512303556
6.409896134670139
0.9494532343676356
1.5115909297578214
0.3909349234722761
2.5497460509633454
1.5162309778986178
5.80896577400196
3.2507213648418123
5.175715163900899
4.15116162292386
4.992927454008602
3.08639927447637
0.7986955024384388
2.80278382126519
0.4042037158859476
2.4315285364302794
0.9581115360850636
0.29507862689141706
0.6309711928747135
0.26726530480483746
4.023175195089017
0.35022554917393756
0.1482852617111039
0.5621652871251456
1.5755884828258548
0.9032124374780649
3.8898208126403295
0.36748999751123973
1.3148868134047988
2.1391966703562626
1.8370820432584312
0.6621045478016746
1.3082205304822077
2.1188985290497895
3.375468227929196
1.2421589839541245
0.3541243762756534
4.006728591323072
2.9402497782142407
3.537809910687309
0.47374539281973965
2.571740931057058
4.821768839418902
0.714537305455117
1.2110459532424533
0.32319575979070975
1.586166325747865
0.1721680454542991
0.1511767994576699
5.093171224737556
1.150781799696106
0.5432037570395563
0.3826720603608078
2.804301875322992
9.408103728149467
6.294541438239984
1.2808929887180913
2.4134913476170547
0.41937908495429066
4.104211825737594
4.680806712885525
1.1076080989823152
1.6937798738514342
2.188664230282481
0.5909076165786843
2.1381473364435113
2.858427610836193
0.28090639356450886
4.083918389891022
2.156914494112386
1.5453418196977298
3.0872102029339867
4.002419833286753
1.6768915271039728
4.168052830652635
0.8052721994457861
0.12915163777413413
0.5301123840876002
1.0034867848831934
3.3368755183399452
0.28008651525997613
5.644992043349163
0.527663027608365
1.7216796405543884
0.6172442801896617
3.204227208645868
0.21123688695344428
8.274944335277361
1.5211919368521822
2.234985298193155
2.497739380221869
4.1885164939834665
2.56674105823163
0.0054903597875143265
1.6586509381131835
2.007618139783733
0.011015945375540036
2.2096719019377526
3.476487173485806
