51.54063338618152
42.93906962749879
46.67729412865736
57.83359672410003
28.195565564187465
38.79092287357318
31.317189885452166
51.160738637328826
42.00818245711656
54.63202707939326
36.90917734585483
35.99463764857636
43.35193578649455
45.12930474128775
36.86919044787388
48.46115297668475
37.51475794583024
38.54534746466558
44.42300093296569
57.575528442518596
40.012095852722986
40.52930768463826
46.62441643382727
47.67127677699513
41.68922949517618
39.932591103193744
47.786908074025355
52.310652871374785
39.06984329813736
45.02610566868305
33.23641266954655
45.554089077262134
44.2872933388789
38.57737902956908
43.86934518474737
34.094041785403704
41.24476376366057
41.463016447645764
53.36766876660318
42.296916575247394
53.72844596342328
48.93888195299678
17.85853269672716
41.60385103867593
21.62576002913559
63.62659022098544
50.641875062107594
50.2691101527505
35.18020051419684
24.036334405196627
44.304836856457975
46.792087050669274
49.61750971267593
44.47144295446304
48.00396779474691
35.718951385521066
45.80332710948205
50.54975126074832
50.949364102519944
44.25246388670311
57.38227894520651
50.183198902374734
46.636291120074574
35.45453150963904
45.18061883765434
50.04425343396221
41.06240345546039
56.703970128467446
39.46051740826737
57.344379375868016
64.75770696573709
49.26686470062846
49.9414566528181
39.58720944524579
37.705588482303256
32.79461900966008
58.47847694523931
46.28316313640199
50.905587590378246
46.088194675817924
41.24726210528421
33.22988972933043
43.57670956065187
42.59332781308381
43.00521505750018
46.65233851911542
55.58059741878543
34.83577185871013
44.098015449444425
39.206858816543615
41.41382145825753
38.294800338355515
54.036805802472955
44.68294380516355
27.950539365654723
47.529097866354036
40.76947956986433
61.71503904543707
44.41476986500744
40.093829510330586
