39.645565656768504
31.106793911051767
37.02478913551719
26.046502821595436
29.250552296172263
38.47152578087051
36.86830295790758
40.42391567567462
44.01892372238203
39.355034093151254
27.59629685450822
36.719207568116246
44.44261836199469
40.42351609267831
30.026652668126182
45.47108546996043
33.86736707455603
37.51368184893255
29.83977324113717
26.75535278091101
25.033784394564364
31.107707669586247
34.81874403751087
29.972127494183038
26.75770909647739
41.69172632540392
26.03755322145189
39.08580500947726
33.742301201366764
36.16131530316179
31.76885923638794
32.82949020498661
36.391154402129324
38.91631724414424
43.075551721237545
40.64552608902223
42.3075050116872
31.246446762720318
42.54528641016224
28.247352828236156
39.27842159453038
39.19320565959622
25.969122207855772
32.450269141099696
34.132281604288856
25.245832494096362
40.174935188232915
41.35060804476246
37.54441702054929
27.814392354630677
32.279603606894355
27.935642253771906
26.87464073216584
36.64681016329115
28.629964924487787
38.90479773790898
35.03046057939707
38.15391131650624
39.02674538583884
39.70675997763581
33.70629659034226
29.25752472834721
34.785997979657544
36.24341609079838
30.160221442904987
42.10214132739024
38.1303081655549
37.963270488365296
32.12009515866691
30.042498374771665
38.464027571791455
28.068318112508464
33.29449189447852
33.80438140919129
38.095438985709805
25.441191768732395
30.48589718777894
26.541569922067108
32.63232848202199
42.1857956190172
40.511856243829556
27.42310334729237
41.72437875560421
43.43126973340124
26.679711620572597
29.915645641759742
43.689235596700826
27.739225711886373
39.30540530710853
27.054568703015253
29.781787314808085
31.69822186491509
33.45530485244357
42.37792270091974
43.27499413971865
26.862649367875502
43.86694013004468
45.38960926286988
30.72892888094248
32.80891458636748
