-10.450146969829351
-11.75636130568567
-11.460721433776525
-6.85778993409057
-6.0527068030069255
-10.226019641767866
-6.057635031139247
-9.993569404034252
-11.158984823705424
-7.9049708286194065
-6.399706145050359
-7.048254288838261
-10.906535534752276
-6.506999968632823
-9.878951591400092
-6.394347140166352
-7.468065829473762
-11.002867484856514
-12.518495340605156
-10.53756907275963
-9.990915348629732
-9.522655049791123
-8.654942601806862
-9.639945689149677
-9.90303388186897
-5.9845284114213495
-6.897325494627884
-10.691538341980795
-11.14211107319089
-11.959532278206611
-10.277752486681388
-7.917169719327777
