6.998418469465032
2.4180452355360655
2.623131323841539
0.7748083594869106
0.44451695458920243
3.1340296389037445
5.381106165256293
5.050453737963783
7.0570604809170625
4.412901526764964
4.277602583314965
0.20521607064533276
0.4961561472180887
1.0665730256893227
0.5763930963505868
5.257806243466754
2.843345626576962
2.8474313390046797
4.68690652035508
2.855401248627176
1.0101969898583187
6.836071516191608
0.35789752760900206
0.33667326546674436
7.33436598552117
2.9808759561642977
2.1211777202629607
6.929011857141592
16.788054557794958
3.149750717851546
5.950941317569308
2.4103045002018835
