-7.064791836445783
-10.868973023532254
-15.480460777408037
-8.464192245238898
-8.720761557080696
-8.226328154088137
-5.1659674807591855
-7.3396176211081725
-9.408326478574574
-10.260567689026932
-5.880428924374516
-3.329067552758259
-7.050504468123143
-10.033568603757416
-8.562599283210707
-10.530360723197564
-8.416664874641754
-2.670513761145684
-12.709474676863625
-7.934284914680167
-11.534343536715369
-7.231784525694593
-5.43238260301328
-8.350998623904665
-4.9384732205947355
-4.3662622350807245
-7.503755216315977
-11.787951690413271
-10.6838986142461
-6.488415044280179
-15.51116686824692
-4.607517077460075
-6.094586238361402
-13.422363395241728
-8.106913549567603
-13.225073510854749
-8.151050372109136
-12.941834037366629
-10.213814372610878
-5.694634713481355
-6.021778632068319
-5.573729230996566
-8.15465589229312
-8.746264291588835
-6.5530388362125755
-6.659037642790015
-8.22633298341251
-6.023681216399915
-5.3593699343987655
-10.410438422178483
-8.78271319104834
-3.9768689154338537
-11.467202733940969
-3.9194691700978437
-11.787180381557143
-6.224506523666211
-6.138184512728463
-9.459630567125673
-8.940811751411207
-9.25386805701648
2.2601890494369936
-9.719798283248766
-12.17036679867103
-7.645290377684147
-10.813544427427939
-7.016752362116297
-11.924809306831703
-12.732017478282252
-10.130072657509464
-8.894872004047913
-9.701957567300228
-3.515832616887627
-9.586829139386365
-10.162530067752384
-2.7816902109388213
-6.55426117145002
-6.557259168122679
-6.909695994804466
-12.312198291385263
-8.250426364095086
-9.94461458648632
-9.4828676590651
-8.371043438427904
-10.965014921905862
-9.947799424994795
-9.743377284098397
-11.306344951793694
-10.712791362515224
-8.305535476154276
-2.158810126441786
-7.888540996762623
-10.184071627259286
-9.938453836110858
-7.461847140769159
-9.957159530908571
-11.773825684194358
-12.056738926804313
-5.004295600821572
-9.368025434004307
-11.83776063020067
-7.524404456434706
-14.285140270491782
-10.433685913181517
-7.841167850226815
-5.935447032836706
-5.859031007270365
-9.597294388623004
-2.73877792449556
-8.94148034568714
-8.636687061822409
-3.4860391751013413
-2.5542406171468475
-5.367526325169322
-6.20970084987122
-10.469724880918317
-5.420051895427754
2.127907385044727
-11.729722368684914
-9.564086549692743
-9.123139097467796
-11.257269836802823
-5.334243966983642
-5.115951909754385
-5.940143647482296
-7.929571523703092
-6.603210179729459
-7.084628737495665
-9.852833238902317
