13.736437313987732
1.3024098012676297
0.826113787663503
8.208394751627948
0.4364787583115204
1.3467934871520717
0.7194175640399617
2.470345469652915
0.7631796443024571
3.6682075138270296
1.5552922323459821
1.40905217359048
1.2812746279006204
0.4506228228921947
1.0935200632961446
7.155398033206776
0.2318913438295541
2.807221202354186
1.8681261779790659
0.551792529837056
0.047848053761110156
0.20717349904538604
1.4283138740189654
1.0491534271424812
1.7039064633966983
0.10649757785296071
2.288164305838771
8.520625738067764
1.1951266967554188
0.0318623665298355
3.580283586613367
0.6799422199809959
7.132415416897712
1.0455613042319498
0.2926597636785942
2.3704733665468054
1.2213682960556804
1.0380780260567062
3.019911595020311
0.5855676734383407
0.5952474936736261
9.919448838162499
2.462112624996846
3.0417202730008888
0.8110726323171612
8.041751337213555
1.9210438471549962
2.5630604772116663
0.3791506408353096
1.3302970245981265
1.4826413422418545
0.5280645828208221
2.0281496579042613
0.1829573759035381
4.496828484968916
0.3558084764435523
2.806372701558028
7.410375997629558
8.857570462356085
0.807578217634137
2.2024149085718667
2.187337894749544
2.2383426585384245
1.352862468653142
2.9383980920763446
0.4186994903166321
0.26141403681164216
1.1667716993775352
5.819555019441903
1.2987231454184773
3.088457011546762
2.3015587105647497
3.1112587182569547
3.9370970450082883
0.7686659682553177
0.13797787165809366
1.088635176501952
0.8848260402278654
3.0212106686606344
1.159462474033052
1.3564913435516721
4.393221981099299
0.04882763308760946
2.0447494674515467
0.46012610553630123
2.702225059809029
2.7270571809485395
1.3936880286354976
0.7954186255897032
3.200656157220773
1.323946294499776
1.3131040585624973
1.153567753077407
5.120635885482479
2.031708332877304
6.130833674373545
1.7719877075226083
0.27792081799390395
2.0562450770770644
1.9039871341218577
0.7364500106707289
2.0010656700994467
1.1814548290110563
1.6593411582473148
0.6399741324149473
5.844950480099468
6.1820677769447725
0.03811677217251033
2.269468324017703
1.5320393741216798
0.6563251263302523
0.2555002094975047
5.285873108083469
2.786309986839698
1.7191280515032838
5.669481093068099
0.9927573039520169
2.2326554867946014
1.00266227553352
4.966466765157885
0.9033567031788213
1.2753257446722233
1.305930156980332
1.3902067479487021
0.6012166463945757
0.12118805960551259
0.2556018618871598
2.4151571810002532
