56.04391316262088
45.91819942608651
50.92960891935164
55.78717049908528
52.947213193173006
56.73670890158502
52.08878299807214
56.259116304786566
55.77226563364037
49.90731619336076
55.757357602972604
51.4038481978373
49.41384363668885
49.782189010975216
53.06450056457516
48.65778099311235
54.560696376472784
49.13494819461869
57.40050080146946
53.416169647233374
56.05036568295285
57.348848775684864
55.14962351278628
53.5979803966833
49.9621531769191
51.217934260224844
55.25691385375045
52.546760940214945
54.02608979053906
53.070943818934715
53.782716116936996
55.27370626734571
51.26765009171035
52.49132397384685
53.04086989222212
54.50612765979131
56.30490580421031
54.356574155696755
49.48439614807449
51.8380518279789
55.993361760258615
55.00817950250283
51.49229881592065
50.94713956112008
53.50884597504046
51.68962863191134
52.92306845542576
50.52244485258349
51.5400664872946
53.84820590945214
54.705631998035784
53.38774869776968
52.55445924144253
52.47510364141244
52.29858058955965
51.40542483860627
51.860632440073076
54.23651454091137
54.25473319937209
52.801602732828826
52.71021477941676
55.35701695556024
51.83484538222644
51.24698035130057
54.2874756532186
54.63271704681944
51.82584527623067
53.044625689388894
57.19339467625314
56.35273262399819
54.71018412911676
53.97726748072576
54.274000714513214
51.91266637402165
52.04660654023627
54.50942756724714
49.3092593061112
57.590334239966126
50.18887663199322
57.57402194180771
50.72333176835326
49.5086079846552
52.870862746431115
50.6861285326474
50.9364033804582
52.19278627799139
50.27846756785923
50.16842106050879
54.34321164672781
55.24510358808781
57.49184065246222
52.96619472957335
54.7937098886621
48.72798911234669
51.554036414957295
52.07713900745263
50.25344477796202
50.33117299354017
55.01777573150176
48.32597726043928
