25.51985590291023
28.24461773906842
25.030137258692573
19.25836388510343
18.92401748236811
34.61244544002251
41.68578114368327
17.172747193943625
15.060618464946028
15.077938558438152
25.413682855000147
28.368116401970116
38.33603000582282
41.87830644329429
33.34252080454222
30.933482631112383
34.49227978001825
40.882634445612446
44.36912918691777
36.83700162643482
19.276557374441875
39.52365570758454
19.840279960238327
37.81117336704648
32.60342377893184
32.93846201699793
19.354548225987852
31.277763394525678
41.0912207901771
36.72973812945181
22.507550262044447
17.21730719275142
42.33820210990184
18.494477097192153
37.09478884582379
28.600236178952507
22.937255957887594
30.772404585362484
25.176569927361818
24.32763732704386
22.000937080772204
21.176488344297834
33.778282233090565
29.978727922003635
16.32134656394107
36.186207699692446
31.975067645062843
31.79563570261114
15.426842017778728
22.102405854105392
35.0724715598938
19.984594890077723
19.45024923274827
39.06083661548605
33.24850116129409
16.400962384948805
20.23061399306299
16.550452517816463
17.335630395020907
20.152607811371958
31.871569573476123
24.969734694095816
14.92653479251241
13.971712681129029
21.00595305445784
28.95439406124335
44.49564618316221
42.6270353505916
29.098181576212546
19.066078434949716
36.311816723155935
22.10664463172275
13.705625883861108
17.6351149349735
43.90882505437267
28.213416073215228
25.947013823774142
20.719721022390868
36.37113389029932
30.67654175226296
31.988212346374482
13.829915778526292
13.713869348867771
38.671896519432856
41.11522668664834
17.088377175005764
23.603449004622213
19.462870934515713
18.56565126145891
20.325642863367307
22.527868172803274
44.66051349456919
34.3559561880337
26.351158959134757
24.74815352811484
27.717429222114298
22.898007452260487
40.91134886103207
40.87344404171246
26.11158455353148
