0.8840632972595209
1.8297507102198236
-0.20114900473776648
-0.9314761542046771
-2.394915612490638
-2.9839765418268005
-2.0348618138510886
-2.667140005409779
-1.3287124249600057
-0.7507645276754061
-0.4295334466208426
0.17694074540194915
1.255858686551162
0.7784723888919105
2.3248800397468568
0.6253910915817935
-0.20221684972786746
-1.0466984312389285
-2.0284661345930055
-2.4435033652217757
-2.591809683342711
-2.3607852414528674
-1.8429641748515717
-1.0038007872437316
-0.22114046676519167
1.4044827464560339
0.6825323148113934
2.6463750868492872
1.645275170923309
2.417298849460534
1.308567332066426
0.9328581941898739
-0.28287172511347436
-1.5221153907193892
-0.8981955496048925
-1.3434060835743349
-1.3600158003530562
-0.9287283932998855
-0.7537160840634027
-0.47222386321740434
0.7576774148954726
2.0788055726821337
1.8756564110958522
2.99204169759643
3.2650339242051807
1.5359205839831058
2.6545016962675057
-0.5658821829720224
-0.3827086800517183
-1.960661107214233
-2.923813045796572
-3.932056393168569
-2.151695758039881
-2.2209496605632104
-1.3224444000064262
0.6358889997054957
1.7922927403107294
0.7435603336767356
2.8781741125189177
2.9889791612475034
1.6071641622196695
2.0423692177438064
1.7191900899920152
-0.5592421277955184
