6.343920429148216
0.6014205226236642
-0.4296205020103092
-6.9945261098525116
-16.544069364886177
-4.80842044819857
8.915544007740737
17.39603657956323
20.2179052872171
-2.1557563880021657
0.950083071029244
12.975122173357784
21.960280458772903
23.48745512984354
11.824426737034736
6.907054468058786
11.257413824595503
12.63382431836136
21.287522275663992
27.393486040470616
19.597784582214306
12.062115517097554
22.863286736122983
24.256278848410464
33.972270886981356
22.347121572159804
15.881706160584677
16.16864303771377
40.83760455991689
34.059694693078725
20.92676371731719
30.835339306442243
24.465303375663968
23.696775405102223
41.83940236217719
42.39792986705511
40.207747687310516
29.715540977182567
31.934203314050805
22.1616635034779
24.474565392638535
44.786769936302434
40.03440079328262
37.18519623133345
40.2170444626088
39.24355307324108
33.17129903649116
49.66130131217268
40.012963206221485
51.04452863758578
42.520545274408754
48.22659719336215
62.19196460577963
65.69126801245758
48.436037819394016
48.09262536883878
64.78653422678228
44.52731945920972
57.84529617947046
43.013629077209565
55.116815783873776
52.742033220619625
43.75860931947905
52.51997172981235
