43.25131928397893
53.94770179823708
52.83919589570365
44.23752455945062
62.660691869597734
49.84977912732017
53.4257016756764
52.049185868110214
61.58774739344974
48.94124395485929
43.398617326928104
35.6444060210396
41.60004148437327
49.91499084008853
48.06287671852539
44.06774604277907
51.0004987636165
57.82241266184619
59.441721605174536
51.721940873405245
53.672809588505785
56.454031576279746
52.30941718789497
49.075527549115385
43.45613057089995
35.911927511976934
46.56119948674083
36.78063045459808
54.03256349688554
49.27950421505032
42.65204893970691
53.01326578674301
57.23457897832921
40.13213631984644
44.25525703106029
39.22242247061078
47.162274650043294
64.35022861122613
52.25362857465618
44.67768133598929
57.44914741059842
42.71084265418176
43.722410683005506
40.499372253415764
44.82524070211459
65.24991434437067
44.06234588021964
52.831092478423436
44.75017707375736
55.004659782317376
48.97055756312193
42.33205632001126
50.73135881142761
50.01953798287577
53.80822369220482
32.990208149463584
41.725521884683445
59.02173806003499
47.82316200131689
43.06012527596566
51.20794338985365
38.0527068619335
49.914832175074956
43.48178953768367
39.074626152704624
48.89018548856668
49.92086627659765
55.7153691813973
48.815453244010875
50.519586807973106
47.75420470123207
48.009260970141874
41.68094271302518
53.09802143592736
47.24732498516911
46.46230903061567
55.482464065064164
52.82413746330003
45.76890635318738
53.172084965110116
54.45986053718157
46.425338957831165
47.182734874867414
65.48376180333966
46.679306997635734
56.56485544029544
51.97255377793471
42.3119312670346
60.68154218396339
44.444337343090424
41.80403304814088
39.449357184279464
51.59345539150671
46.818019480751154
44.334970981201224
55.7956830727185
52.3945693494392
57.70642811811858
45.96293906720234
58.97786381689755
