34.99562763953169
33.789292469904645
35.97551237530643
39.56671558618365
35.51704922884565
33.80380586901773
39.663903553477475
37.16366666552853
38.1461931134452
39.9621886935221
34.11817155274412
34.25446956035893
34.2115234717114
39.46074429527729
37.51464561412687
39.11903767825964
38.67264561583375
33.84606350025112
36.39454496599872
33.9729158414195
37.335666776483784
34.75440261389747
37.17124984989571
34.68067254590029
34.655890408442886
38.11189676562254
37.13499596487023
34.16561935148091
36.47569678064133
39.848381945930164
37.82612178624894
34.696149175285285
37.26197903127156
38.91569033278635
33.87723131235145
35.4290725863349
35.223330439165885
38.64862322476024
35.70677687666672
35.792918656393496
38.03765620744409
38.23076288259441
35.14365756744187
34.91423796676204
38.03469616282126
33.89544333813267
38.760960643140606
34.13633459991395
34.2696773909719
38.119129567356126
35.62028770038092
38.288352308463516
38.671522247439235
39.44597441571891
39.87017490327623
39.85187500479979
36.64754990985479
37.86746703713081
34.320047502156854
37.916000775515805
39.44836134802093
38.967023741523974
39.66110575777776
35.57021029353541
39.94937220187428
34.38902058848982
36.42852569408645
39.36314453435834
39.50741343718959
34.926556968338424
37.932933951315356
36.34501353658479
35.517814818073624
35.76257896446376
34.67520930022527
38.79563504704572
35.10563727979725
35.25412733859197
38.00789225496345
37.37371576094558
37.2835980220632
34.76679151461413
35.519514893700524
39.548212537134454
34.42204090500667
36.05382814839947
39.25310830693833
39.938423136765586
37.30443826309207
35.97584432985787
35.88669849995308
35.86295492727236
39.05129479937165
35.52061805173
37.156058936527906
37.128796206983004
34.85990709183877
34.461938551986336
39.89001893439552
38.853528166032724
