2.4386027274827153
-6.9561000614882715
13.131259642754177
-0.5155539056789813
6.454429274508026
19.707855742423487
5.873153530463995
-9.468263064617139
6.223479293846564
-11.14963032118159
0.8510395227399736
-8.736935919498888
5.842529467389876
-4.358542850398182
-7.041339786975909
8.897606941792619
11.75902912816996
8.587938216093745
-5.200195917862009
4.636639650615237
24.330935574409054
14.965845570060301
9.562412679321401
5.590936711266352
5.569344279505022
-12.474689501680041
-0.27113159864578495
0.8671518914709204
4.586939800298522
-11.268512904546323
-12.749462484270678
9.001188073434932
