2.8468484792680555
9.878198281708679
0.029201985347732825
0.7527750392701085
6.688855906449826
6.31816492429576
4.8825460517548365
1.106413959663501
5.749548140868041
4.428309088320148
0.7009479545559468
4.268785179826732
5.612983070773234
13.225222492534389
4.689047809673294
3.5991672902072422
9.679628011461629
0.6519980788468757
5.820339544346042
1.3506585156266189
0.13876630873932172
1.4658852535394138
13.659164412820603
4.805899151827532
0.12357349013357587
8.184782622158494
0.3323113644856878
6.250431172088761
6.314829756370768
8.1754298607334
2.5349978461229212
1.154197233924771
