2.877633578947684
2.767380559130478
-1.0340336791284033
-4.145803334398364
-2.4067402429163725
2.8831637652580446
2.8668987537181816
6.42298998535948
3.8370797786821487
-4.864747667033253
-8.167246567432546
14.450716243104125
-3.251620810344212
-1.4323517665794308
13.989913492629146
9.95132195993136
-0.9821238438240414
7.422570020304677
-12.775769821936052
1.9579293519965764
5.492474575291228
5.025924752561179
4.20579449140764
5.290537391866849
6.736399629427025
-8.391653494979185
8.868876196104235
12.855849159400082
6.650314995555602
14.400114943123462
8.977390530104298
11.129063134697592
22.613501247464605
0.38406480973720214
10.489291128099381
8.572043012334387
10.710742220794096
5.700410762639649
17.630944910305125
0.8241827430063058
-2.287159578238164
3.9007191579788096
9.120894447002279
2.502016908767625
12.464070759571426
7.949769333904222
-2.386797101679636
-1.926563629616978
-0.991823174014896
6.529303479140582
-0.2746045096884471
6.89788883626247
-9.012276935328686
0.5301657895501477
2.6668807520798263
12.358357258442563
3.979410858854131
3.77060781317371
4.7017563311431
-1.799064748349462
-2.2948666318005992
9.11492038761132
1.225760879137765
13.261261153893097
-4.226078355365139
4.980904227665144
1.5420555044002984
5.385258471366678
-3.059778970437778
-3.2033263309185322
8.812672500633159
1.8823106002454706
0.2663795120573722
2.44783760464334
13.336346717586848
2.444535723263968
-1.3129429749661679
-4.285121510556056
-2.2462935539357076
3.3277342379173307
-1.1600483074359813
-1.5294895246568743
3.3846838550664002
6.065921639255875
9.380690049625612
4.501122308149969
1.7889135070716686
9.061795182970783
5.108830283723806
1.2020677931292671
-1.5794678308226082
2.1288546041625813
14.349804051707688
10.477057367670799
13.7840837515255
4.654147125294869
6.921308667385702
-2.9693922793625216
9.745193401163228
1.1607701192088644
15.787551365151785
3.763133208319636
5.726411569669485
-3.233736679838632
-8.036419342885152
7.45534185913554
-0.8207122752592566
-2.6478323134092907
6.988780636126979
0.9496604470469281
-2.440184004124686
0.17851012630189445
-2.5654691213366476
13.343369486567767
8.820085532884946
-5.664673068828822
12.614549595214955
-6.891481600565472
6.301505907993545
-3.4761908730145112
-4.576818567488079
5.823642796912102
6.786243221927975
3.6644497172571144
0.1314129947370306
9.309148285837884
3.409921491699655
11.189194303843422
