1.580644617430399
1.8170524102842274
1.8768347313970242
4.920800033522859
0.4920601848163144
0.6939618132372262
8.291533570743193
0.0963104992954032
1.154861150978124
3.9044973425112097
3.9662459243148116
2.6698172744236452
7.068061218009821
0.21743214422667945
0.4847484438864424
1.011713123330181
5.7887931573169
0.9935366193630247
2.555607772082121
1.8248248458085252
6.637902577996399
0.35168404933838887
4.0965798688323405
0.9095850521214373
1.8339615415207164
1.0966521049785094
14.697065186357428
4.7530523842967956
7.166525406669798
1.801387793570955
0.9560388705574255
6.294673764702302
0.5738359827953567
21.666828972435
1.2519614198149418
1.6724380616112
2.7859424558962633
1.4671863479306562
0.8637177009169821
2.7212626437745646
7.850968874217626
5.45003785667316
2.7428773018737824
0.8793701669741165
2.439413713344923
0.7220905544216194
0.8822127526823879
0.18567188152474276
6.547422359068811
9.56483814344006
6.040934931856973
4.305454042519622
22.184628810245638
3.6835559593280913
4.780868343218452
0.5356245071143909
5.462090344474893
0.28808660295242494
3.79953114292289
0.19604072563749866
10.646621191860458
1.2950125629132532
3.949616106469512
5.303261042459775
12.916330359231464
0.3264660681420479
2.4055842166069583
1.8800845906764558
6.662457409286708
0.2616307186386928
1.9747322488280588
0.3459838192370174
3.7335940986699323
1.0962535405346856
0.1826714050264648
4.522444838404674
7.943419606651626
1.1758413791825462
10.28903138200354
0.33064697802054915
1.2032019185696772
3.7496222328056823
0.5358318296071286
27.24492790161153
1.3077836445639144
10.330108704791597
1.348500847389579
1.6747821520237431
1.5536327194691957
2.1753356759678018
3.132924886600079
0.7883215030038876
4.274923058028139
8.269549896749782
4.642236500710114
0.558039363700442
17.45262676570488
3.508120550449282
2.649344251102021
0.28944230482432803
17.170515262426715
6.196889401780553
0.3399662983640486
1.0166059120083022
0.2128007033858783
0.2863382174508823
5.66821412098119
2.907708594300832
3.9826652043424775
1.5161328495178945
0.12337055589567973
5.231678977586831
3.723697180600931
0.4361163148618836
1.9046961974937748
11.998167558854709
5.976803824502893
5.928961988846743
7.444843521293299
4.976612962012675
0.3888630290857176
8.219522828166614
2.6343904566125205
2.8763578758520727
5.283138336253649
2.9595683140869014
0.2892245680437874
3.413677975051064
