56.854529206834755
53.21286183757693
49.257173439882806
56.09401208166893
53.97424267746263
54.956207007261874
59.77513626212836
58.07600168661619
56.98438144754953
53.526983081637795
47.81325227949375
53.56788745324449
46.44868469327471
55.63708832380412
54.217955515662446
51.001989864644194
52.103190615881914
54.20101280548305
55.07907256441378
49.31959313540578
56.66945167384586
57.13840745221313
50.497886132342366
56.15195756145726
53.095418581554114
53.043123574939756
58.36162114909921
55.30813478484243
50.72276979703379
58.61232818892604
49.23975671716529
55.99833145906002
59.03234449907512
57.57244994574844
58.57889479381574
54.34112868805678
54.25413356853837
56.36092544393654
51.117223652157335
55.43373653153636
57.28957770215042
54.281971893603924
51.64860907659107
56.07247206582068
58.812582525568075
54.60359031806406
56.72805024486182
59.099424088123705
54.20041776564612
56.16445541253735
47.47807254488563
57.989296698409284
60.46557658662362
57.83385476832162
58.78684220727382
57.20327373908756
59.596774552658076
52.64326095853999
53.14660828955608
54.710200156255695
55.53773349265074
52.473012236858395
55.555729459889704
49.96639293942108
52.50024517322039
54.89245949345337
54.80645057557009
50.09112165023811
64.90399183835706
51.75190730448323
51.52534756196619
53.354830550072634
54.65904961807068
58.57583557123864
56.994495870014724
55.9285344209934
60.20057470075434
58.138484032211714
57.03131596676883
52.65299290656241
56.983169700331885
54.070496123376905
51.06964792219928
52.68806951484527
58.44746541322108
50.56085828798032
58.477278504908426
55.377485280611666
55.37963889725079
58.385539384343936
56.0086413180939
51.57558263663685
54.2581873694296
53.033797276607494
57.8587007908982
52.76976434297413
50.76485305301453
46.943809524285356
56.40000607881708
55.616052907065296
