55.97223196501615
50.843442609713286
44.67303676946202
62.33186209474072
39.80758012876318
50.88764650429651
47.89014853557506
36.10596871307059
63.161310018652586
32.313074574721924
58.343400638442915
50.265184452425906
38.58065509171185
60.38524754041602
48.767040825063965
50.090858739778845
42.46180317270414
35.952406010563905
33.07959591844528
40.065648090643705
51.32869633556663
38.82205355590669
46.861330928279585
44.658309078140896
37.34681549676262
43.920959546230485
33.74408504849739
45.45177392813147
48.60665745548787
41.729720816897895
60.87459928173075
43.11171855563817
51.18383598953938
31.061639429211045
34.561951699035305
31.117875427808645
61.40940573833382
37.88595961562863
49.945855966954085
38.06906315063013
46.97443063257795
51.343945122567305
51.17867282001268
62.87663586411966
62.55541395551144
55.21532867589526
50.67669785800773
47.088886949521466
60.551419278989
36.493606500581365
49.05425039390299
53.873534675838506
46.23939207161089
55.69411644213777
62.03885456676558
57.940248196107746
53.14475041105889
48.67660503885952
38.399068529042296
32.7772087949113
62.0939196687133
61.03892696996404
58.69922668785556
54.62997688922899
31.681180295236636
45.80036347824759
46.63108280194675
43.103752642028795
41.81018489360318
43.591013113012636
56.00323841956734
33.72997730475004
53.09490628431161
42.40036027625783
60.252743594796684
40.237734423137226
55.72847627187339
58.4921772496174
54.06920369336325
36.921604469172706
55.16265652536645
60.07084119095367
56.23659918815183
38.07863356573448
55.286988946535345
62.28209964335145
46.6956666087293
42.170591548054865
47.60725114296659
32.896864246848025
36.856204900217385
58.61911102336488
62.9059027006647
33.862283395106864
31.289561017322267
41.96032567383949
47.13991508897152
31.71484630439517
53.673638700956595
47.58324472302982
