42.478812511080065
42.34522231933931
28.62932010399254
30.079936420144158
39.77163070715901
29.466164723033362
39.43022609636862
30.184748438534413
43.149080124764296
6.661322139275011
25.13145396880073
32.15869799385918
29.83993536152236
33.947534387258834
26.527878181233167
31.41610394202004
31.363662042747343
26.516599203194296
28.795017703851027
48.697506064983585
2.9867435789203824
23.976871766771687
27.17405031551777
24.405323114417808
19.513863167910273
31.802079336742455
48.733386540514914
39.13881215946392
36.647770040991276
23.996139188690165
23.487723926901275
13.725118202205458
31.38425696247499
41.12066388536336
32.385377573931805
34.66920865498776
37.62813890487379
35.77000183043034
41.31111393127082
28.983764044143108
24.808696050549095
36.248975899238715
38.755739847434796
41.95084164535498
16.770758212412844
38.36171116581254
20.94640713276712
29.682862058627794
20.661956709014454
43.25383377163816
37.14670905752298
55.234322616780716
35.43504774884246
42.810887458297124
32.05891246614386
16.59412897017516
44.66248043595145
21.156653547833585
39.43843978684878
24.917897631854366
23.033564860315593
47.14433940413655
25.31054207623018
24.67637757118664
47.661601954316524
29.921973580148773
31.009035424610182
53.79561785206275
45.68458146423461
36.385502950088835
37.131263543702
23.469238994420387
41.853560097414395
35.82260321712453
32.377314641786406
41.46787385696322
15.85654843765396
53.56565381024504
45.84873146452152
23.97419998148926
32.97857835464872
17.376529173297534
22.49834391237659
32.259343673903544
46.484451631914794
25.50509595063401
24.921891514712275
50.28182076445489
40.990965462041125
29.08427279964338
34.46381896770065
25.58249153641914
24.122997882742883
31.330981785559388
36.6742831408928
51.92831741500645
17.20753845337172
35.544836630564085
36.77719232214711
44.47801964650268
