75.42120584710676
62.832880904314486
71.86126995636869
64.73591019978478
67.58331206249488
68.172878332545
72.530786650671
74.09528086260097
62.7823636501532
65.51535884369001
63.50059741830293
71.2065137079195
72.15398587673653
62.022564234815775
74.90012843211716
65.85758080037722
69.61367553971012
62.68618132222867
73.99226103185292
69.25318644890928
69.93791434635715
75.61261234810239
74.77698579173054
72.20395388469908
64.67695527123149
73.99476654957728
63.716995391341264
63.70047999263987
73.9149231702037
74.07878079396863
64.57560657760648
74.20660920168167
63.860103078310594
68.63203113286968
65.1472147955743
65.27555201640429
64.82314051966384
71.83799073373994
73.15178957256933
62.93613929349367
70.02011606407923
69.33562621780855
68.79365064839462
67.43919510251376
73.77462228373668
75.55543127777729
75.40319190673823
63.921428605826456
74.95382256902806
69.19271572582382
62.83704529749894
70.88834193217568
70.05734643940607
74.13056178446395
73.65830341120244
61.79596732055917
67.56506356298166
75.4581045109455
74.1601783285128
63.83578708187154
66.29050815205748
62.615186568043704
66.58289412072568
67.0682843001952
64.0493622875708
68.17463599464207
74.43134172784332
63.41752627668816
74.85632907915638
71.58143812894832
75.35226439921999
73.30967600405715
64.92549248557572
64.96039243822695
71.08551132780515
75.15346885882222
64.3833227233147
64.03604192202339
63.772119434275695
71.40205625677486
67.92248328229437
67.96246783085567
63.421962947965596
62.41064745958904
63.57946530400852
66.28458126887811
71.28758404058225
68.29952383755179
63.39581494694499
66.29802140206331
62.89647475948322
74.34745373976416
74.94397907692937
64.48662154531713
74.24893083591678
75.11850045058515
70.34894621170238
62.62498794506544
72.54335017491816
75.57053498902796
