10.559683730618369
5.559357726978921
2.777660741280619
12.616967584188803
-0.3668462637910981
2.1212861976866533
10.427827039683255
8.933077525125013
-2.1738329061877764
7.778457731162772
8.089859782874484
-5.963472715040885
7.02884680687371
10.90355026249956
3.1139977475742997
15.68220248594749
10.102936394762644
-13.771428944233907
-3.46739476557398
16.27199729164854
5.3199128750049205
6.003724533773873
16.160370377717587
5.200612539521304
-3.1616116937780365
-2.294320456635395
-3.281085579321978
2.2699560542404074
13.135763513915096
14.863475980426458
12.177026987456781
24.765855061705864
