0.023610802311674815
2.661577305478796
4.38229278771065
6.546673837863697
1.4874650259341016
8.82270326639425
1.2412035588317571
1.0957681402050927
0.24776593978524158
9.537100189683684
6.054269623195404
5.861810444370566
6.805664909739268
1.1976703615629465
1.8586198561209095
0.18288898911013632
8.10453322572369
1.6701871866408926
0.46373780381569285
3.312044897766253
0.5271668084149971
1.9715282626950084
5.299032930949774
1.6218743154241582
3.6787187765011073
3.9759393526568507
4.42293347800334
8.180457165079478
3.1766716295747077
0.49477391495652445
3.684867699241215
7.203432224052794
