2.437797966303946
1.4041875701634767
8.184853540756187
-13.35224708033607
6.6860418980073835
2.7065495390569327
5.236126107857338
6.618494618145023
4.290105645466835
-0.3908808738470668
-4.016879356602811
-0.5540995060101324
4.8088236534226265
2.890952478007005
1.4523705743433086
5.707475932505211
7.7338212656737895
2.1653229609082327
-9.25911069223155
4.551924681458649
-3.185033123225919
3.9497517570858767
1.3272288881508083
6.363338905887739
6.757667106846214
6.960046784161159
10.998163055663927
8.081294505146287
7.82315151561993
-1.0772417835010666
-4.4119440752615375
8.408943758789803
14.07691169678151
2.1491567667861835
1.7532057923942181
9.695427581410247
1.698798638516085
11.00555813695589
10.641150433031058
9.451954776333656
0.00889970958545483
10.486051138286754
5.412550283818452
1.608974585520933
0.9570380931945817
-0.18011384238516825
3.920576373785259
7.935356835137378
0.6192074486608874
5.8187640362115385
1.6169132543933151
10.139170925603345
11.049043097554216
3.1815350947985386
2.406396621365543
-2.0010468166998763
4.808837349128815
-1.430255070994228
3.842112416602063
-4.1652241112195725
2.2685800111481687
6.645791641156652
4.920943640289421
-5.15457632768708
-5.5971705975537525
14.249728601180529
7.703791734506575
11.357841493140409
0.16530403379836622
8.513268274867112
-1.1252040775696823
0.647172986233373
3.1586415593986246
12.638707523891268
1.524206173553258
2.4616874830718007
-0.539938179232565
1.4375989527863888
2.6564738385559514
0.04397057308124097
4.711015654162635
4.340490010762507
6.44848045292577
-4.063751926475586
4.557958325610372
4.424993339191304
2.612050005372465
-3.8020961857308455
3.8452834746876383
9.89658015406264
2.4256633689182068
5.463320760940121
1.3461847486570275
-0.45160818647622847
5.2474275084020485
6.9814418039700055
11.156351489879906
1.8058306371283073
7.323382134424605
0.12675260148387846
0.6583056048196232
5.009694670544295
12.229965050801809
7.103776520225253
12.79067296837296
6.973187414474587
7.368028273510683
6.048674605843225
7.184522583716966
8.436366195658167
1.5060217077039977
2.6068262169576792
12.896939190459946
1.3279313691490158
5.848424739668246
-2.7418580018495327
9.21638545458572
1.5666292634656633
0.06628396014249915
0.06174925686327537
8.352732291417404
4.408224297375317
0.6614425772811172
2.355610801200852
10.734655725167308
11.046883026484103
5.012684302509106
3.8013908005854775
