5.396443671128871
2.5504114590642457
1.8882380617087382
6.320116108818219
0.5471749223587202
0.8108798352159543
0.07610805928089945
0.2821448414710691
1.8267585002922304
2.1380864517871503
0.47004258818649386
1.8940492853037678
5.562535774723797
0.9052279806182927
0.36603497904008425
0.5853975898539253
0.17706168856849214
0.015205041476669002
4.054794950942197
1.5702435368436836
3.2452240048031666
2.793985642232052
3.0392937251968934
1.5944955189814225
1.8396661251751893
2.7781276954253697
0.28532052627790677
3.454906590100281
3.086362297944986
1.188691022066176
0.06741611598436716
1.9482703821836178
0.4618406728356841
1.237670360130514
1.0929500376291321
3.6087224033704484
4.906076057860342
0.8153080249095945
2.4519289192282927
1.0079031108833303
2.479237828219213
0.4274959588948114
0.5346383486269964
1.7683771781375033
0.48405951871403496
0.6836869464509208
0.2169061198352767
3.886550655475024
1.5125991135457482
2.7654960792195804
1.7591540677104673
2.0805398001056687
1.8321921414177036
4.956704001560457
0.6694316752972522
2.0336899607129393
2.4684536343981236
3.169322709983122
1.312289082377531
3.759871712585308
0.044300750003590725
0.05330576543180651
1.3264770827510153
1.5558816307370489
0.16455399701869497
1.0844386295747341
0.4227060098550754
3.093860640132763
2.419474556056622
2.509948888715595
0.3141665887057156
0.30830097700203624
3.5524732109312085
0.7783055996432284
1.3851517855704898
0.889180185488623
1.2946478761605094
4.595731977959751
3.800956315181977
0.05081956963684323
4.031068479459679
0.2660195672632235
0.6536191633793387
0.880250522205395
1.0989383113207494
0.8496133059156312
2.236080277946178
0.6045608902375286
2.182975589199661
1.1748287915247717
0.9466414334287009
1.8907035027526102
1.7346011871848865
0.5150418720777147
0.2603641083519716
1.0964994438136442
1.7704816313632044
2.0851752172911233
2.234200527189066
0.8129469343289811
3.6155542487565393
0.12841572346250432
2.0223336825834983
1.7728996778512809
5.644974967959158
0.5419372365390712
0.4099599058054454
4.7140547305089795
4.769244069880365
1.744129385195499
7.009089521039071
1.9624318830254508
2.4843941145350317
0.3166246113102646
0.6044767011720031
1.822030268345715
0.7488369511097598
0.6359525629707619
0.5638764649860164
8.568714611303928
0.26427361705812363
0.020021274952010868
1.4429281079332241
1.8537119662253827
0.7590971954847267
1.495728039720379
0.1870387629884572
1.298792610400248
