35.74961889426031
36.0328840549541
40.50293961836571
37.57646761230764
42.54808439889776
41.17795184933152
33.13156704424064
35.48319282565053
33.14074996886263
36.83022871208701
39.09079855403466
29.472036030403405
37.33501054182592
37.34770547576147
34.862172611533246
35.77961609225311
36.88646471203506
29.88992999474628
35.78987670779369
33.322847086402945
25.580190189468908
44.99498757370095
42.00730577023282
36.37308084215757
41.2538415586148
34.835542703861314
24.4527655509796
36.4242138767922
45.07101162426817
34.18682594169639
33.90929525257833
35.56983804292039
30.211040084336933
28.28442791877095
27.971721373951898
42.302414408689195
32.181871059992766
31.867418222795845
28.203459680862053
30.673490184240265
39.03455400098437
34.48375243097339
34.78394070633077
35.361206899176445
34.96977837912764
30.457775957878464
29.42578708740691
29.69350921247487
43.81718208193955
36.34763692969321
25.090746744469495
35.836790338613135
33.99513882385644
26.924561532339602
23.636486063360397
33.184348969805534
34.01719056878075
34.02664229177037
36.762537451245805
34.39068954395764
35.98824521166089
32.45565709572127
38.96987629963415
28.000390728019077
31.900637559971443
38.615233706681245
34.77337233307444
24.343669420458156
38.35956897619216
37.89925496051212
35.7673105811776
35.29771154186634
33.57769400179513
27.958397055407474
38.603169048732276
32.40970338620252
32.80873368352312
35.87264500003306
40.255525715090535
30.312593657482736
35.774565250336735
29.93256335379647
34.75077728499373
35.54018423742185
34.56706911806937
29.810801027216947
36.69603668040524
31.794184763550636
26.637558057849194
34.78313414539903
39.30023775284118
37.52660575869892
36.02886478722679
35.402384901840605
32.82260621446521
30.000373485469574
35.06467526622849
29.779882285328064
38.34921155177082
37.53862794885358
