21.050559986992518
37.24586679669197
26.677974209105862
27.11458650717457
24.711787279308574
37.90425199691959
20.68117440197512
26.481729500630212
31.205249691174764
30.589715159718686
21.300987990296026
29.085581885749107
33.99652454677611
33.50541364014673
17.611073756183348
34.6364710757432
26.022001181859906
38.884808115847285
25.862563202580553
18.07229055951059
32.728013220580294
33.157749173566906
34.86028568015914
36.1677253066195
30.37658203626836
39.37121353337656
32.967829241624216
20.302380506107376
29.034696126767386
20.507108880109183
36.37827514270113
16.730706561066654
28.349572038681973
26.91884334701786
27.970356686724543
22.145145785851827
19.868951365268018
16.467430773034774
28.19513886639527
38.385950597485504
23.310497946136515
21.25322541525795
18.846087167949875
23.135871936472522
25.583502516314596
34.58514002899727
30.325487187228756
24.228158916272385
21.525542531737585
24.753278541063246
22.628446722758213
27.788906420037875
20.776080082759893
20.046533525305282
18.456948430295476
23.28145706951269
20.804555517580827
24.33595691108622
21.056021103641044
18.24786230049355
20.657439394491824
38.709255555541404
31.05261435441482
18.639693138865503
21.5864327118899
24.20940416062311
32.93259557502074
28.576346421426592
22.144686585184864
23.887329956642084
27.966920620197072
35.90287402601844
34.36087726107816
23.322453352622162
36.69975808809855
39.08257105372825
28.768098049742736
16.439049138798495
23.544342754321647
23.274106303134
32.01768474055461
31.490810429181515
38.92666798929454
35.396741767865436
17.252119138169867
38.105126730329985
33.361655333619304
30.975034036428113
27.55913164883649
18.89502409058286
30.027513531639112
17.131287545551587
17.213736183979336
34.97858882189393
30.787635423258575
37.504108738291045
19.731654172724493
17.095375480628675
18.600806520692124
26.557634982425753
