57.42281465270888
69.5373020279126
65.94004476599578
69.83549278428508
67.98110844926185
63.772621475828934
61.36394189364311
62.90892979997589
67.52689166511269
61.530203991074714
71.20262533268289
64.47567238653588
71.56026885462805
68.15968631614183
69.60679049770113
67.88237378782922
62.118738922516705
72.45754027568657
64.08976814158632
68.90777969537874
65.67120492297134
67.02208442255231
62.05891418450522
62.55071965466164
57.46257092061531
64.4882444930187
70.67529286446246
57.149927413115435
63.862822217397905
61.11636369700422
73.094663259107
67.96277044729281
66.39111044018543
72.3745145705899
63.29862277096654
67.54292842625806
80.62092086679381
62.95571791737303
76.19837695101211
75.95757989438322
64.0239011101581
55.28804008537053
63.72590040215858
74.03186927201254
75.22371669026202
67.44589006564756
63.30220001038764
60.191961593249054
65.9288969141465
69.69705723554304
68.74164011528806
65.7582206196796
58.802166118396975
65.90083692964528
60.277645543076034
77.1258528678452
68.21678852075028
68.66246522057025
69.27636912590181
67.42891536135697
72.10748506653692
71.25375700046969
71.50105935950454
72.11013087122458
62.823232163592685
73.21839525392191
63.1814032915191
64.32635457489792
62.41515243765096
64.65839891649138
60.42820476335263
64.66734343499881
63.034266462263325
64.88285435468312
64.2920533796026
69.88287604286064
70.87196817699001
63.24749931542548
54.231672801689946
68.61657707058839
62.33972555080054
72.16202294931601
54.67441067204148
70.75789806431078
57.96898252924076
61.791735574767614
64.35306147272709
67.14279045123449
59.96939506013408
75.26308718686595
65.97711968552011
62.43098356498448
71.41193866763095
67.32430464760482
72.7656764096102
67.81280049934131
69.24020659227789
69.49629110977607
76.76837455422118
68.02747359335034
