36.5937947065061
34.73219785040545
34.929287131321026
31.738907516952096
31.167555285696366
35.66767717213842
30.232139497051538
30.285529171652158
30.958831541738718
31.574207360926035
33.51157057865747
35.116882688474846
31.94724946752027
34.12042910666505
32.55183539727613
32.826299639840926
32.81058961757287
32.58725504481833
30.23181495176733
35.93008095084531
34.30332999788728
34.76457785606687
32.388802224263955
35.927989235476424
34.32713629106878
32.75042589684672
34.63860095421839
37.22796051185702
34.6388679020431
34.29107030948618
30.71307000151125
37.0396398168581
36.39212643649549
36.18074272986658
31.68224743795894
30.64805747836248
34.77616220331056
31.092440264579324
36.54069709029282
29.97967994619218
32.09800225894665
35.65521808263326
31.05715684909629
31.992941310567033
32.34509243094721
30.521209548617787
34.29999730468444
32.11338676137705
36.59413836064326
35.612764094054626
30.840745016892754
33.64102214498436
33.954365901686735
33.44869637152305
32.069400903693676
33.273273683964696
29.961862058561916
31.381276631527758
35.02792020212996
36.16882696176727
31.19331584509643
36.73773654112888
30.03622376166106
36.98012078912823
32.87369699740451
30.563032406624814
33.28932782249049
35.72696607446146
35.21959134268345
32.83050724602788
31.633648136060035
32.909675888197384
30.020669275560618
34.023419899484296
36.2510997645061
35.01241156466437
29.739809747352613
33.938350090593445
34.58803709615343
32.663082800712175
31.404258990028996
36.00234255516712
35.5365768741076
32.53738851333598
35.051343939375265
32.13106571617877
32.17706407066829
34.94153475475391
32.01967793578028
30.005227413086466
34.05078523212889
34.904249417592524
33.61442718133495
35.90018505281291
34.04819516736258
33.750459242087125
32.59979138072331
35.899865950453794
31.16798770365432
36.723524328352426
