-9.946256207347123
-2.533139775897002
-9.335239855959841
-13.815466482952074
-9.22719178146663
-7.804646071752912
-6.6054007457760235
-18.23043434203649
-9.34515630998847
-8.59169166419506
-9.669308708455883
-3.595498273308392
-8.048806246416563
-14.43306314091651
-8.2804665227502
-13.443720883986575
-5.156004642185062
-8.092376418193
-9.683280725787485
-9.391219008241318
-6.701006242838524
-9.437522203470637
-7.718824740287896
-10.906772111326678
-17.316932014059635
-10.60353579858584
-8.21113477049264
-17.972796634785823
-7.046542366206983
-9.479379126034289
-10.606235975590945
-4.928683537665852
