4.946493285313408
0.06463627311012206
4.465878020619205
0.8543786837210747
0.33752707078766664
4.998483151747581
1.4873997612983312
4.845221322779132
0.4703369019265481
3.9726940251997465
0.717098109577982
4.123355276409671
1.7353658665829077
0.060366461637404674
1.6496235670880997
2.265137584282413
1.0541131265998636
4.949006404574983
0.623255224920571
10.593185750513516
0.01807173207038835
0.11146341477166412
9.916536343683173
3.9650713883756765
1.5188795180469463
2.4267000125041394
3.7193241089108295
0.4051627557240319
2.0815280959122515
0.604724514088249
1.6244243423687434
0.40350907468869895
