-2.3550330972183176
-17.609041150973113
9.553005129897787
-10.422417328247409
-1.2205039709854464
7.223767986678172
-0.8295958984565819
-12.4218562523776
1.5919654808590724
-3.1688916091717445
6.478695264956466
1.1055587281508998
-0.9008895954690879
14.53030485408301
-9.734763385767069
-1.739502327766664
-11.310985064899095
12.244602529703846
1.6163403478308693
-12.042247830302275
3.9944685120928685
-7.950542643785708
4.631697297300929
-7.072757560707544
-6.285836332485657
1.801335524002408
-11.924413862096205
-2.0763314293148825
-17.007187742874084
-3.5835969677145383
1.1178748725363845
-7.660413871500054
2.4601655058740053
1.5508794510589288
3.8890885521686256
7.981251967542385
5.851862559661771
11.226319892068803
-9.543540534799401
-7.4146815863331135
-16.88170296129605
-11.010319365795306
-1.605924876188514
1.7238750084891434
-1.410823202989678
-5.0728895230810185
-21.600825208384663
-0.8959116319928262
20.70934217404228
-11.225069993440474
6.487919958886135
-15.788149739496424
-0.4636547205945597
3.8037431846886727
9.696974611074628
-6.542959059302074
2.1101328876524046
-9.756505316217337
6.6583645870743355
5.514878638169604
7.988585702790644
7.967551136149326
4.396736391181667
4.325104730261741
2.8875263617418123
-14.313989177682501
-1.0380281651881016
-9.291279437592765
2.3546029805708244
3.1717278187085083
0.9653321974310992
5.180417687683523
-3.287711956730444
2.551500455670272
-10.036671459618907
13.157970173829206
2.4027960985777264
10.358627360987958
-14.109335860520163
1.1960204037050404
-4.703641518296866
-5.575338445525244
0.011409761645909913
4.734119053971754
-5.81752053454051
-2.8544714524007078
7.200304364220301
2.293053073944939
16.900582869332457
0.20432627163648104
-7.135543448163365
-1.5040738802963964
9.283130254420847
-5.084974850636699
3.7456728066615854
5.019186282626642
-4.180263227070951
-14.451611968512033
12.854120296654543
-5.775222510881496
10.676796218045695
-4.80130409920088
-0.7654073187448334
8.658719452329484
-1.2233693755452741
2.109166443237092
1.1666317528810324
-0.056803662279122924
-7.992135159703324
-3.504544190803805
5.900779094203608
-1.7895406021913747
10.305094989944735
11.616105578824223
-17.21168397021651
12.520733333553986
-10.83430030829431
4.565416480627336
-0.7336612586299124
9.13399180592763
3.2635601433399066
6.147632720963998
-2.052483603910465
7.886453570214186
14.215541761249122
-4.572340901680715
-3.235846252671735
-4.934012138983709
