3.77196363311965
0.7317806987162689
0.8809933399345398
3.605063991220934
3.011081312045292
2.8419695277453174
1.0967843699749384
4.154793861898373
2.9382183661670855
5.942245531092716
2.3893873280218125
0.06779990702753862
0.040606078078063254
0.8400218914866903
4.802757671400335
2.2036610934873897
0.45775833517962017
0.38180880654973615
0.06789049543427278
0.16008138412814577
3.1534013953929714
0.2227533278573286
0.27138807071664495
1.060916077301631
0.01363098059699035
0.8441705592526858
0.5334071230983809
0.33456529989911593
1.6002856465920778
1.0714965211649616
1.6645940069066842
0.01784500180050536
4.974143502633441
0.029600865579491025
2.0005457770277486
0.4971999240352872
1.2990100346725104
0.3013596078483293
1.0056019070463094
1.1642571702100177
0.6411639023844838
0.11783963863086974
1.5823050912361758
0.7039366959041383
0.005034518258390853
2.64986433201118
0.7217570860448667
0.07358585521917403
0.9983171763252395
2.3181664832946693
1.7380376689393402
1.4321212734799484
1.2489549577986592
0.34599205147394646
2.3559249164617637
1.1080850270096565
0.2576171363423926
0.126579996076933
0.9665812105887233
0.7000884889533174
0.742897440591964
0.9833708085731763
0.41359640883381454
0.48608692662154296
2.4717590578068904
4.588325742077379
0.35289086155886135
2.087851906919793
2.351143063114711
0.00033118991100424867
0.5192587077786166
1.2429124359719266
3.560865854978778
1.2433361749755996
0.2630792201098686
2.3972162043445624
2.475126539346235
0.43470162757505365
0.12004670962574446
0.5575310455752011
0.19872249209814524
0.09016520747120293
0.8968440495377045
0.45181575923424744
0.5408046158651688
0.6037453799275271
1.373366357592202
0.7469244116462339
0.1476992730121707
0.9440773378418534
0.7620727823593099
0.0347468993022007
5.616384859287223
1.6111823942661776
0.1832119795277222
0.6472871963125715
0.21250910601896988
0.7344352054375537
1.6928400487290087
3.47972635945578
2.346869866154501
0.12561727836977224
1.7478620521550516
0.07378784548941844
0.11303553667396635
0.5944095533021787
1.018332717601553
0.413467879769105
0.03314080854923008
3.421785777218813
1.8257007852589173
1.5532383787141857
0.608307668763618
0.8912612782533567
0.34927984677626817
3.7654766237352537
1.6775773041006588
0.5513499473178916
1.3846115412885025
2.4098482779013763
1.2092646296849159
0.4669998413605313
1.068103877761884
1.210909030853239
0.19497745297945118
1.9402782175674647
0.5768761623882499
0.16724662187691852
