44.97919696593157
48.63956120527961
47.03821004955789
38.26720410995939
50.28444897544371
41.072828384184724
46.032868116769656
43.95393227714525
37.58490795799196
48.74323721746986
47.73696849100511
46.173840323888044
38.05913749769981
38.76151570570782
42.55469943999613
43.11516108907416
44.577312041333506
49.463126478494516
42.279160017856974
49.101617924080415
33.426600419936975
44.651240159485695
47.935399025497055
47.84540265782998
51.02480531385961
44.97997240014399
43.61301716679036
36.92525884811966
40.4985938427709
47.87388145220916
51.97025044321231
43.121921640204185
44.64424136417545
42.478130975769396
44.0811610726936
40.60647943238464
36.45079284047618
44.282832151288446
41.15421653079008
40.32106957666671
42.12898444356983
48.075056943139224
42.600551583286595
39.68839195064592
40.11773619820495
47.552129462795904
44.61783107956253
40.12281350346598
42.382256713595304
41.572929365280686
46.1689148284581
44.46252098809873
37.55759709345574
42.51082738853435
47.98052554285149
44.79774635126033
40.74024822922354
41.328683298627816
49.08652530997975
44.38619625423188
47.143194739056725
51.54984458878956
43.61557878311838
51.42836174350013
39.16083090276442
43.9067465374999
43.580552284392674
45.869672033116146
45.839825079458336
34.91632973471284
46.964803678235754
42.96764620557653
50.07090807045954
51.20830649362757
43.050126620482885
46.02400367306108
42.497212982776055
41.735193932915514
43.390352258076874
37.97079268359308
44.00604756491018
45.28695573748839
43.54627530959723
37.70186670702853
50.930214781449436
49.906873882949405
40.205393228114715
39.52887912826822
45.378358217084966
40.96535887989369
46.19504110630432
42.01879305235439
39.788405460367734
39.738484752498614
43.42236706734824
39.13101455234888
49.08560694562862
45.487769992718896
50.46444583034419
46.04689552244211
