34.34966660359005
47.24091553713035
51.74692689263928
46.069289459148294
31.806502517954012
44.43469157754734
31.067827879242216
27.718196769297386
39.25308631764725
42.21322059448803
36.687683636199495
28.742599173215645
50.418855087298404
29.432985020916927
44.6180892656501
52.81125044474928
50.81991528461831
46.841471339087335
47.25328342534519
35.102368866022736
41.743558040678266
54.50778814348811
35.04357532291384
28.240819475692845
38.13498511956564
39.25132953077323
31.546682307208368
35.713492038467365
42.68242928270724
38.07120873830122
30.601176487636376
35.2105231777743
54.5623273703511
45.102020990950294
35.17084539643227
51.30120781564139
48.32827188068838
42.86326305232952
53.74897534200328
40.76834629946821
29.00745185553329
51.00484312698871
28.635600089232316
54.706821682981385
48.69552194732624
37.14548801123932
47.70368117253831
34.30739242984552
32.00657527081933
41.323032543086086
54.437298910981916
48.8873308265466
34.06260508135001
54.15524413121309
51.748131003038296
36.83093431951141
47.52412452768178
28.000754504077168
36.934019082528415
39.26515676858925
30.60992972259907
39.392386087009285
48.51214462230128
54.44108894244427
32.474121400882915
28.779958146761356
34.75376157795357
41.221250261671514
46.425583557391015
50.154706625997285
29.78222089779685
46.69275022176049
45.49649274746757
48.44967567495374
36.04760651830162
54.597394080705996
49.11855807592114
44.815434711228534
37.829277441725985
53.73757901718035
40.152270153086285
44.71171415263394
36.83345086036622
28.35473192993018
41.523995528777476
46.06287286842287
42.47994655360349
37.886622403370026
43.31584217605714
51.341298401031224
29.102513482233608
46.511195198841726
34.4404288379873
45.86120772288581
49.37042668573122
49.39521901020048
52.95703709044702
42.38203046646005
30.750771798926245
49.917928184072615
