49.663203390751555
59.07562458476584
69.91830913602388
41.074087535948884
62.619001816094766
58.52279045263423
38.298418689502626
54.43410307120214
45.79673484352339
53.21493627812191
54.65979470516579
72.87512080946931
53.62146512054636
49.351196452717915
69.52326860436506
46.05707868636961
46.40257093303913
42.54310706352969
47.452845732499256
66.4364133399904
68.10232789405863
38.932556693304505
56.685287284168574
57.2728329935452
65.23739911417545
55.76049249370302
62.37824957584008
37.143459194482276
64.4509187990504
55.12891304900861
64.43484412661827
52.45395156766824
68.0391727489729
62.27802938910541
70.67973086116847
74.60915457239639
49.364941142840564
65.4336463093561
45.24186314522113
39.05305203380237
53.59328646751119
74.69383340527278
47.64350794959991
59.248482378705255
57.31209193512136
48.279332699988025
67.1217555584868
67.18853650034445
76.23573336597597
43.985125149936195
52.15728085845572
54.35108139430615
61.25067124777644
56.202690144274776
56.85677858409234
53.62157642295392
53.4236986760719
51.24399338403121
61.49705964493064
59.359055036777875
58.43883377354918
52.76792152582363
76.79453272732786
58.22523752757672
54.49334676849117
66.40095278022785
40.65602769204246
65.32163473700767
55.2653615350074
43.849955756380574
71.13038274941913
69.8899055374624
48.3093650808579
53.211508706579174
48.762577201385625
46.38133688752894
51.3490061117265
49.5332641036526
58.35853405958289
57.59315517105476
45.818588289774794
70.56826044197285
45.54669679081118
62.68509947951905
54.961435488039484
69.60411951522616
71.06067169670177
44.75850623436774
49.58699245105102
52.89340591572413
58.074723510140174
52.532761083904454
54.653125710502046
70.78834100227033
57.875403223070826
58.11090681562831
61.32601778696584
51.86136017852727
67.85092666655137
60.22455120789499
