31.68176864074362
40.08845096507542
37.21850703750424
30.413632079460747
26.547277818060998
26.33275525179683
34.680491246982456
27.605633252593307
40.35160333371246
32.143976363992365
29.93063951504197
34.00631637739123
40.25079947819872
30.678549368895
26.723988716128012
31.142479528695674
27.929286851170534
25.43177457761654
26.31447290441494
32.77594849013781
23.131139582269977
38.808345867115285
35.91056749614593
34.726150833448244
39.097536021133166
24.72734461758352
31.271235717490484
21.046948956569366
30.377302846634475
23.156505977278247
34.84709781550714
26.44321558609351
40.30131078590827
32.755539803807075
35.22598976369183
24.87924030659554
23.541912805278585
25.13903232325591
36.66863495854962
38.42613197518676
32.88579883808014
29.693729713362828
30.555844877033405
38.53138939056724
35.701837432068935
32.713104052416064
35.44853773418485
25.30517215617652
24.061897300903986
34.17374023872699
29.123142370879393
30.23339719313659
28.49548993930552
36.16555403224865
35.0520755013394
32.49893888337618
21.178683622975875
21.75307973832553
21.805165427875547
24.78761841928199
39.54837410188021
32.51312955622692
33.68862934155497
40.930472873680074
37.00561824742728
34.15550452145071
22.06473990089534
30.035247366607614
37.656343933002816
29.293581519452072
30.31630340063127
20.671091912877763
30.860583603848458
34.42983675984403
23.70549533324968
29.701775687275102
22.55022007792324
37.81139736502857
20.66946438480179
32.743483481110395
38.076055679871786
40.78961325737725
36.8491252502556
26.147358412296146
39.68154707549264
23.146648371701826
34.93706916205763
32.59291279588244
28.210463939859327
26.588223775608327
24.358952620928
24.465629340888835
32.52685890466988
39.54667724435029
25.99401087328436
25.965447641467048
32.259729263348746
20.9145581394741
39.13684135623401
21.927210803700675
