55.0888766483035
59.699999308399846
57.89732035792344
55.94366438654443
54.733266282315526
48.67032976149309
59.06493959521962
51.242812997615104
58.38144013651207
62.77482107753321
54.49461060590169
57.607388219340585
58.91926274329739
50.66331015219687
53.63277513081695
61.86300769131498
52.278331439385795
54.32743572398293
62.92347326371187
59.54308903719319
56.131156843275235
56.20594950460403
50.73698563042329
50.84464063104597
55.80033452135918
54.68433277238224
60.45338218451347
56.76416228683291
55.299663804943016
65.83191912151484
59.057571078671295
56.56960492573278
53.03312366017446
52.01423996636065
54.51363378968723
61.80488588210076
58.57418719671589
49.265809442019545
59.20397777520036
68.87458059427371
56.17797481315632
56.93987526025487
63.60271341400511
59.47426643395784
61.39823696347036
60.92459261404088
60.914722773956115
62.97678193151616
48.39768019975441
59.70882116467031
55.59243795055438
60.04154402812024
55.825442212021805
47.41037289718867
53.145309404889076
59.370901013839784
56.56439349768084
56.223815891874715
50.47612315539129
57.699263531115996
68.29452673945629
49.40109517333548
54.627776665934945
54.69868659875828
54.34278304343824
56.864642743740305
55.151861771615664
56.03132411631223
52.28588182699642
61.769529790307686
59.36791078124175
48.39977988932944
66.7347082124113
60.76752844030603
50.8715053246904
59.77420006080564
56.06569683737863
42.04214829199799
64.29221537150475
61.02691271802841
55.26380597343015
59.21960195877584
53.42641548503299
55.700854326967814
59.93306248106225
55.89777797411164
59.45291846109575
57.254616607649176
51.172599547112156
61.79180068684716
54.79151130066246
56.574597466948376
52.64333568892565
67.15525613475842
49.82623854917064
61.67054817775277
55.63413123769763
59.07056990442158
55.87152325573395
52.26699336811828
