65.95748741597335
61.72623683274608
63.578137040873656
58.175029297939986
62.27065347313074
52.41670057951938
54.462789260259626
56.48749123807745
59.074606637606784
52.871811140967736
53.99810119979731
55.92317111160961
57.92748920919896
61.43345168022887
55.80314448804265
57.97900321906524
56.183760810763985
56.73348872998295
60.72495532717251
58.04754474772412
55.19377337768185
52.89731919214499
57.84830721472765
63.85987623457787
61.287777398228684
60.39461207695716
60.128294086749406
61.633943691925055
65.12626195288605
66.28964508602597
66.25502464274113
53.98228718222651
53.80624624177551
56.227259039057856
59.53030364414924
55.7790235210627
60.13210676238557
62.40011957452707
52.976657214668236
59.58621479883079
59.20064299928305
55.69744390158271
53.46549103317266
57.80459010762428
57.28464889589683
64.80852524493392
57.56705103720708
64.57356166510706
60.20670779885808
58.23291842884001
57.58540493897949
59.774535998874484
53.786096615204734
62.01814383614351
65.81059449012831
59.73857270066809
62.66731302431718
64.61075309803567
56.312221690857896
64.6474893488899
66.28189700736388
65.81442251382833
52.928085943207044
61.81941971585839
61.52366420353303
56.192710538162956
58.747739343485904
56.07105282484375
65.61226044673421
58.24653286501922
57.59861437827229
60.75501530715336
59.83227467820976
57.59528408971007
61.604791812191024
57.98530257170008
62.92289507962167
59.47178538912364
61.08499080078208
57.5703410720355
63.82321850751586
65.00286192244529
60.31891674868159
59.46176870793741
59.91930638797567
52.98179260916008
52.912764165193074
63.600785364315854
56.782960305793345
63.35390279465179
58.4748905698909
65.69586029515283
63.98382830673614
61.647250120394794
63.42291923804699
53.63026846588195
66.86611877590478
54.509582001162435
54.19593505147825
65.1858617677104
