66.64489959136304
68.64980747890391
65.5144245159375
69.68500693995045
69.95214129329278
69.82386696917175
66.04056841027415
61.74692228488608
70.58884156112809
71.37419924108035
63.17970072565507
68.24610334395435
71.06717550185935
62.36835462994148
72.22537785271844
67.31572727830249
63.225125161305414
69.35301426668194
67.45830831614735
69.18355494780738
69.86632306113472
64.95341364590705
65.64657886402132
65.31597915177997
70.40081004811819
66.37992385850856
66.53716832034456
64.47045173046226
67.25857068419779
64.80916392991064
64.13441153058012
69.71662878469434
61.21449950483821
63.01173313455748
70.11401326395018
66.99558764559713
74.69693970035928
72.89487096978588
61.7251801909258
66.8931720529315
75.66244711481271
69.38559553585782
69.42083735443991
64.64063511265418
63.21255939210405
63.83939180218612
71.00795312114266
64.70224567611736
64.88324450804859
67.61061428468284
73.34144086949277
68.67508509888935
62.463423166811836
68.43544541295232
71.89569466984267
65.95042694519253
69.91837256738563
63.818650864293716
67.61338159729547
68.94721157882888
74.75942903036999
70.86013166913727
67.00372322834872
67.76219766281311
66.64183792111135
76.14015703241076
66.37679443982735
65.80978152707593
68.9121308492627
71.19880912512072
67.83945817011212
62.57522783200481
65.54018094561813
66.58645298402453
69.75971312603902
65.93986406002232
68.92854872020028
72.21545662467327
68.67456059973821
72.74068138198109
69.68519211900971
73.00073014777752
65.4398736199255
69.06883741306676
72.16574557906976
67.41534965113382
67.6480851265618
69.96300419670399
75.85690302174099
70.25665143125934
62.1004214233925
75.94466810347507
68.24144144161517
70.64599945831773
72.01513293067438
64.20486459258561
66.57442827503334
68.60548587744739
60.11329631792714
68.68048676945702
