59.962795775509505
33.24298847661433
54.09361371318824
58.217771865178314
37.33045771299237
44.89549598704102
39.644570457430255
44.84264816827235
32.2885703662138
39.512965268348694
55.90338067759024
35.721125246204714
60.506257350382526
35.86573411140674
46.93230492465679
35.82833066045804
58.583959291867444
39.87585575582395
50.83384292339031
30.20279981704536
57.29362198751714
62.25986526434332
61.89077470722813
53.57430170444326
42.95150444633801
29.72170939231713
63.15478517035886
59.228495181788006
61.75540687371637
28.82634689598693
44.31745957032421
56.03804613689413
41.47099611311353
49.910109446348926
49.3420395342062
51.23535362392083
37.77114004656481
38.95518023521022
43.68513677323709
60.670723813665546
36.12994435375874
32.76225622953834
32.6437846260433
32.4772156228328
30.106052835056907
44.73987985412827
49.70028970561498
41.84228271801868
29.83848191907376
56.19254287617942
56.00249367526782
43.45520296501559
32.48181372795775
53.25841495252217
54.798500282921395
57.753991289010756
53.578206804909186
43.6145719666269
60.8357711768347
53.533164058415
53.65725287308169
57.96706436530563
59.93537748028376
38.88269558387192
29.335585575712233
49.198087344768105
60.98871390503916
46.22074622535693
44.38245505744061
31.19055539733666
46.80916979025173
33.06162423561528
30.082056599080452
28.751234929302296
30.638343549851694
61.33479714208684
36.93746438729175
55.397653913331226
60.870842379885175
35.23601808606631
36.48272752849813
50.8993348913527
50.985600438475444
47.35215938231737
49.48111580974895
61.653480414383736
32.50408482309393
47.12477650797177
48.58716565689298
31.086229386373994
60.27644734930587
36.97471337157491
62.31962848133753
59.214332351826386
29.030996323068713
31.307504765887245
42.699284006228766
48.87737248344364
61.45366114195595
40.023784731539436
