49.43455855453904
48.06246352803251
52.14117439489501
52.75650020774921
47.38201952322859
45.4919552284194
51.290908812473376
46.4569023909985
49.60783537578737
50.21052166292507
52.15816607022507
47.05509315936475
46.38104732560699
50.19451629674511
49.15883523878657
50.252547897822005
50.125192386915494
49.00071289997285
49.00934021425634
53.68073548705004
49.238919047099124
47.123634992821174
45.924035473701494
52.96654885403724
51.708395857979895
49.47911997547277
51.5006791658754
51.12974598749083
48.459320781994464
50.51590572833726
52.70284792763756
51.52218970950717
46.94185804770065
47.88967054961659
52.16593036032173
47.61585627512841
52.28546806973506
51.21318832249328
54.372884028159945
49.61934470796225
48.81509292028065
50.82793845434479
53.900681002379955
48.850829821173
48.906107431036695
46.527680144081344
53.92557120245901
51.74987287199618
51.06017652470189
50.75970999222789
50.41546639313639
54.799988997120465
50.82093793339751
52.31767729872485
47.338893399702734
52.236362747024835
53.489670271849356
50.54876205868947
49.569751781195116
52.49861213834018
52.6687570792971
48.669869241560775
55.374078840886
50.882783946745135
48.832803980909254
51.93628996637638
48.244468397063734
51.13514011235955
49.967120907336515
51.838304279340804
47.504646736241675
50.26026142616896
47.12430866448676
55.08581916996817
53.214923224142076
52.626665633051765
49.855041326767
49.522768893038894
53.94943624299543
55.62873031767931
48.5309563801029
54.50175303611503
50.355496758818504
46.927232932942864
53.689848262641725
45.69790761735168
48.42256655021636
51.52696122296668
46.93580982604412
51.919984712585226
47.9123022925737
53.16822734384215
46.299402681077005
48.78070123326339
49.319354370024904
51.69221721905295
51.55893003028661
53.10618526683904
50.12919859395113
52.44678330012207
