74.24365991676586
60.07387470522161
62.32149959674237
62.84119083537289
59.52114967858237
78.41317928828661
68.17809102907108
79.5227222130748
79.59347689910706
64.08853080018707
74.36724271801125
67.25216453841081
79.44553203914339
53.74159960356893
61.03039907423987
76.8300121662075
68.89897573527274
71.482006726597
78.54189310795407
68.73434645525991
72.0549887905342
70.44773355751288
57.7449857945773
68.497792911941
55.578943549347265
53.76366552905227
53.79433486104971
71.2694241878911
80.59112217176406
78.47485887261074
74.69771767188915
70.1631217794778
56.29928593120733
69.69442117688737
53.69084495783155
56.93624383559987
56.3487270305017
78.9167107166732
62.602701110123526
71.53821324589865
54.524212704933724
71.15826163344057
59.708195254123765
75.30581003206096
66.97505854316461
58.81094896945667
65.97674254033183
60.61166737717276
54.93725984819315
65.2674654573024
56.254715937979434
79.08210844634361
62.06533468008278
66.34919811296642
53.93404203166271
58.60348030046793
64.98050460486132
62.19808718752972
78.25691232585865
76.1017975612198
60.442568434897964
78.50950802056252
59.6643470849634
53.83868875926094
71.4800738124371
64.7216914594221
74.67688299342424
65.69723916090378
56.11814351558098
70.93756415218236
71.41661688964776
71.0784723263787
73.78885830314545
72.62287325693804
56.93637124475886
64.48896198927494
78.29341223939414
76.5483393766138
64.83784471926958
71.22349883940754
60.35985874163711
69.91017147281107
66.88720420575817
55.93246114672966
70.65954086221721
78.60332882339854
55.916703259947944
69.15253913664989
65.04242838172088
66.87830223230141
73.86353764469634
65.56052701149332
64.11834337820416
55.40854593713784
70.0241563900475
78.12173022395447
62.16493137449476
68.11274408154271
65.72990403219535
64.43297359725534
