77.08153180093254
58.10171624141548
63.20161417336264
62.45940954210186
67.66516192792538
74.16547063472147
66.4877448081021
65.0200888112287
74.0647579180293
57.91506308260332
60.98266614635397
69.00118083635046
69.94799385984372
59.796931791132465
56.3100391557812
60.80939700915151
66.85876316857222
72.6185504850569
60.96841581496469
70.25478654664987
66.22305300457761
77.69743819967626
71.61518610806901
53.21064160187353
78.15264300570196
71.47980620595825
65.21250166924013
61.411962111735434
59.41196790082744
63.42415132983589
62.52635193762467
76.79594058304332
62.83039979607892
68.69608234692694
61.15710294887564
64.10495097152743
59.988674732765745
65.73855445316634
70.5961495338288
81.42392848810955
63.37738356451793
67.3793030415686
69.6790843578881
62.11031386172171
66.72227819667162
78.38832854716108
77.79592432365123
66.14338874126622
77.0168545398963
59.74190027796731
70.53498679622372
43.52589627646916
66.32828662524918
63.74341119108959
52.16041160193524
69.32936442328877
75.59780149631692
59.56417346235528
69.1291323037725
64.65035414688585
73.75978328286196
73.88722843846708
81.6843862087059
62.8096194017101
69.8643793630987
80.02807936163113
57.38297712359722
73.76075449683613
77.1457296200077
66.20819203244217
75.03021528486181
59.793885259006
69.67528993720536
76.49357659074786
79.14261589903695
76.2787389782223
78.1093390872817
68.14825413645413
58.91368821168466
67.03460205907095
72.16481327057731
65.24306674755582
50.66596809901104
55.58559187055742
64.37426195022286
66.4775998115565
61.97189378170679
73.45114265716673
43.87655115918758
58.58687703972853
73.53184562351905
67.15036914591091
69.49482115394252
68.98541510594086
75.71774378015135
74.08543698972986
59.01972005729814
61.89066842629629
59.061124946587306
75.40796641790085
