61.30272798133019
62.69914437243753
48.2938969089781
50.2588355439546
50.93128069664443
55.259250035387915
54.546368889890175
53.0189258410129
46.76214556987814
46.49557519115088
55.742284478333104
51.10819456088788
52.91738156938356
59.00984914972854
61.44250478940524
60.390493828202686
54.468710745768135
44.84220122517297
54.29459711809897
56.158238347667485
49.6436344500571
62.50093161012988
50.583310458353296
51.17070365750533
51.66102594695018
54.32155744758299
62.43551145016772
42.48492689924286
51.00372082873783
52.2548393891839
50.25933863722257
59.87520185325644
50.20404378336766
62.65882877311795
53.441707250649316
61.45305921285673
60.0569575640674
60.04077227803744
58.45836210325784
47.22122349600813
51.27260171601676
60.38239363380599
42.1300656634878
47.50549964743172
48.07683016886811
49.38070081913383
50.02415179519327
46.98768476984638
44.481288572876466
50.72855870125763
63.12662021571931
56.48086039927554
52.80351959337934
46.714764418648876
54.907014249037886
50.23625062368805
53.60444965410775
42.55404813955282
61.933987221771694
53.08803641431872
55.94996004214236
45.44220139828934
50.21981075186281
60.213601126467196
51.67079550196556
61.316460677090845
59.247201743072594
48.90642544101904
48.40900577253199
51.73131499455609
58.473282514524996
60.01458278701539
44.253005670661594
58.467896967812536
58.224680634612
52.890409811551656
49.324982982215346
57.658053904345074
58.13362119288234
63.56290280939326
45.22719786176031
53.52801866711861
47.89622853085371
51.07030098951406
44.37629531015912
47.66085560750247
44.8603597516177
42.572850155718776
51.649584499869164
51.004128175743816
44.96429979461709
47.19451994910534
55.826265951438565
51.17053797007485
42.38296684460006
49.53447413447901
45.23902639182339
56.33233489662813
42.157981243490234
48.612712677734194
