71.08300861357714
69.60174966813699
79.22570256028803
66.94844168806551
67.0101826088169
53.51492139648424
61.58651699852544
71.5311278664089
68.57126983822906
71.3658614488594
75.39471463741808
60.840676607242614
77.0024271240828
67.45947753945092
63.799880550189776
58.34799381641049
68.69440923821061
75.2201368795861
78.09733745164104
85.74481490762291
52.85686981235297
65.65111094708766
72.61433742465299
68.73625013357703
58.405687722892935
76.81260320091354
70.5794330260268
62.65095813979488
70.6380045852195
78.04275340944253
80.05483024493356
62.41712120568211
65.77571174822751
69.4754646978281
82.65330590785828
60.638896588285405
72.27909395501536
84.4886533140316
55.3200546965244
65.53260364578037
75.31560004281606
53.731102475400114
70.11281854136621
64.34811712663867
70.59273884296564
74.66502189332168
78.55586014070687
69.37207119754956
70.51374517203544
62.477704165990374
76.61464978209067
69.14528454116032
78.05324035187455
48.84395184968022
67.3518870462158
50.063724689984554
92.92322777158289
76.7423834196954
78.59132103459496
74.26061742389875
75.37024145083589
58.730239656671685
65.4977151456321
74.08489417989404
73.26863355313472
54.51541158938157
79.55009663874615
75.47777147578297
67.56725075667732
72.1045815211348
49.622300638861745
67.63409669508172
69.13055122233817
54.70026244025089
75.20743943165898
83.5130787257274
64.80202471202718
86.63058834303547
72.86708668761383
58.49703755562733
57.440884646599216
76.72920775040092
74.56134031160278
69.22618320199155
57.708987793953625
65.15714233743157
57.42253651500656
77.07882755065035
75.61050052154273
61.01618428851509
81.40443447627861
63.568758143382404
49.820244374792665
77.17880785949794
69.92539584583677
74.34250940393243
85.47922887771611
71.74149819996242
77.71776122541804
69.31974525942404
