55.071063783982225
44.320667704087896
53.2891522428601
52.447041257377755
48.85790007713511
49.828881519357
47.67838278183186
51.91872422277752
47.10548360460294
45.036408019969244
52.46891354577275
44.43524020622843
53.19041872064185
50.13959758798444
55.629157221422155
48.305105860945865
44.41587496859163
50.36365386493168
47.15297155557625
46.42830384907805
43.98871515457151
55.021396586100934
54.58758521313227
46.67700512969896
54.6182162230714
45.654796637937736
51.73969795183545
53.92012494916338
47.25004403839848
51.547903152682764
46.98791354211271
44.7946209199424
50.26285330373906
43.85200418154492
49.24730812922776
53.23605590332438
45.42385013482602
48.01795768620863
45.948377600490076
53.509806655489825
46.89288178913017
53.42061275779738
51.9760976765116
49.4858920999432
48.77478634492023
45.43068407958255
47.54789898103924
48.06135966012545
47.597490771440846
50.950569775951
46.78583436197748
45.857353895751096
49.00584813073399
50.942200837636506
54.9650412159319
53.568994293311945
47.97579604417326
46.361540872389476
47.59406910452177
54.19731552482861
46.88864447857971
50.366111813135895
52.31134904686023
52.27160459854523
51.794549801001565
53.65806642582082
43.72617656076299
49.10762540658367
54.255492940173966
44.84372244655568
52.059875414116995
47.98732285754641
45.33632855281697
45.895371989692
48.98975244377592
46.49843811587828
47.85907692199594
55.50880945280735
46.840081900606904
48.912560554290735
55.34980262154069
55.07627557678754
54.65492811364016
49.983147040572
50.09599286347219
55.384523702029455
48.54484345771675
55.43745052795211
55.05747215887136
44.48812133888255
50.58017437856712
46.17403249305328
45.79797861861189
49.945330501375174
48.461041087707514
45.171882353989766
48.55536112790506
55.40721405805458
54.232062518554514
52.51312828635324
