0.6505756483974436
0.05261563519162443
-1.5073274174493734
-0.9725183240873622
-0.8663564849932415
0.4103917388340979
0.8750693975581657
1.6497160873247896
1.0239587998529502
0.6576237175250218
-0.47490300495425475
-0.16318230599567574
-0.6063575550325798
-0.9220250225613149
0.1604412371272663
0.9451326683904818
1.63722906676518
0.22280492789575834
0.1425979581455911
-0.5148466565263989
-1.2162618145420907
-0.9252015710858754
0.14514728464491666
-0.6125881078058966
0.6774345815604723
0.8840493648865236
1.4052157358562558
0.8501405762819729
-0.08566421578514194
-1.5821140263214613
-1.0274230816836445
-1.0961778483555205
0.5838005735658515
0.7177545344108058
1.4458687775402383
1.1709001036865154
0.27380475860754305
-0.5796982266884291
-1.088657311218637
-1.132289130766768
0.06619923133635897
0.06070741279848629
1.2095753678981298
1.312347464233961
0.1578789136302423
-0.31028634932439614
-0.9302013111863208
-1.4440518849213104
-0.5709301170458687
-0.5740635661550493
0.010889203646115009
1.8067647761982704
1.620355596231058
0.4789835383859104
-0.5180441785092869
-1.083840638378264
-1.697174125079717
-1.3079214539571276
-0.1958924623104155
0.9339671284862987
2.130882866471288
1.1883209928009086
0.6594960335978731
-0.3673669790998121
