-4.044997042966
2.890991488192187
-3.8189080460415856
5.267146311437399
9.893841766924904
6.273961803055044
8.149944997572446
10.523473809102544
7.190834741996094
8.520898951381456
1.9248001132151806
2.2070963351409985
1.913589647578525
1.2711881779891447
7.930863220165927
4.146389216430741
6.982368533938087
5.986411637513206
11.542691693871042
8.024280010300842
11.97899637200709
6.941362542268857
8.033188763192488
5.226847325680749
6.704263975120319
7.619657472672408
14.56686817231407
4.315075380389293
14.712716116558425
18.49702305665572
11.611772241733087
8.443307992873429
15.173077022229966
3.5244865147565427
17.044215591497338
13.793682744895998
8.601773373694385
22.00282062926004
18.298104322293355
11.709655087283478
13.682406769166375
14.461600364378581
18.286805495389743
14.113435394834699
18.062567198375937
14.97635433346142
12.014948001287113
20.761566739466772
17.469819045771352
19.504688730341055
19.570552387175454
16.409577567152585
23.554983430048207
16.90549961336408
25.124346017187072
19.349958518728716
24.05264344645395
16.85020173205507
15.420034010391024
17.40582131250215
23.318352647146174
22.570985706179002
18.843944084467736
19.487292565383775
