43.67236042888094
37.18052376887828
50.69085024261057
40.7940377983621
47.931217295156166
50.12200122801126
50.48203494441137
50.03180627889921
36.545753035024674
43.887219369084825
30.851340927794137
43.54673148305919
39.30864893834026
51.49774812935956
45.81355441428198
48.9684543937911
49.207490276118655
38.92337628671642
47.88219839184532
39.349002482268496
40.535174948519284
44.34508716573668
28.47227498014182
39.337931839028585
36.96086938815135
33.07231751990918
38.40114840590703
49.462143634863295
31.555112595146284
48.90029200304331
45.776139346749446
36.45141129898018
45.102845625084726
30.134730078017682
29.88414308399041
45.52618141633245
52.5582934574187
53.74187539780039
45.507653675478686
37.48801684710894
45.347794607695576
40.18891008240589
40.645919117077774
40.833504726875304
45.16902661424772
46.3127563672911
45.31816002223035
41.48680593591099
34.07196350185348
44.09527374243826
46.891672100672935
50.16631602055374
41.34202238250185
37.625793477346896
38.04066747623351
44.06487827788871
37.92063100895124
38.122068415470764
42.23355962747309
27.256126855581442
38.67012762699398
33.82699142091463
46.82617220412935
48.00020035607717
44.056080869983965
43.25472771986852
30.918608490074952
44.9728082647319
39.211752888997076
37.72110104327183
51.24057666378482
42.407552115064945
35.627710341136726
40.70345386691662
55.83720460778069
35.230827707386474
25.335955595537435
40.35217249842177
41.52524007738992
37.37352961392729
45.116865561847945
47.53055343681096
44.67626012074102
47.229855938512024
54.76812678953698
48.88321560668607
41.0892022531792
45.09804368296784
41.5345551723576
43.83255963530911
46.559155288210725
48.64747710005889
41.441721128251025
56.04738490974661
45.52454199205175
49.0543965138016
34.04349448424155
42.86243345710683
36.6067320174318
42.29519927815321
