24.708956886470276
28.608275056901544
26.325743149957088
29.46599276490241
29.068611700825333
23.27732545011351
27.29815422244513
25.39607751038222
26.92195427026687
21.815196320890095
25.529800193296666
29.408609536837005
23.492910735167396
26.084078642947773
25.937583762706677
28.666781584523918
23.80515098306573
24.881007774111115
27.384274837779348
22.14561996353474
29.749254326554595
27.075430499832006
24.74003646159815
23.877399394940237
26.976321874848985
26.49517802886644
28.024139935508476
29.548503569914438
22.26907892613814
21.82048199152595
27.697847697261547
22.79040997685709
29.47349720771654
29.33913498557875
23.20907295636796
24.020447841758024
27.441557413350438
27.021775364458986
24.66212554504176
23.628092743116028
29.195055496334877
25.58718020079985
23.23425884094145
29.194086968024276
22.931361786305107
22.26018638297025
27.704392306848476
28.11066760369163
29.750490604841936
21.58587180522025
25.078903193070644
24.043650470636774
24.17770484643133
29.54894027639059
25.79059479369771
29.44152003272911
25.10520270821571
25.04156412080774
24.756051863536605
28.73569314368839
26.282470508692803
28.213616963143156
23.885634518111956
22.182792187788856
25.100480486146058
22.52423248194196
22.233172915753805
26.19976437346831
21.586819089026022
22.995894180600036
23.8812922769633
23.932908798923005
28.15070047849669
25.143485434068577
25.251748315802285
27.95827880050506
26.29426103216252
24.84588345640048
25.875547932045684
23.967226195567754
26.169818483794387
22.244479892073446
25.133122193548928
27.26861980828302
27.982735046988058
24.808765556236107
25.02925072899442
27.192844176646204
22.116201757942065
23.91925713038907
21.647411715306934
26.986257379360246
29.980284922500058
21.5766776274537
27.294393013284264
25.089813389477655
23.951464409297937
22.61950283165592
28.75122778920837
21.8714462848786
