1.4342888115063785
0.5891176494639863
-0.13959445203188053
-2.203938970939765
-1.4245523396848156
-0.495612088836324
0.10078150585678175
0.6093135322968076
1.7145351860940012
1.2285855480644363
0.6002220687830405
1.229302277185896
-2.0661517905754354
-1.4142280835203904
-1.9549495632824616
0.15484047933390754
-0.15169424964210126
1.5433249945378382
1.616480632248019
0.8645782502226973
0.48968361643565705
-0.7000807378520902
-1.5995670750880768
-2.579624055770688
0.18103314632697498
-0.18169535479756768
0.9129077404765635
0.8384604179157068
1.451063882196544
0.8516278214553014
-0.8821544694581211
-0.7612747374123479
-1.2401805728778081
-1.3356587110370244
-0.32786957531110716
1.2900332657972329
1.3134171782046438
1.7059922216296357
0.8269481276528671
-0.07035562314151844
-1.0392491316780055
-2.6283761138538817
-1.5126300916703732
-0.44530015154416197
0.7685446272459064
1.4173383174337195
2.244597723458117
1.708960668617836
0.217540233180957
-1.7336586073233322
-1.2930714364442228
-2.2872472437575193
0.2117782192221579
-0.7014960981101666
1.3783534905674149
1.989200276956141
1.658610635831427
-0.14270482458650874
-1.3994648613149088
-1.5862868908753776
-1.302497985717809
-0.8923778371557556
0.11373123971011388
0.7058422494274661
