16.808516787539105
3.445609403384389
-7.2845897174526675
4.528441732534655
-0.2648372645477899
4.907661634629556
-4.052819408363165
16.304873123385022
5.610346526772018
16.084410475299606
17.390063233108215
5.878526225730118
14.159720979588094
17.68001916380206
8.969128604315852
27.730543735513322
11.103121757569623
12.53248944454213
12.733677221529984
27.58962247525242
22.102370132888087
21.409608456844836
34.92866207421079
23.693045997096426
5.451372308487834
10.160583869011731
22.16563488882244
30.192830000239475
25.368539193179966
38.43920762836041
25.076353274117203
43.45987686557204
29.42325933375246
41.39983422360005
31.865130510446264
18.24841776272408
29.22606546099944
40.56773202846178
35.51656679201128
37.61816727083586
32.27863911350181
29.736231912132133
41.53235685269251
28.65273111821553
35.59543066988441
40.382471302580626
30.316579659985436
42.27113518319645
52.89283612910362
53.68655077380546
38.78028260673325
35.769087841228966
35.28056496676932
46.01363072042262
51.42941213277281
33.95485284630395
68.82359702480649
54.12283544774955
56.983298915429074
66.42804863573397
68.82977958124984
57.51848049462617
60.79401657044798
61.92350969075614
