1.9035589671564443
3.950675406499439
0.6812984382945813
-1.535808531699664
-2.324736036381823
-2.1661301862959665
-0.1439560573765185
2.175483833478155
1.6787521803882726
0.47416590476824777
-2.9420451403284447
-1.39140437817835
-1.2314998033975906
0.9381310077741818
2.404185460245368
2.792839658782924
0.9880419454003213
-2.028358662414268
-3.203575226885548
0.46774135201883404
0.18196895106811345
2.272080496196243
1.2676620062902146
1.08842861396581
-1.322206923296458
-2.491825120599995
-2.8932221481160463
-0.5243705648155266
2.298800976546657
2.363138981892906
1.4413610191465354
-1.7977236063533062
-2.2613584746975355
-1.9426591938078976
-0.4759107912948704
0.6042785876571193
1.5219769165235222
1.2939475630859496
-1.4854252903553182
-5.459389498277824
-0.7982576195410425
-0.4255236073423452
1.6786784880331356
1.520705145408556
1.2807550598655932
-0.31085677782377685
-1.9245951262585206
-2.108698413885426
-0.7525216907968183
2.164586117756419
2.8244370741682707
1.3150911917441226
0.24237571761613713
-2.136136911214895
-1.9479784403843654
-0.07802815844410782
0.5102935326630977
3.5488479859429853
2.4707855810392454
1.8150392622987206
-1.4833843181184903
-1.5814106274690787
-1.28510152876993
0.496000674076689
