0.42860082797501287
1.9519626925552493
1.6912918984985694
-3.455953643472027
1.7186332589382873
3.0260098235290087
-13.39432736148894
12.05092372255576
14.541575522356766
8.438868339813178
11.101855896499934
4.9683145835894775
3.9142011727923567
18.65526375014847
14.089780053031786
7.584967952213452
-1.0099083497986499
27.321029980898608
7.189635254974711
12.26054994191201
6.879862484944574
26.035688280519146
19.74013537050031
13.5190253255509
26.761835565549323
30.31446722074726
27.359075903826472
15.967250920047176
35.11271621662152
38.38922376863027
18.94477464576257
24.211710070363843
22.185968120806706
43.86006543681503
12.064097665248504
17.90864706615136
34.94661349347113
40.76818150593777
39.094784850189235
33.33289984668821
42.812283735083845
32.90509770692786
37.81324375719514
39.15044625611922
24.2440237708513
41.14907331657789
38.14988509150525
44.66163031709654
38.97996602269775
47.26738938342569
41.1297258301843
44.19245137345403
31.19624309985921
58.745428695371345
43.479044724575274
47.54379189062611
41.00248994380819
47.51131210193477
45.474624999322316
52.52765775300238
50.1496807163962
57.9948370300015
54.582176969596276
54.85876024261609
