32.30482558217793
34.206601935392115
39.412254622895965
48.75020957074875
33.25698731452506
38.66821639036787
34.87674148947092
36.06019790900251
25.25664537526717
33.76383815683812
37.97284341948828
34.86950433934666
39.2895758226484
43.05155647071234
32.53725308309909
43.34859326795079
23.937039214997533
32.44677979296494
39.52173905748709
37.48114146105418
34.257552344113954
28.93842738144125
32.921006328703136
23.96451537821496
40.19526619373313
30.51080946135722
42.16871211029262
40.97337769365488
41.370483187021
36.26652924939496
37.878198493623614
32.38394590808732
35.66254404581858
34.46725012284223
26.628902615835557
37.90527799756535
34.888628759267114
28.094233367903126
38.083798534816076
27.584218395996857
32.31384284012349
28.397834376142196
27.986735091999368
24.5199038699421
34.87122707271827
32.1945959678849
33.36654811324572
45.507690122307594
34.63474930048507
30.21677060401241
28.710869397390653
30.886715293035245
33.2689373885025
32.00130583416617
36.62200859604777
26.546883634168005
37.686512179074484
25.70441375135926
30.82869272952325
37.750212999405264
25.572208450792097
19.644967963961903
45.16184227242064
36.80952819190611
43.83651772735246
29.316400528080695
33.24072103534894
30.09070369546632
34.07525394371355
24.65009914851049
38.32640321638627
32.937872766507745
29.72184396007649
25.235496831438084
32.31219341911527
26.91507636622687
41.90373872584542
39.12503965806938
35.04084687223378
34.6485774288575
28.044567822702778
40.81844101760901
37.450511320048626
34.68196960311093
30.456473774590236
34.33224787430763
35.61340492996247
39.284483459776716
33.46522914525057
38.21141548778132
33.3655973125321
24.707388614638766
41.72006447324981
33.22065502410099
28.00581090950327
35.07049105768987
37.884603325307054
21.331462254900202
39.819125092124125
39.08020626901118
