27.84224110446668
32.60625876739279
19.570809291143192
21.276772763578034
25.656443180761265
34.389540330378765
23.336652522274804
21.242277660377173
26.33174413668486
23.196315433461347
30.978889524579056
34.21416874507855
17.991035505705007
20.81959965200923
29.30691672869775
33.559152598670025
21.208083691261464
26.689639317512597
17.54752128870455
26.421210946181215
30.442977733411528
22.32861049475605
25.42327505143385
24.403768690501277
24.833724804165158
31.657553439074537
32.48844655527376
24.796998810648496
33.54070197029215
33.03731825305371
24.700040616046472
29.214246035273796
28.986068184644637
30.46508429005642
20.66814127871317
21.711502585810294
26.905386935617884
30.50050998307536
24.82550566126024
23.85224893831452
23.968501311520345
29.663674729392426
18.116021463911416
21.33049365358639
18.13534407568259
31.911364644149106
20.571561702239883
32.541207041402615
34.9119058495559
21.88503851316561
20.41919409595204
24.79854905650505
35.38535281025801
30.914163729451257
27.178790537040918
25.450680031408112
32.029354513053285
26.60008388443461
34.63086044115498
30.427933214625515
21.13623781598735
35.14477650181427
30.409538538178047
24.311292432815783
18.76183604912018
26.79874086078155
24.657767282693214
27.43635181997228
18.783328529067926
26.861811947220588
32.62459273321103
31.317555616159787
19.553536033801016
20.48170795017497
19.041854738709752
23.914642696012145
22.21145925779993
18.029801661421633
20.589073503961465
19.652435452117047
31.836614072202263
31.58099345802596
27.17524911091213
26.569235342867223
23.73964921462202
25.266603127688143
26.418627836930348
27.54864577287042
21.478046260566277
35.41384077221075
18.497216166072057
24.1842459020579
26.444068769073898
30.020939402845887
20.865235475293225
33.256961109197746
19.213457838890985
30.789938476138254
34.458494660591015
19.547576859925393
