-8.33667228562091
-13.771000110158319
-13.685363620098952
0.5410018271132628
-9.836460380752275
-1.138165781096002
-11.714052373620056
-9.278291020648902
-2.516357386889589
-10.79229916887595
-15.768642329491852
-15.082864981203235
-1.83752473382558
8.135622438865617
-10.174455621152035
-17.3473932041534
-16.023319723558846
-2.4496808200724978
3.02167461601403
-21.02087542263063
-7.102938058714131
-8.499689094817287
-11.424526283875238
-1.0678935048601703
-4.077602760147081
-1.7513876610050092
-8.443795904515838
-3.9334470499138163
-3.8284028576691367
-16.937375555445783
-5.916834182893357
8.940245860193567
