1.8324707267191302
1.2025854466420096
0.016767117557232328
1.2131072394834976
1.0344976528262864
0.23102849801065034
0.20325130675234143
0.248779493115794
0.048488961796374346
1.22123805801925
0.22774326185901256
0.22810995484145433
2.421583968378506
0.6448458160235301
0.25431635245797746
1.203444196815973
7.440026444980988
0.4164053263754358
3.716182647080167
1.3150626926568154
1.1029791701421992
1.2683641003058475
0.520826188884632
0.8162889687185909
0.7494916698543199
2.3490125294225455
1.4289101668005937
0.002221586357999095
3.444548552160137
0.558216545353807
0.029309199177921127
0.5923232119339253
