6.075835349128042
8.42934708937437
7.984433388833867
8.007678329059031
8.776494943079275
4.5295907236058195
6.5249815719082775
7.379950139943513
7.895390246061554
6.37473077628223
8.823514120472916
7.223792428986778
6.971163250126724
5.947530649889414
6.765830345475815
7.816341941595561
7.905000272454236
7.680961420876732
9.23008166837577
7.2452237954699905
8.525135517254311
5.815545290729195
4.174320540599594
6.386090512833417
7.720663650640455
5.182368944259636
4.2692199807275735
8.421993872995216
7.293726612078557
3.3519425836560557
6.40554963281834
6.436465461787153
7.025778717741464
7.855553901087674
6.697485365687385
5.514338035387909
5.362690157540715
4.640001027196457
4.574190045243492
6.094555565698598
5.486069883232057
5.660510179945195
8.4920237729505
5.667445078991337
7.6671530971187485
7.555328150882515
5.559632998597789
4.9427400516322475
7.39871348723372
6.111095245457525
5.090370830583607
4.962784818486222
8.058117891791412
4.850414896367347
2.8488859621819893
4.45333499230341
8.588893090017827
6.493538844471421
3.756890814079626
6.110251249238638
6.142798229283339
7.808400617335455
6.520922381719802
6.55417872482139
8.017549316751813
6.6234340768462605
6.614185482860877
4.604702556019309
4.250179045722619
8.708639458661166
6.47835855616434
9.125473984455095
8.28266426457269
6.903829142904794
7.514092476350982
7.8477466999820855
5.775726905274721
3.0093779680870147
6.534560576149357
5.774851672990627
6.049708112284374
5.3989443307264535
7.200645313809707
6.418614624249698
6.125247423800109
5.751160203309643
7.2677558736361005
3.9838784741689124
6.509185878467285
5.282819797974823
6.2394268538042805
6.852922442428383
6.877714148022122
5.907408419762439
8.569605359346747
6.12109967078965
4.581980357699068
8.514908960571987
7.626174130783108
7.232357166290204
7.629600771074247
5.130091217292562
6.426953964073432
4.910276898758988
6.4516255151778035
5.123695116738618
4.131486092216542
8.543437998683917
3.597208629830206
6.290535957725185
6.920002880565749
7.062449264640565
8.39149151647148
6.509441475047697
5.386605786354263
8.9487239882886
1.4479618282923168
7.47372004862866
8.890929835479092
5.131775600159532
5.071644996147822
7.8542186675884516
7.463902577023427
7.11283043560204
4.652346740022165
8.31190738597526
7.300571018978182
5.8350431731485255
