0.5506703882396131
1.6886808375444415
0.5539220761705566
1.604016474423685
0.13063864775558426
1.5275074883493298
1.8489620469641652
4.360977404836503
0.4963425318520252
5.4781782223131295
0.09425060276762127
1.784723352087186
6.758624944137363
1.4253600774854727
0.9614815521554276
1.4965541255972266
5.338295275009555
0.4744058447178364
0.17897182530105218
0.7677958302855368
2.332593680910122
2.1577817040975606
2.075271364925416
8.667893190137336
1.7541801181774352
2.8395681143896874
1.7137358923859727
3.6963047317386017
8.805141356208923
0.06909492726500695
0.579292557941259
4.3132595333343735
4.063664740280691
0.6623272471854729
1.3526744802262893
5.4788700893188125
3.387950997392163
0.48979358959029423
3.373194008034458
1.1699591098175017
4.465257515413467
0.13556631605811595
2.5798117056922236
0.665644523607001
0.547661349325391
6.232584269785645
0.38016094652892873
5.7766042343221775
4.005914212098389
0.9273223589010624
0.3750452362935322
0.14829713344486534
0.20844823114827615
5.269716133015458
0.8435626297530072
7.3812300121514465
4.429528172634243
5.479506621789556
0.6172086936299378
2.9789397214211752
3.656988894056183
3.9545405035506347
1.5612094978187718
1.402673823355207
0.3173698657042489
1.589078045027695
2.2943259676128296
0.8357768561442213
1.5699671773069586
7.007758000225681
5.532264832567124
1.905571362798819
5.149165751350002
2.138703849232642
4.505228550146899
0.897723820238392
10.855581802737357
3.4449042732260984
3.346446239922869
1.0842973532709335
2.5800757580206577
1.8024352425756636
1.069546176426534
1.1072439912660341
9.460464486998474
0.3783315059084714
0.21713805605282022
0.9665053995150535
3.972238564568932
3.373816773802475
0.5991969306832072
2.010233783698467
2.4091516527551597
1.9694480118025535
2.5577325252075704
1.1609260105355723
1.8411989311562968
2.11369412789245
3.312692362978204
1.2649162538215977
0.330573817345702
1.4950817445438929
2.6803292995356776
3.136477042127933
2.6502928459858617
1.4977954948567676
1.2290064749745164
5.0342282766994595
0.448147891250182
4.147031491122608
0.8204397524009966
2.156103695065673
2.925382780903608
1.956355507496873
3.759300077294619
1.057269188045547
0.9590518504735094
1.7285417077432115
0.31456154218307697
0.7331490366218115
1.1760463538599013
2.612908083831567
1.1597863928423626
0.511017198451783
4.073130646032772
0.9178863334230363
1.2302744374376215
2.2636978919611734
