-8.467910799173367
-10.880803410448998
-7.851192841621
-11.612116552330233
-12.864222610676464
-10.59083629092218
-9.732558667715312
-9.577277126106429
-8.573308450944706
-9.419090272924379
-9.103764258260325
-10.666256291975689
-11.441477309237493
-9.899832616875
-9.941598778661676
-9.581680327914452
-11.742413003335686
-13.708033763172118
-10.696559986326728
-8.902759611716597
-8.520633387873414
-8.917949327007133
-11.118388632316517
-6.267331169033117
-9.890563050639875
-8.677474373106667
-8.849763978013934
-9.556064046889423
-9.2913090761851
-6.496086512999236
-9.446846734181934
-10.965334854758057
