0.05065997492277259
2.5166211370078093
3.9663198709880363
1.3867512277529295
0.13362844352491973
4.518770478697591
0.7126491894665895
3.1086080179690154
1.496095425070865
3.4587044731841416
0.06916067812421242
1.2946989625136762
0.3491129174374233
5.255811583804651
0.8823845137312055
0.5278669240863787
1.4971120511361435
1.5694320605180272
1.7291945982885926
1.8611397788685535
0.49371722898739157
0.1759987833276093
0.43357440520830887
0.32423961218856034
1.779638986720981
0.031733556123849774
0.04105865163289002
0.3240388950716375
2.980733345028844
0.2680981548843742
1.2788975175641275
7.957895454767262
