8.99890031445873
6.71770901326629
0.13046455820522063
12.674413830852682
5.112570922337915
3.5760809950125916
7.201921302239185
9.545667734516616
9.310417537765804
8.213068165219836
5.383577892565587
13.877848545985799
7.478110363341002
5.463525317202734
4.518898145355923
10.339412791770028
8.759885495934713
8.954890162391681
1.6006049428902909
13.882576542145323
2.2222153221590624
7.595460523127094
9.667871015866623
4.791744979376244
10.26942221049132
12.665829234613355
4.7648950879995535
13.366228594862744
5.075920504854713
6.346009597510488
11.860575853545637
9.90965628513569
11.099228563577888
11.280726726286048
5.100531135535411
11.31344009466999
3.8922280809299368
11.123936759544923
7.51834676964754
9.963483602241133
9.841969655453726
3.6762506374542694
10.72383596990483
3.510863939047849
12.582018683630078
10.04645012871589
10.580988673816988
12.311817366073539
7.500172231063633
9.549918512641812
5.102422324783797
10.177856715677393
7.958919503913901
8.383987621670629
12.460245275124507
6.340773707623223
5.046033163729834
9.390416522461681
4.769670742630973
13.629871251453093
8.430264449479857
0.008387535726583906
4.941521565673495
5.351704182817071
6.942877718707354
9.740032468576814
5.793112177625208
11.502009972137872
15.673576306128714
11.428728629700156
-0.04983843828076484
6.938808738223005
5.727492149995207
5.297867439595595
4.363136733503972
7.2005974655147735
10.048927731668485
6.046943037203841
8.626044868855793
6.63432919142768
8.382215692134695
12.29055742590182
10.157838452532687
9.473746281296544
6.199705430781172
8.471818866525796
8.139695381921507
6.563735279048859
11.958230951457
12.045662714521841
10.597186561035983
3.854074138117377
12.118608942463826
5.25446643578182
8.209447476641188
11.769185074915713
10.417581712212513
9.623405861702842
7.896838656121408
8.061511428592125
4.5972739071420285
11.127115995831357
9.293837110900364
5.42243799884535
7.2734863088593835
7.543223200085187
10.615998351259934
11.83564650225344
11.506680172007679
6.662189320303164
6.904504318376098
4.654526320515142
5.959917855986037
6.352065800576071
11.902406337344402
8.339600530027141
7.373633713090289
11.920053580004371
5.837305584795897
11.17623895163962
12.205467803536802
7.762553847803945
5.689885143306336
5.6618711334359055
5.370789548012924
13.1858796773639
7.582810337864055
6.37186252878483
