2.068920387277968
6.940067083316189
6.582644649466934
9.94844216146969
1.9422135913555358
10.086878035990345
0.7180881347926397
9.651430514289775
8.28019989377438
5.125525246457132
4.062733751805787
2.38492062082061
5.480684903639569
5.249792647670821
0.08116642718299488
0.03640213400821489
0.5367454052567142
6.541940950569885
0.6929201664718723
1.3939705061107694
4.620442627261758
5.396521959532168
0.17562053509498973
8.079502802485802
7.815756985182375
4.74338800019067
3.3478836658673243
1.68620726758489
6.501691829205744
3.955902446163793
3.7779330159416844
1.646527092596068
0.16628647027360313
0.8250869903786611
2.381636725757428
1.0237553955165402
3.7409354041077463
5.062149575743083
5.669034257566492
3.0259045858609577
5.813814467061666
1.5963209119814084
5.370881140209224
2.271251239669347
1.128350249160087
15.333200192988988
0.6312255711405074
2.989917079227086
1.1925712350872284
0.22061184941185533
5.43559140796626
0.09215330370682087
2.340840868048393
1.111332644527488
2.7613430712285507
12.97285665778729
6.045997974178775
3.0190955420302497
0.24406271332806798
0.3248496259095594
4.981743380833641
0.10582061770423905
6.789501952284245
3.5854627748065906
3.543959660082669
4.165308120403225
6.29947409278021
1.0689359507077028
10.83910177118564
2.0675637804007145
3.153882442534965
0.6099565986645884
1.0856595824098114
6.637606454586042
4.00968531790812
0.4092864932765919
2.0634300726991404
1.240396451918218
1.9784972926431632
11.883354641241832
13.143318219495258
1.2385177157511298
6.093729273420497
4.868932053073847
2.221841945598162
1.8961002927549477
2.0163313298092107
4.974169160176455
11.193607545436661
6.315741346772721
4.392130339968158
8.93361403784737
14.253552703193794
8.512097422816911
1.2113619953024137
1.478006626651322
2.5002406228577656
0.97290775226724
1.6134298119983932
4.865339020287078
2.278682842233707
5.613650408790498
18.955968167386718
5.517145831365187
5.927151559478526
9.463032544063445
2.5052376063223085
2.295274099424318
2.5243181283483302
0.5763562177694044
1.8773695753818014
1.881133703935525
16.846993006230154
3.28749392267243
0.11405215261162212
1.9621941685895294
1.2038867511550861
0.6234059924635554
0.11840923335276138
3.7229695483443406
2.979825886933844
4.083859266352701
21.137286764251574
5.735463417220911
8.176429528118607
0.07355324332450049
6.1603475781994685
15.594097389331337
