1.4226335496923381
1.8875860330670622
-1.4145852586168695
-1.6142506409757518
-1.861308160168241
-0.36123793170814555
2.273867691514471
2.7350349610766207
0.9227075842715708
-3.759187744462225
-2.442084804169476
-3.69891601501831
-0.7131765932492512
3.376911765140132
3.16379218208191
0.4540446603025891
-0.07116536793285144
-2.3390198768224213
-3.8870136718569874
0.5911166753643139
2.4712007824694515
2.5379455935418727
0.7401967034480987
0.21499531346894885
-2.2404628781338496
-3.0623689303422816
-0.4992939810995257
2.8393231896486686
3.5671951810325537
1.0478025780443436
-2.3394757387758096
-1.4597185134042037
-1.566218751467541
-0.42812624321838644
2.985768123356563
3.608224134745882
0.019791551446893818
0.07886229181016136
-3.301989142667084
-3.8752430786674266
0.13343733387112844
2.0384304725879883
1.5714337486421888
0.35163596750422
-1.4015051700051413
-1.024591487330299
-0.9761440350932318
-0.6062731814382472
0.6789217788693811
4.265250785352814
1.5145103357831784
-0.29948515302054424
-1.5561193731720344
-3.405512344068555
-0.7026276166896201
2.5463168213216765
5.28912889251524
0.9263042478113653
-1.4324910712579952
-3.5083418107788455
-1.893856141147034
-0.5641465566448013
2.671737517283418
3.9860826096415503
