1.3061195663992737
4.950999539035723
2.8927302817403335
13.821270514948843
11.357824982312643
6.152684814579487
6.773531465533925
9.663646206893292
6.7517394459913245
0.773612248354719
5.786978029498936
5.776057486786296
20.950520977134957
12.38323838705626
13.35049183827276
10.832413507415563
16.150337112645516
13.31295476333444
9.55959212439873
15.638131682038303
-0.7140996420582901
13.919806706097113
15.313342047063951
19.355261997457628
15.277327927644206
15.530764306490479
23.113568607110377
12.092089859917717
13.831922777737475
18.349109318072365
8.09346697330434
4.282641551837566
17.41827948687015
29.075524858590722
25.72576166388378
29.680765839190443
21.071854788939547
26.456277376655965
32.34549551216035
24.298355643642534
29.391926550354846
22.720685654811945
18.096982310644083
21.41018845756238
22.926126989229072
27.33936381197667
27.733118184440166
18.9529969938755
32.092525814455044
26.63874757014404
31.337760373571832
23.63501327486887
23.248863756265106
26.292214254767682
29.38071761688033
27.439036019669302
30.33129481294339
39.82832627076898
31.025443635519345
33.48172382287593
29.464141920180523
33.122549956015064
39.30443584477376
37.00573519533108
