51.21971059922246
49.77591548055464
49.36589535034608
49.22696479483508
53.452071474559524
52.81863527275393
49.43717565262749
54.04075401148454
53.287494284767924
56.24695155102317
53.39896801567826
50.83914266689037
49.85531823871539
51.879359293893415
46.75873817637792
51.69685826048733
48.48086688930018
48.87564181410594
55.65878306854351
50.99820240668173
49.877560935738906
48.50874661233494
46.55365554067924
49.32259730127611
50.5893281246546
49.742259363143894
53.19177579016255
50.57302027888865
53.03903914635638
49.91090253972547
52.84790964529785
53.448214490226704
52.76917052336972
51.13185280465704
52.61069827336629
49.49085533400009
50.63612439127765
53.284884027176524
51.57826428815014
51.01993879788277
51.345608822755885
51.2982052516721
46.671106128166585
52.95618936211282
50.442427612167606
50.433619257851525
50.2399280455632
50.189106444406036
52.314389259047886
53.5787589896444
47.827947089359085
50.979925402388055
50.1850324701672
50.663754193453784
48.32271119241612
50.44047297569093
52.912869259616315
52.27221770320074
52.56106200556791
48.62108545394446
50.324473117536776
48.473051129024626
52.165865069408916
53.09032995974828
51.72942784801995
52.72924771954825
52.7601573309442
50.04390989886531
46.88330155621463
50.96460711879896
50.432145319005905
50.58598020815002
52.223770942615374
52.56152247139508
46.678201866105844
54.66113749722963
53.018763055901815
52.329206408450034
53.66083651865093
50.0469058284801
48.046958536119256
45.91970160056037
49.50778505009567
49.33724848269972
52.17807975204368
50.73682968725174
52.009504148722115
48.608086977964014
46.71092511055147
53.76636578698649
50.45998839456973
53.72260028801256
50.35730287997075
53.42988518590261
47.86810407709866
55.770418293086585
48.34160067905998
47.20734324334578
48.25663172252901
48.69960334109988
