39.110613150039136
43.47067090181159
42.628856700612545
41.05682314202822
44.990280670195695
44.907939371984526
49.03031985715137
44.66287685306379
40.76053938714688
36.74714895102933
47.81636227474334
38.196507653355184
41.9396228870314
37.06635709327172
41.9938868999996
48.197434857653214
38.870618875464174
48.391864780652284
44.19686848968716
44.59067703973503
36.0554004538707
48.32002804303602
45.91440338906085
47.792541869956196
43.31837789036109
35.973161594653774
41.129309830082285
41.94158781311308
48.49182734080766
46.28856674736921
42.47117083736907
43.41923417251281
48.69535383558727
43.15608086104698
41.47320893545266
48.85115807494124
40.1278160770804
44.78972916053767
48.035995735371756
44.834349814412676
42.86048062677572
39.69533538694897
42.17394490157716
41.05411575283151
47.04986679349324
46.57023848003415
45.99173437006269
44.598260026100164
48.303336061966576
45.640174271728
39.59325533394719
42.91825860949856
37.636987353665
47.75864224349927
40.762561275509654
40.43373382819747
41.690393358170375
42.48796520731362
37.04545553201199
36.08983302103223
42.950049220512554
44.46530917670547
45.79999906127152
35.932513361056245
42.96703698464207
48.52966817897615
43.77947677561567
39.14340036938757
40.56529672501179
42.39991599462075
46.98190201715319
46.872685394266654
37.84914054867957
45.49953083285671
38.71847885384573
48.86575631255193
36.51304362995247
37.98447601859852
47.67717846023016
44.62584028635697
47.29232458081047
48.974964081835424
37.34966304150299
45.635220641380386
48.94637359832056
36.70682367313892
40.264205022239324
42.73079032909401
37.578326855194994
37.62106549835099
43.944887766748316
43.210658382470655
47.392683812519024
43.20442554426634
42.406824982807784
41.00430605037068
43.41168740239482
46.02250211451556
37.95442010952041
48.00551585605946
