0.3306288620533311
-1.1211081296257097
-1.7660656069664
-2.6265462764854566
-1.7101969567413007
-0.7094320244498876
0.9354600817834166
1.5509434998382303
2.4126418705405728
2.3813513781036653
0.4437606474923012
-0.016090328687132616
-0.6432309018200288
-2.1683119806296003
-0.44360071536801704
-1.9687849383500364
-0.35257839417653825
0.8624791152271329
1.9278882984095234
2.57076424627571
1.6255320677479748
2.178261982991878
0.04220902345101507
-1.590852359614905
-0.3682095896045918
-2.0628454558682887
-0.4514599790289864
-0.13652896411269
0.8061824873292518
0.7485127217844066
2.2610955321437283
0.9869749796968177
-0.3820595449378781
-0.8345383752895551
-1.7505543608940384
-1.8336828621363943
-1.1936226641839667
-1.182073089634616
0.7181421824747517
1.4641426763429308
1.8052373973872788
1.5434235087202015
0.3052568541305667
0.8430383626083744
-1.120671277778811
-1.356192726319959
-1.7593343426480985
-0.6533684976355143
-0.35155909773541094
0.8423639683409826
0.7824819971172694
1.1082131372797428
1.6784480310313317
0.15805293576180357
-0.3911901413405839
-1.5026432851325764
-1.5760515217616067
-0.7712156394691675
-0.21169795647353395
-0.27837827241613566
0.4723909787664683
1.2859998715108005
1.3927772468871094
0.9035279500054461
