5.633351207344827
-1.8028938498227793
3.772163099143263
12.89392849693861
-0.7503776196807683
20.409192206050207
24.871334816767433
16.86428257489758
3.171950974846517
5.326418227448043
19.270635591095697
4.102959608351543
20.787755460475914
17.128436798583888
8.897800572380229
19.17564522057814
13.617262333300049
15.90690367619599
4.306284825133238
-0.7208615916629935
12.203539713900309
22.05058487799909
11.777521587739471
18.1600996257184
9.291706665891354
12.899405206788119
6.985103968053805
15.176296828100266
23.864034819633787
20.141912794193754
10.737068214533252
29.725520082500452
20.893441245443498
21.57173069994244
32.62918256058471
23.50741893481065
28.592723554368565
35.17180558458436
39.02522506319838
28.59243832006389
41.63541636077526
20.00751493634993
20.19468916222104
41.41081815879885
23.956921498243393
30.163556575277468
13.512623658337276
39.86261398894394
33.37813692737778
40.27604281711721
38.920877116411035
43.594828228313155
36.47862326640936
52.99534848897394
29.259885217000367
40.3359091059903
42.68195097737707
56.02364048038405
30.292594498074656
56.30977404162104
50.1774057615645
56.840893172047096
64.33166012294237
47.57961596343227
