3.309895022744805
1.6522934564047245
1.1278396555286956
0.34761731068384727
-1.9572881260097086
-1.5251585887990804
-1.64502644407414
-1.9003288081892546
-0.9699484820135574
1.3809241186145247
0.4872434158711426
1.7780808522485736
2.1916769438216583
2.647542288752064
1.7006318922090233
1.9888689559733357
-1.1142606217231825
-1.6521008515688842
-3.3275981696428416
-2.777329405785761
-2.2581435128659235
0.043832818445199706
-0.008949374698332735
1.9179015245971491
2.2298553872369196
3.152362718228161
1.1098590628330416
2.6005357345573685
0.6172437231606047
-0.9566847678339712
-3.0366615266039423
-1.3148685705382444
-3.598934884686279
-1.8608574532484656
-0.7946615531365812
-1.5331026196971165
0.39238854132631584
3.1196008151997083
2.9789101282201926
2.9231212424870314
1.347787376046968
0.007678349555532593
0.2589391329442747
-2.1406606247892093
-1.6242752891569259
-1.8229058583050453
-1.7012509070109583
-1.1156571569962852
-0.729567295113182
0.9456488694745238
3.1158691005305172
0.7718199866047555
3.65583761720318
2.1933041460085265
1.1507005612884007
-0.7669109117989892
-2.4499493330115065
-2.6640905351787776
-2.193007888375406
-3.889253278408548
-1.9893342900767532
-0.8890703811101666
2.2863829646322524
1.6296931198295563
