-4.879908912221829
-5.1320533781332465
16.085136514618544
7.286600398098983
19.79108049961406
7.329977323661846
-2.452986309964693
-5.803839489200502
-0.12237260102603997
12.322367976522685
16.353342673957382
12.489851669431577
10.570983813447507
3.0868340345847685
11.501298274373852
6.49482271490879
6.260026074294368
14.003794228347818
15.891377637986189
14.770380229943642
25.48899239734078
15.227073953337113
36.09116139140835
9.6462071496685
24.538856131926963
29.00739349373665
19.081473228012023
15.531822487188263
21.23437202126169
43.49305640243493
16.72877928079292
29.999788739220058
15.074228301110667
34.37000656560056
26.09312919057342
17.41582216116781
31.371821448028385
31.421515993560682
30.007739353507418
32.87845999569054
35.11900221190196
38.330230140808524
39.285599536062804
48.915939513338884
29.2074185166501
44.6747828020004
22.638631334292377
44.75725424404683
34.36873736287591
37.81036209340246
50.62037931730498
39.97246415544419
52.82144523220593
56.88906450440177
58.061123630601145
42.274390331220744
39.308564736428266
32.794944716169454
54.626802497133795
44.60582174785804
63.427991959186684
63.85187034827702
56.74106426779688
63.06792767844955
