39.23169250241725
46.52932700168853
41.71874951056512
44.98660476621969
41.487196825550775
40.92729990810375
22.623525052212763
32.53433822638835
33.16357593269416
40.75115676960716
27.05814876506956
31.199783973193885
40.20312229243139
35.96817578506883
35.95769371054762
23.40951250583761
15.622449103688647
42.017978302626126
34.567741123587886
46.02998576879447
34.43151806669233
36.736877256438845
15.608147930865794
34.027670405621976
31.736492346114016
32.08937849009292
25.210286692423445
18.52334171252909
17.682545031141093
31.336208769222957
33.57844152036277
29.790110389501574
31.57828396591748
18.06021506293974
22.657148990272248
32.622833904608925
43.03741457022415
35.55500621544906
40.245697299179085
25.636684584094493
31.97769222971348
34.94541512401182
32.221020065904455
49.314847295802096
39.69078794858149
21.205502776813788
41.47131771067428
40.94190515439548
33.860825932937196
33.76144373910094
39.937773270607245
17.958274402095416
39.9885975599068
32.890642781330314
26.057018449910338
26.15778357032817
36.78623336181673
21.39114248567977
24.313107364874817
40.49338928335787
37.47300998119
33.112002372947
31.375622003559364
28.583910335592215
21.25841965083169
28.40278048384871
21.79173367368828
28.093361938386753
28.008265603733243
41.947965662002176
29.510799874095902
26.849225387064724
32.72846434534796
38.02266394747587
21.27870204441942
21.732591260610864
14.875971427113843
27.533830872085872
34.41379149524535
41.51389107893811
37.68574663735867
28.823425731357773
36.91674954229437
28.549345502135207
22.587791228814524
37.21916705870964
37.452075860356764
14.074791054415183
65.34769014681089
37.115549558775186
34.02904800535336
24.495446188751703
47.78289696198607
26.651233110168622
27.013707596063757
20.563813665914125
50.728674044043395
38.82618547034231
47.76881642003448
37.09583262678824
