27.91782946770416
29.367104522504313
31.880518925764214
41.13482265801699
28.00121396881683
31.839838751889125
24.317220828527656
44.20550748624311
33.575731094936586
45.61927271248913
39.39269989292416
28.476585802898285
30.25826751033725
32.82154214112735
27.3857848054599
24.512114018487583
29.765934841965194
30.021868450094413
26.379687637228294
29.702857304848738
32.16513523741921
28.39576928118759
28.577191538862632
44.06305340768327
34.80236701422345
29.131679972684875
26.512078399767745
32.56692564695923
42.009158147400356
30.783414348789556
34.20156089460546
27.1044912050091
29.486265777068983
28.230038072119427
25.800725194307226
43.84087831787455
23.838547971274973
33.71571546119378
28.236121572642222
26.120114036143967
38.5832582796171
23.758201722617446
44.24405082379389
22.888731153852802
23.733060886984664
40.1255102995589
35.82185226140542
43.614438435140755
35.30324143467198
26.557696404486936
28.917254959317535
42.823908120948886
29.441218739470607
44.180191262031414
36.46921975552942
28.276330707214463
23.848166933542
33.863398639015735
41.63408881053621
32.95117426512664
41.58092782250724
37.767965372108094
38.62406179026298
34.24870010257095
26.02790553450972
32.42807425060097
33.067463912016564
42.57820842081535
39.096634397431714
35.70204152632351
41.96665419087635
27.371902024075553
23.393611455938302
38.99887565970687
23.03352630651382
33.945792176401724
44.80214390233138
42.392792786950395
42.645950896978405
44.463984163948744
41.979865346202395
27.99167050095577
41.86351999861837
43.64480107619937
36.77497013619288
44.01601786041847
42.92320280271018
27.58074635924247
24.213379720024935
26.702636860036346
41.92850847350299
44.36000450334849
30.06497112621407
35.57102079896387
24.483555094561233
42.907420543024024
33.97051480902077
26.509048012125916
26.70343758224413
28.362733413993954
