66.15343485875466
68.34923669888867
69.12993530553636
65.52861719768224
68.30320287352237
66.1443096922705
65.18023604018124
66.27863770804144
68.64410254667585
67.96042765065518
70.76568975805418
67.62153140127565
67.50366353632842
70.11950557488068
68.01921412087573
68.242712429253
67.03626724496831
67.22693813567481
68.00736234035746
67.49115965130628
65.2231410256186
66.55479480452495
69.65957644619131
66.0060175148494
67.65241671315538
68.66956652882787
66.44270632767147
66.66395158316479
69.66661314068979
69.42450928479937
64.98899041426725
67.21282954061917
68.60423538153192
66.93139128716554
65.67299481626299
67.81996948018522
66.48330918792581
68.27340784260616
67.543881757919
66.87293948747472
67.57430828674427
68.17579499910919
66.79661610687249
67.77275092610662
66.63461433543449
66.42124447971108
66.05705038468264
67.47877655703512
66.02030679748754
65.78452612815562
65.88574573689515
65.06629432598531
69.61422059757624
68.65820066212939
68.89772066243768
66.21486965486973
66.89651171085421
68.80815425796379
67.39536574794316
66.349042056537
67.31119565466331
66.7511335716764
65.81343805691311
67.50010808399486
66.58320317606979
67.34772321749054
66.94280226002716
66.15427076141677
68.9850411113623
67.23799784367374
68.25933399599792
66.57941067160297
67.88958815557976
65.83191842436989
68.2321014932444
66.25619715422022
66.83682470081007
67.741693464623
67.05724935647054
66.43216523072272
68.84103122556522
66.50335931218635
66.92246816746291
67.72578369056568
65.27047086817582
64.4446969707798
66.48763853052847
69.32778052514043
68.60594190278604
66.49268361996043
66.3064426205323
67.43701259213805
66.30122850096403
68.45162844009907
68.25752288987104
65.87279398337105
65.53550232757443
65.50361028104159
68.54171005305328
67.94513237763955
