34.88921221663778
30.641047545228705
32.04418907973367
40.66139951226159
35.160479588852475
38.48858452673711
40.039988676465235
36.82880437528037
36.271776678261176
34.32162237000435
40.042291488169454
40.39141712757727
41.583758595110666
38.69656838843281
34.94013727543809
42.26457029420828
41.91197986700895
34.273307636019915
33.79095604104189
37.01379168315568
38.8816127202856
42.45598249510162
29.55771248219986
42.636347678541284
34.01190554706844
43.44650643193365
35.74649364459381
31.258755537584413
37.19527476914767
31.283691552774805
38.63316747590748
39.039344948706436
36.432438395396986
38.38968884860348
32.407658493736704
38.10328265965938
33.11159948680947
31.737669677738552
42.80982043409897
29.658497938878245
41.971816594717744
34.951364157850186
38.628530274610355
43.563391594309344
30.728878077668103
37.10058809373376
41.44393560566496
29.989285477135745
35.12458512538098
41.130841804457674
40.01269217233805
36.25282151463789
39.94791043279701
32.065424325688895
43.06106189626372
30.378567662523125
36.58225986974662
39.14244898936501
33.74124639671353
42.22092568088455
38.81099653958093
41.8225269492423
40.130578816762196
38.013118099801034
38.872462265036035
38.86302589333589
39.14025621540332
43.05123323983038
33.027819171400225
31.29789308606376
32.99035415923503
35.210320592077984
32.445432345154245
39.80640776931368
43.62642496016385
38.14213861379942
41.58645866907308
31.50222526791331
36.08043472123186
33.64691452192083
29.498655528476128
43.10095000343129
35.707310254473086
36.68300139729684
30.147914474090605
37.78226074394062
41.96358070618282
39.94423596405994
31.572122381042167
43.828356218349256
31.96830900025054
38.32762659265772
34.530072727405404
40.636323750632414
33.43855764194474
42.40985623088232
29.876665412009267
36.000021906999734
36.50607226369728
30.190312732706367
