66.81555409311115
71.80166533545064
64.6907262205441
66.78983255900347
66.44224835698904
68.42162463758422
70.4952533590353
71.76909138591543
69.97965021351642
60.426869176693444
70.52040973897962
72.01231016447312
64.70070529607938
71.31892767877729
67.94561111712794
67.8758272410636
71.86439712923175
64.00211972768277
65.09605717210898
63.71941903154574
68.56007922767272
67.19527145696019
66.89412595349312
69.24351624079056
68.0338992408512
70.8825046348782
68.48314390278126
70.78893824659659
66.35392365407093
67.56626744254089
68.43613837166522
68.32439227429978
69.87975930124229
65.64820409420497
66.75986821608187
67.49546222318031
71.3707334495087
68.92866459632509
67.38775492690773
65.21347449545927
70.14883389263089
70.8258280275376
66.66130681120197
68.69711770905737
68.47871225143476
67.89651302174651
69.49270208313051
69.61363660988441
66.66118980384528
64.5275339855973
68.0538675978519
69.4007255067148
75.10636510917527
66.86453384636016
67.74713058134091
67.65394086487545
71.35287382909316
67.66903461977935
62.46307019559229
67.20028709707691
67.80031948099275
67.23180083886128
64.05794065109457
66.94238992557224
68.96921413564847
68.69147817293275
65.42065865283448
74.23276059156433
66.39268816664269
68.21263973964214
63.13996531475213
69.22836171076278
70.15468362943956
70.96405769024341
68.50978242291376
71.08747799015353
71.23547625594426
67.62104893211111
66.21380058959767
68.27588105297573
68.31820505454507
61.34848398389229
68.47433574958168
69.07622006235336
70.23095539896649
70.9953738907331
69.85755329074232
65.27157415281552
74.40650098773587
72.57209767473923
71.25315001076133
64.03688863989073
66.13087692235612
69.57196684443093
63.88513702504123
66.69395993674105
71.19310620659363
69.57880578163417
67.46621392096297
69.92013349550828
