18.300495124154047
26.946748643509963
38.28275488967141
36.95279882534742
35.94467137325601
19.279517127649584
19.3772275745812
20.138822323150265
14.995877199579214
12.310263421941983
24.654500729392723
26.76747430279527
27.67440725464843
27.669091878899557
16.383003258961452
37.40955791266675
34.784954297397086
19.61116388748109
36.44836753440174
30.332027722965336
23.088555572844307
32.98484211604498
24.300192332489523
28.461181648815554
19.327185905332946
20.116977679071375
12.866019763425633
16.834838818770287
39.81107102407298
23.91415772601815
36.0770742080715
16.975532970326007
35.59247122760456
36.45282439952851
13.36401311643874
40.85380732391807
32.242674825497346
38.708470553319906
40.42167702312647
29.030405540720764
21.339927366626732
14.272424033135326
30.096661800529745
30.18911249464012
12.96858249314496
24.388390344699907
31.738903992720324
21.938290736028158
29.495280397085615
28.869547205505903
30.303892504090186
36.6084966844423
11.20266278882607
24.14510182676819
27.847861072769206
38.04806713815415
18.792797892874866
18.046221953245723
16.53211394618058
23.303066743404063
11.286398828311489
24.475311906887043
11.772430168422577
17.443947969492257
16.71419004640712
11.48403314822756
16.36573636778123
38.88058861368174
29.16980548373334
22.258489872930813
37.52099829998629
18.219292117667273
20.322310764893977
11.58779620227828
18.14687751783091
15.617375389197742
11.68386819662578
30.67402951167533
11.497707620079742
14.617084437728701
23.70218531238666
36.38983031410614
26.86434967300855
19.087214210820598
39.94987197560327
29.120660938807966
14.761182714742079
32.88823033539195
37.9696081048479
14.299068364589465
29.743890939974058
14.320652506699606
28.254007724710988
36.048506787854336
14.279348968950199
25.31701207270804
33.74546017690768
21.72686778371936
17.61395154762608
18.405514944888544
