7.714466545905039
3.702666715333944
8.254668511777867
-8.740883996234249
8.51389910860472
5.819407899914108
2.686484765278136
8.445595118925231
4.90308528816276
3.4054830967761607
14.214435270957129
7.455648709664067
3.5662066441177274
3.6122194578884397
10.472578455615883
10.360190050937593
4.044768738852618
11.15724475134125
13.009532903921654
3.1544237793171126
3.480954493759084
14.821379507551523
5.383725908186238
1.1991661967330085
2.1355367050985423
6.6990575986581975
5.651325549466193
8.845953171712214
18.05798831434697
14.360160647352473
10.006528595386659
-0.9248975424171721
