0.3404568429952653
1.90728474361511
0.41792801839983695
1.1363895520932235
1.083694942330629
1.0199064608300767
6.201494998413721
1.527872336732554
1.277075472720165
2.1364511380125646
2.2861715647451817
1.9251999988509156
0.3358413196551564
1.3845617493365845
1.4323361058306698
0.9900217715220327
0.59358053572809
1.7318154622271753
2.297820414811692
0.6653823277305313
2.0438156527738927
0.8246156814572647
0.6558689808262683
6.501290177643807
0.8923393032349467
1.7494733424399727
2.2640457661973783
1.582475858963416
2.5374026964025576
0.1752719265816997
0.4796646079103393
0.8243438274995369
