0.45364661301838494
7.447184640199677
8.962393424716037
-10.580892268041415
12.853316128584963
5.325452258490902
5.479001098802694
16.67946928726491
0.5850929044573818
7.353988450865333
-4.402482320439919
-10.360835836549985
1.2618473882189802
0.9535053975066303
11.615794375311337
-8.27060573190406
6.948910880848496
-7.548515488755434
1.257943753617067
9.391871371959812
-4.239005878042381
6.207037071801047
-3.9172044569686157
10.717223158930574
-4.282847972743437
7.55352725816934
-3.4287096705075433
3.120266390252854
-1.63607331739908
8.910029414705704
-16.76138328905435
-13.568459775928348
11.366034055393838
8.873346197063643
-5.017127714733391
21.015902947914277
-18.117119818739873
4.289471291070249
-7.025554469243692
2.9982584614919574
4.554509097380029
6.082944457632283
1.3513424205989744
-3.304573871369687
-12.17639370844044
-3.3845726616068745
-17.039993374503354
4.957587366448406
-2.4711615648344134
6.44050261136588
-7.765316001387202
13.912822991866955
14.110150524269121
-3.189243131632204
-3.3216383792130895
13.340818795123617
-17.32369894189766
8.036276308189269
1.300728197561994
12.919314447270342
7.369023315835094
14.257683286524989
2.29493226192449
19.685262580973408
-5.038521209787651
-4.4801671609786515
0.3000873818979315
-2.7891500974324615
-7.666439713615484
-8.148669365566722
15.76624186853334
13.527648363925564
1.7780156654338692
-1.1047514878760332
-11.055074929372767
-1.334416397151141
4.274893479573086
22.835360777686724
0.8540035974834577
12.473529821388126
7.963355645946153
-9.889218334013188
6.484779724239242
-4.867762398788798
1.3898260436086072
-1.9192588001392679
0.8989078241827559
0.9754212883193323
16.116146180501723
18.259121865288932
7.509665866415096
6.431973968481721
20.346830873901958
-2.0337380262096936
4.6947057233039775
14.267604252869154
-0.20654862384549766
-1.7996213117924178
4.81109030585465
4.528420227339836
9.085322189591292
-3.3846276642912017
8.84870510877526
-0.9793486310694894
-3.7964276769118603
-5.053875725987689
9.121956556503946
8.196314649925242
-0.5978518391396803
2.212539863399557
-1.1656378458210863
-4.022388350994129
-1.133238439011207
4.32977080197314
11.215716921268548
3.1592510440189177
4.464115880666856
-8.13324143262836
14.784123085273444
15.52129183646666
13.32027029450061
-0.769933108475898
1.9997185519465677
-6.635851666862896
4.991329426004286
-0.5190967876983179
0.4210643954838331
-5.808067290473083
