5.0341699530604735
3.851652562093153
1.9238111204961044
0.5668798632503215
1.2791170447758096
0.03346855979480181
10.163478247932147
2.0596719410233955
2.056377771040252
1.1670623221632914
1.659353466767298
1.0615083083707118
4.300809270956424
3.4756135460211652
3.5501012198370763
0.26050905638180594
0.47266877671520263
2.2248291588895115
1.933094720477858
4.949199435133534
0.08842747234355589
0.5898816326794908
6.639311360980466
2.137673329661209
0.7579222312585213
1.3830270299350143
1.875890035954718
1.408480461298997
1.7176399100657784
5.612508472045387
3.292111931708344
3.6233215108511487
3.5518596830230895
1.497722171051455
2.8342077653223385
0.9886439679051732
1.3136223869640464
0.6520645428111252
0.2072240299318535
1.2219071020232446
1.5649370394352013
1.2176576884573698
0.6194440393069895
0.8263323968741391
2.829768681863922
6.551508214792552
3.9206036158613564
0.05246018211301672
0.26616703016612747
2.0735424615
0.4280039153960202
0.479372057116501
6.5186086306038185
1.8240422118796247
0.8726748002894116
0.2698783013329914
0.21675298725213207
0.279957587883911
3.272313315069212
7.863734928332435
3.1570802310523938
1.0628439557103928
0.41163154749426534
2.1548109438261753
0.6653282278728939
1.678327447414277
1.170371002470909
0.648006323314176
0.24867946884482128
0.11352207137180943
0.3790416473064451
10.131734168972637
1.055137598724197
4.128863802324593
1.2692043595441387
2.3357810197955033
1.3492446259447402
0.6022583052468206
0.8957278130387781
1.4368866397035276
2.2886454754306786
0.36478939903045676
0.12587055239957481
0.17534602443210429
8.185865668135795
1.377692583905914
0.03878722461808107
3.8400702706391674
1.6349310102020151
1.209982675516307
0.025526356355379275
4.678214113603526
1.110197583387192
0.5398741192755989
1.5482388708450006
0.11881231089898095
0.3606278745798368
5.333303060198804
1.757484974315014
1.049343375953199
1.1358215917591201
4.930490099736434
3.386144037278665
1.225962514657466
1.514116644099492
7.642594750461533
0.2599612829064841
0.4024333930334265
0.08509891453329112
0.1593698426821768
0.004020355975297705
1.7844140638946389
5.167873726140867
2.588190672848894
1.4567481876295427
1.5587141034324201
1.920899163347726
3.5215894775794765
13.08043119525345
4.560299537263636
7.036383370117888
0.20716802795730882
2.6183623055470426
2.7122879806339246
0.28933799442851793
4.990188432199462
0.29113354744536535
5.438453154021198
