38.52671671146942
35.69730758520554
45.46991620917465
47.65249902401707
38.921035120707884
55.036621831663325
62.93022391979884
40.80296536516894
50.01274496000463
71.46327993877279
50.19658254667757
57.6251987000536
42.571971244525194
45.36698123552426
53.50476731777456
51.1076647438932
44.32974740795488
47.07896245516226
34.61739102528028
36.25273120551418
52.82511274965947
36.063360698870014
47.683069704823545
51.75899720815695
45.42316080498971
51.12040129141075
37.56506105313719
38.33442142148755
62.58714429008524
49.13261262705891
50.40266431725491
46.123571411555
37.02011453762081
57.72451698743333
60.555517805144625
38.43050385669458
43.75122381264203
53.42134740799546
57.15595386756171
56.347437647876745
42.99806672946462
52.12409411696492
51.98974355887091
41.103740157935334
60.56463428202471
49.56759742453442
50.76956852913359
64.68762504305946
32.866850961911474
59.054918553028976
51.82302938222061
52.22584118121975
53.29585514147568
30.17367764242674
56.94008670398913
42.64688347549433
51.470742641759415
47.10412018921572
38.056425483697794
56.6280086059474
42.276299720294425
51.20001318435821
59.72276979137652
35.7957510691704
61.72295294176767
33.369067783124486
43.06477552194037
56.901875145503055
64.30434110035438
50.38868775461913
49.29751486420847
39.50060147297006
52.51063676193688
53.91698582218777
52.81157467034025
59.273580695174545
72.36948347789948
51.49788030426468
55.1700458919194
45.32363410829311
56.209576813666224
52.794410434000476
34.92004009553128
34.752360431132956
45.7325087405594
59.61865663173082
59.17939330865056
47.1228980819233
46.27839707639453
36.30623117570845
47.780581066849585
55.08349483899947
54.238818454679276
34.095700281010465
47.31166693498236
69.98276853020948
55.8021961361089
34.50202678211563
59.4360042625847
61.17413032491839
