32.547054719188424
28.47099977236807
40.089039485627325
26.188661151372646
36.54448999632845
39.63081846651657
33.27563129970397
38.588429850149254
24.34233260783951
26.686525968963238
24.64749020007321
27.69055662209903
41.07876153273327
38.61708460502102
35.62122496786088
28.215505205603687
35.79949437135674
28.586230042236473
41.169731356108855
35.758814446256494
20.570421039738804
26.053746585602035
29.003733499447762
29.83892748469644
31.043963527797278
44.751670987577896
24.93930996508813
40.50473901069466
44.23625158591183
46.0075354829396
26.624638154328977
32.351996624109304
21.645527517493402
25.582151799677654
28.711956154373055
27.08986535868113
25.538341723097187
28.455988967467206
35.08158791765222
24.763346514654003
21.400375213912074
32.98800373927517
35.47990573783355
30.64449342902608
37.10634389559162
30.71987017970382
28.316929367024777
31.7210628961271
33.9377917881338
35.501519734856494
30.75458649206503
30.533388824809542
36.24949409500961
20.59958203222505
36.321184256200226
38.28412858430261
37.37876952132754
23.803474472025748
41.111250378808236
23.991777092212295
40.88513642749176
37.459740038285986
26.930781363823666
42.2370321957755
40.094594435410656
25.505611411012847
29.282213390023166
43.99331099404432
27.517947364563575
41.12774829925753
40.608480378325424
22.74205994962203
23.341613292353674
33.06887538722044
42.3674538103472
40.217282203307406
28.58707868241693
35.458574184966594
29.96469095908767
27.08255377588717
22.019246490790543
42.49674441661453
21.304220255738603
28.896773761310808
40.8529202752195
46.25384571632352
24.29614617923771
29.67741217877184
22.931999432523355
36.918915627926935
39.464363342932174
40.55064017273503
32.47981962466095
23.672071143451742
27.9241395944413
35.99675649972242
21.480713035983847
24.03686748388754
41.71661537749621
28.833358481052073
