22.97979797979798,1.0,0.0,63.49788492668392
20.353535353535353,1.0,0.0,61.04963668978558
7.020202020202021,1.0,1.0,26.19476431685488
22.373737373737374,0.0,1.0,-4.515922186191788
18.13131313131313,0.0,0.0,-4.329172931080376
5.202020202020202,1.0,1.0,17.533036162978163
10.05050505050505,1.0,0.0,30.40773958808885
8.232323232323232,0.0,1.0,-3.363794917946666
19.747474747474747,1.0,0.0,53.59221475291999
22.97979797979798,0.0,1.0,-4.6891666419965
17.727272727272727,0.0,1.0,-4.174807857122573
23.383838383838384,0.0,1.0,-4.644896796144218
6.01010101010101,0.0,1.0,-3.1670239658470076
23.18181818181818,1.0,0.0,62.326280111075604
5.606060606060606,0.0,0.0,-3.019933051713262
24.595959595959595,1.0,1.0,68.49332070704152
20.15151515151515,1.0,0.0,58.756601982043776
7.828282828282829,1.0,0.0,17.611670789833042
6.818181818181818,0.0,1.0,-3.308205610315857
23.383838383838384,1.0,1.0,68.12749805948096
9.444444444444445,0.0,1.0,-3.4522093284073185
18.737373737373737,1.0,0.0,54.89658753483041
8.838383838383837,0.0,0.0,-3.6007165978838174
24.7979797979798,1.0,0.0,75.87451910118803
16.313131313131315,0.0,1.0,-4.088760220858715
12.676767676767676,0.0,0.0,-3.6410183152111384
22.171717171717173,1.0,1.0,62.02315889230264
23.585858585858585,0.0,1.0,-4.58679452974807
11.666666666666668,1.0,0.0,34.78205815306869
7.828282828282829,0.0,1.0,-3.2964115715967184
7.020202020202021,0.0,1.0,-3.3467157343398446
16.11111111111111,0.0,0.0,-4.211721724536702
9.040404040404042,1.0,0.0,21.36764780201267
9.646464646464647,0.0,1.0,-3.656983447161544
8.636363636363637,1.0,1.0,27.30995723403518
17.929292929292927,1.0,0.0,48.25744621060842
19.343434343434343,1.0,1.0,56.90852124288014
20.353535353535353,0.0,0.0,-4.575890116750815
23.78787878787879,1.0,1.0,65.38044916035685
8.434343434343434,0.0,0.0,-3.3313660982517965
12.878787878787879,1.0,0.0,37.14535520767443
23.98989898989899,1.0,1.0,71.72935323966769
24.393939393939394,0.0,1.0,-4.719462841910421
5.404040404040404,1.0,1.0,14.231203654270782
11.868686868686869,0.0,1.0,-3.696409472683033
9.242424242424242,1.0,0.0,26.134448295608777
8.636363636363637,0.0,0.0,-3.4216377531000024
14.696969696969697,1.0,1.0,40.70785366089015
21.96969696969697,1.0,0.0,62.57748275927299
14.8989898989899,0.0,0.0,-4.024124139045952
20.555555555555557,1.0,1.0,56.98879863014648
21.363636363636363,0.0,1.0,-4.518994215797107
19.949494949494948,1.0,1.0,60.12136289287667
5.808080808080808,0.0,0.0,-3.2313985204035296
19.141414141414142,0.0,0.0,-4.377841987792609
16.919191919191917,1.0,0.0,48.04078203257785
16.717171717171716,1.0,1.0,47.159597088901606
23.585858585858585,1.0,0.0,65.96347972716897
7.424242424242424,0.0,0.0,-3.267529195149792
17.727272727272727,1.0,1.0,50.063659052861965
15.909090909090908,0.0,0.0,-4.094039898830496
13.686868686868687,1.0,0.0,38.68271393700573
15.303030303030303,0.0,0.0,-4.027373101456822
5.202020202020202,0.0,1.0,-3.2195348485277724
6.818181818181818,1.0,1.0,18.62983963260664
22.77777777777778,1.0,0.0,59.40363972883045
21.565656565656564,1.0,1.0,63.22281557372587
11.666666666666668,0.0,1.0,-3.6544967195359574
11.262626262626263,0.0,1.0,-3.727419750787939
24.19191919191919,1.0,0.0,66.29458327493624
12.878787878787879,0.0,1.0,-3.745313632839236
18.535353535353536,1.0,1.0,48.76821192246221
18.939393939393938,1.0,1.0,49.45349083434715
15.505050505050505,1.0,0.0,41.12668686474674
12.272727272727273,1.0,1.0,32.58394767054188
8.232323232323232,1.0,1.0,23.754832585588662
15.303030303030303,1.0,0.0,44.21961162527664
15.1010101010101,1.0,0.0,40.08331169833989
25.0,1.0,1.0,73.69567209109078
10.454545454545453,1.0,1.0,28.892081657098537
19.343434343434343,0.0,1.0,-4.3250974639466095
19.747474747474747,0.0,1.0,-4.414551219935453
15.707070707070708,1.0,1.0,46.66011501752553
9.242424242424242,0.0,0.0,-3.309964155498478
12.676767676767676,1.0,1.0,34.277676614621456
14.292929292929292,0.0,1.0,-3.752196085760007
16.919191919191917,0.0,0.0,-4.195952672535195
14.494949494949495,1.0,0.0,38.770771457845356
21.767676767676768,1.0,1.0,56.55023619930726
9.040404040404042,0.0,1.0,-3.3948216754006
13.484848484848484,1.0,1.0,42.120244308014115
12.070707070707071,1.0,0.0,29.742776529261846
11.868686868686869,1.0,0.0,30.822261920093425
17.525252525252526,0.0,0.0,-4.144187366410307
6.414141414141414,1.0,0.0,13.512596684090184
7.626262626262626,1.0,0.0,18.650987594120053
11.06060606060606,1.0,1.0,31.358519471963934
18.333333333333336,1.0,0.0,50.49425971568373
24.393939393939394,1.0,1.0,66.30163936830499
9.848484848484848,1.0,1.0,29.22300919460838
22.77777777777778,0.0,1.0,-4.594236871994577
24.19191919191919,0.0,1.0,-4.590689842993145
9.444444444444445,1.0,0.0,25.646752694539718
20.15151515151515,0.0,1.0,-4.427292218932091
7.626262626262626,0.0,1.0,-3.3121710280635743
10.05050505050505,0.0,1.0,-3.450127394442551
20.555555555555557,0.0,1.0,-4.355182335322465
21.161616161616163,1.0,1.0,59.709271662366326
19.949494949494948,0.0,0.0,-4.437660694561417
21.161616161616163,0.0,1.0,-4.55847338362673
10.656565656565657,1.0,0.0,30.494420292343396
13.282828282828282,0.0,1.0,-3.854943164303054
17.12121212121212,1.0,1.0,47.70450388640105
22.373737373737374,1.0,0.0,62.012772932365415
20.95959595959596,1.0,0.0,60.92253395091941
17.12121212121212,0.0,1.0,-4.219123922233301
13.080808080808081,1.0,0.0,38.22020212620355
19.545454545454547,1.0,1.0,57.288689397306406
24.595959595959595,0.0,0.0,-4.944852307657993
23.78787878787879,0.0,1.0,-4.838540910268492
5.808080808080808,1.0,1.0,19.602842531981153
17.525252525252526,1.0,0.0,50.530239564487104
11.464646464646464,0.0,1.0,-3.805967463532243
25.0,0.0,1.0,-4.735043879727179
13.88888888888889,1.0,1.0,36.23921768025479
6.616161616161616,1.0,0.0,21.307551472345178
6.212121212121212,1.0,1.0,17.623697954427694
17.929292929292927,0.0,1.0,-4.242651964612136
20.95959595959596,0.0,0.0,-4.486650962875617
15.1010101010101,0.0,1.0,-4.019322744208833
19.141414141414142,1.0,0.0,53.54232842682869
14.09090909090909,1.0,1.0,41.3834948171541
13.484848484848484,0.0,1.0,-3.824380126682714
9.848484848484848,0.0,1.0,-3.587571474991021
17.323232323232325,0.0,0.0,-4.127000427782537
18.939393939393938,0.0,0.0,-4.422510795891533
16.515151515151516,0.0,0.0,-4.115766552261824
14.494949494949495,0.0,0.0,-3.9791440094112946
13.080808080808081,0.0,0.0,-3.6489245382218494
21.96969696969697,0.0,0.0,-4.54343821488906
10.252525252525253,1.0,1.0,32.39492357191823
10.454545454545453,0.0,1.0,-3.5481853586072267
18.333333333333336,0.0,0.0,-4.313937556669428
23.18181818181818,0.0,0.0,-4.608349792511113
21.767676767676768,0.0,1.0,-4.615401310973926
5.404040404040404,0.0,0.0,-3.2010473720447217
6.212121212121212,0.0,0.0,-3.255920041748156
23.98989898989899,0.0,0.0,-4.618030699008516
24.7979797979798,0.0,1.0,-4.8773372143352
14.09090909090909,0.0,0.0,-3.9678415409744705
5.606060606060606,1.0,0.0,17.08747903865795
6.414141414141414,0.0,1.0,-3.4575269194181684
18.737373737373737,0.0,1.0,-4.226865565505414
14.292929292929292,1.0,0.0,40.59547980781576
12.474747474747474,0.0,0.0,-3.7672562163447267
6.616161616161616,0.0,1.0,-3.309951875841477
7.222222222222222,1.0,1.0,25.514351239496357
16.313131313131315,1.0,1.0,48.997436414269906
10.252525252525253,0.0,1.0,-3.4411714395545676
15.909090909090908,1.0,1.0,45.48796591439328
15.505050505050505,0.0,0.0,-4.0154589370522125
19.545454545454547,0.0,0.0,-4.408841087237513
21.363636363636363,1.0,0.0,65.4538184966524
11.06060606060606,0.0,1.0,-3.5523537233565077
14.8989898989899,1.0,1.0,45.76809998465164
13.282828282828282,1.0,1.0,36.86879970810864
16.11111111111111,1.0,0.0,46.02392588816459
13.686868686868687,0.0,1.0,-3.751253521603183
8.434343434343434,1.0,0.0,26.19904099139726
17.323232323232325,1.0,1.0,47.763045811861595
18.535353535353536,0.0,0.0,-4.261019434180681
21.565656565656564,0.0,0.0,-4.4222162875241064
22.171717171717173,0.0,1.0,-4.542651945602007
5.0,0.0,1.0,-3.1974385298468175
10.858585858585858,0.0,1.0,-3.6527416546617832
16.717171717171716,0.0,1.0,-3.9523280765213773
8.030303030303031,1.0,0.0,21.603231722311417
22.575757575757574,1.0,1.0,66.01348422260679
6.01010101010101,1.0,0.0,19.39957804856552
20.757575757575758,0.0,0.0,-4.377456651246253
14.696969696969697,0.0,0.0,-3.9222879356578777
12.070707070707071,0.0,1.0,-3.666233545214541
11.262626262626263,1.0,0.0,36.34709984340159
9.646464646464647,1.0,1.0,24.624540607325518
5.0,1.0,1.0,18.006425611181843
10.656565656565657,0.0,1.0,-3.6015223768589233
15.707070707070708,0.0,0.0,-4.074457230977117
12.474747474747474,1.0,0.0,31.763887161785846
16.515151515151516,1.0,0.0,48.827517821633506
13.88888888888889,0.0,1.0,-3.7491768566394468
8.838383838383837,1.0,1.0,24.596045148708836
8.030303030303031,0.0,1.0,-3.2549744073105917
10.858585858585858,1.0,0.0,31.16055466022113
22.575757575757574,0.0,1.0,-4.709991404853005
20.757575757575758,1.0,0.0,57.589273961610004
7.424242424242424,1.0,1.0,20.20706232698435
11.464646464646464,1.0,0.0,32.457005512280794
18.13131313131313,1.0,0.0,53.79753962782925
7.222222222222222,0.0,1.0,-3.3098500196963663
12.272727272727273,0.0,0.0,-3.8395204079429774
