23.09499374751661
22.674253900398163
23.276419127724413
23.98514593061083
24.322046336493404
25.968052577666448
25.963812987154682
23.80581336709365
25.258434536542747
25.081575610438353
24.33919151603301
25.01261121890059
26.51621714281131
24.123395574039225
23.614657524968905
25.941048193621995
25.65529237750709
24.11439927434087
26.958406226894212
25.541514923439895
26.630037324501338
25.178631093548958
25.044313885965686
25.49829838903029
27.289668038354673
25.917953900318174
25.10963421958238
26.70601977021648
25.34650337274505
27.50343351925755
23.16019097463726
28.236758190273996
23.69708018527597
23.26853921245725
23.75841661250708
24.573642372555632
27.04765218205337
23.78084266826437
26.21446593832201
26.431777271298607
24.542843754960295
24.969326341355274
22.67809852711853
23.373246738083974
26.823581454959115
24.909627536531897
24.078262914315747
24.06845156042843
30.14354273330758
23.84661291680866
23.011501248412802
23.256441110991858
25.61104556866323
23.94637195867637
23.445001043669677
23.86714778733474
23.00247054497018
26.577877477313145
24.721615204853695
26.03735109259424
25.010974812711463
25.9741774655842
25.97094427444861
25.338556880481182
23.52709489268837
22.460708676047943
24.419209494851412
25.913746767672343
24.6784868441389
25.63923761863465
23.06659518720491
22.56562688307223
27.126468035797075
23.711577852259413
24.450005947165767
26.871416077976313
26.272098068688493
25.74585054704474
25.747977039826154
23.513526522123165
26.90530099003693
26.11021479771275
26.791313665345225
26.372790156866465
26.146138841912325
25.569840707446286
25.558450440288265
24.200213266533005
24.08075773766625
24.626574354044717
24.94335142045027
23.110222668216437
22.99567560727312
25.106757600902124
24.83824886075407
24.135564761903762
25.442648764541143
26.678989281399026
25.884683180639517
24.656597899918154
