66.3202383614891
70.5523106603767
72.40624864003591
74.1879174719016
68.3885229936116
77.71575415489019
72.169590156541
67.95021811891115
76.87028261781947
77.88483031252771
68.95910650112904
64.37326066549927
64.98661072546172
70.20188940241246
75.0780503259719
74.96015302454727
66.2501931602183
65.94668352034924
77.40787707045729
63.81490196767664
69.0720342351773
68.77644058102833
64.94171056722423
68.03863855411434
74.06957218585293
73.91094097373
65.77666378556793
64.79752009615633
69.3634946898019
71.62714246791916
73.6657663315078
76.48791969045728
72.99353413810526
71.65666053397773
78.18159614803012
76.8148920572355
63.392060335288484
66.69276109657561
70.77810495213981
75.89151964687686
70.02687661597426
63.191435261444
63.42023099606213
66.32780986106617
76.65036031746214
65.34652732518705
70.53649562441849
77.95097426320295
64.40301223682933
70.43708668470852
70.31653318325557
74.54918225839296
70.14743171643309
73.7316904795625
75.8601660632882
75.94086635631972
69.63070019369084
75.45450064075422
70.9042846820632
70.48623174917952
64.59718980715765
74.38477201105987
67.89359290454551
71.54384684529485
66.86919956484529
64.70198561392257
74.55019900964322
69.84917916519542
73.6199958947293
75.79872074944727
70.14750083774453
72.57645920316514
67.68134909165737
67.16585255057835
63.742847653862334
67.67729498595847
77.03182263847727
65.15167808617151
65.42831277715001
76.0807650698829
71.99270317985436
70.28684582958117
76.27723799016263
69.23329514789503
77.31855329416919
67.64774381277869
73.28081388311259
74.36270980685892
71.35750727657816
71.68355015733066
63.466211668394486
72.05835268112014
63.67517905961532
73.98396478582646
71.35525794616191
74.40849646551457
76.55394121666609
72.32571775610678
73.29670060555199
76.63971940924735
