42.79493244906979
38.9784433219612
38.8523886263685
43.36190481443344
45.02645369556345
45.392502944813565
41.79905012308391
43.0111318387084
39.178390625659745
50.88679919003679
43.57831705243985
41.67902044381405
47.59293714221761
36.6171889537562
38.710650800186116
42.68788341981615
44.469653945607654
45.337222093896486
45.39438456663271
38.39749471130079
43.46333477798521
44.64276412592677
42.9403493437654
40.91153229320796
45.18916325407152
46.30346759354875
49.21579390514354
47.174314936791944
42.193853049048904
39.713058923617346
45.744127927564044
46.96619674080251
47.48554520389194
41.92959512927196
43.54014618953313
41.73145637542855
42.05441243577391
39.86396613867303
42.73598245014025
39.93493072415954
45.902477270797796
48.14887373053419
37.52856650755491
49.12702950367502
46.68847446041415
47.66471799711815
40.963641573009866
40.67157306215638
40.38666398554243
44.79723334748311
39.9660000830626
41.59991013240537
41.24010773040384
45.95636856800188
40.9854675842436
43.83699880909495
39.912567875645195
41.78540909049376
43.553685492874365
48.22899940396708
40.283732151038784
39.656000255884784
41.33919157229397
47.10933011535234
37.04694495495545
44.21151104958326
43.74091193069906
44.41869554831879
43.57520925937989
41.58676513595775
45.95563800309222
41.79589676122437
42.68180316946371
43.99474511613298
46.981450195409565
43.364025176458945
39.82731561698491
46.485651624276514
36.61172095799036
48.28321858942144
37.393457317488156
41.22503619687348
41.238591035485484
44.97436034151339
42.14265818433169
47.06515726610317
38.850358874353674
44.4472498401771
45.737765349069385
46.50361550277104
43.10702281004521
48.687787106790225
44.44306024436806
44.3675225678702
46.062094351791494
47.725827133448405
41.05199153579563
39.052679499793996
43.48878292937451
39.12788056094057
