34.4488282332035
38.00229465674548
38.85686355369452
39.53127323122113
36.020590675180806
35.486346488015705
39.3899527329246
35.09542549858373
41.83244266122371
39.045033050243156
34.3853810402236
36.23250592286287
39.8720201448227
40.43336415679888
33.76477944958524
40.87754423253626
39.61637476724693
36.10458635054018
36.13822408853335
34.38264412483464
41.71682198801196
37.144212744216404
34.554791932048715
38.518833433224344
39.709256190499374
37.08591485510943
34.03770960449023
37.01794305375843
33.19695929954561
33.35903683499899
34.45713859008461
40.057905944460074
33.543209736418405
33.43838506405267
37.016072812311194
41.67042857924613
34.43866289333993
38.87758502586065
37.870609315631356
37.451443166897675
33.9718723081687
37.78877011338054
37.2973915841922
39.32167339741311
40.11726591243134
38.84062300458558
38.470125331809925
41.566608511901435
38.91373725480541
39.69110744602875
36.248574835384126
41.01321702967394
40.58611590239702
37.93619461486307
41.84344450503431
36.259559638302136
38.296957294675536
36.00107902957906
36.15768073275137
33.22767109752915
36.11021573956042
34.20435022555307
34.6215305071496
42.011266206407214
40.62503185804492
39.95673036619093
37.19456293650169
41.49250172441257
40.13067230219817
40.14526938293583
37.0955542578468
33.67163236707452
37.338766333859844
35.53873118860361
35.27191172655025
33.7629156071068
38.97077443715444
33.172050635997635
33.61668343382925
35.4744409360367
36.62732795716271
35.015910219286866
34.84780148245249
38.97180484294245
36.0994641503634
38.33203178871998
33.89201869392608
37.8024727303921
40.57427162046625
33.09555455029848
38.56637198537206
39.46962863062676
40.57936423827986
35.70485084241911
35.97393814847494
36.057284013323276
37.77740078063478
40.669723831285786
39.4476470840159
33.10597643244674
