62.42893493685549
64.23276794526925
67.55010945989835
64.61026704345444
66.43986017203942
61.47014429037898
64.63123878807374
61.563969557797876
64.78799570106376
65.07231973057547
66.13511297788916
60.42440815825533
66.76308009461543
66.7448254665032
64.4409991383779
63.823868764946475
67.0074802325852
66.6061250121284
66.44140412604642
64.34051282515208
62.45127225791888
62.44683091667401
66.43897653499722
63.41228158475319
62.882707926927985
66.91282611374628
63.45989766910579
65.87253208955951
64.52988386488884
65.36182430381943
67.92510980263293
69.01404424364377
63.464784195942656
64.88517175743245
66.64729222217032
65.576935294166
65.16960984281685
66.77312510868228
64.06477047143487
61.55910304252915
64.94597050730474
64.6539707773442
66.71584590981516
65.39719035983263
67.18992820395943
64.87708710614504
63.51272617050371
64.19946947581332
62.77266327948941
63.3785987039831
66.21600240187854
66.5365840537654
63.70230637465874
62.62739275345175
60.7237435460637
62.21537645030243
63.54049107125549
65.5467103252729
62.78559234241169
61.15776461449329
67.5886333929463
64.33218419688
62.21211351167414
66.61419257186806
64.27696702492744
64.87105768188589
63.78374895924339
64.34322499755388
65.54933803759818
65.5789399588206
65.24429725973138
64.42503128785013
65.97738517645652
63.846852116828494
66.06427731162526
66.66693057106794
65.18888609404816
62.012455624591404
65.0967401339954
64.94813375956227
67.39512065414867
63.01887357583903
61.92500057662583
60.62062737637846
66.15201730446286
63.167325045075415
61.23719501575385
66.55021401844805
65.59769437447649
63.910033093983216
66.66425069046096
64.56110435476945
64.87249613227097
61.14104271062451
66.4349945518539
58.416980520835345
66.96225189007143
64.1674817546946
65.2357348752988
68.13011086153833
