42.92614277416177
44.653207981426995
46.90520479352168
43.88941322159723
44.209037916020876
42.32144514608971
41.052261045586654
44.04744350848092
45.279693834886636
42.21274762322381
43.52442825606948
45.25908018910247
47.489784761151256
44.06207206621163
40.26651170320226
43.02380721565363
41.773279645627326
44.08373342414772
45.891262410900765
45.10716436922818
42.364873873353005
47.395005860677784
42.14465448271805
42.57538801917955
39.3102384792379
43.71192674280208
42.12999455908313
47.4057446565274
45.61247570180992
43.12871285997116
46.09095208419229
40.96627379899587
41.316618847172094
46.72827249758393
42.39174650748076
39.70064421234751
39.55173010492028
45.26466825253055
42.03484565406495
41.4118114150345
42.804174355756395
42.760661151341964
42.68762121102082
43.09911996638725
46.89774327419207
39.86708363899595
43.75415166760821
42.61790112230225
45.22821627160623
40.71248475193149
46.51829232734354
39.988885217888814
42.21160233745838
46.91190560523149
39.96736775294592
41.577846435371164
43.286469477872046
40.8176413117044
41.26129076412941
40.79797985864673
47.20783344125067
39.03154314822289
45.33069976522408
41.69435379095782
47.149416568056026
40.79741772995085
39.63354571277076
40.329203080555914
41.67155512242781
43.51679214448257
40.802713663043754
43.20888857094986
39.33879914472261
41.44103873790442
43.02307483013248
41.25827336888818
46.28551730280576
46.299580773292924
41.45990898076623
42.515979502071815
39.66662074856025
45.420244195992005
41.9567540040812
43.03605364801607
44.58423465112729
45.46604865137119
45.86122384182707
40.255789753505745
46.58159728260679
40.10245485927018
43.11250310171797
39.75665053038494
43.43063618062692
43.070937090721074
41.26640967578555
43.933897554479806
39.55688303352428
42.33133051292319
45.55369322691655
40.829020052680846
