1.66894565337467
2.907747835028733
0.8710691977681044
-0.20638622284147318
-1.3855421647501363
-1.4174692248926086
-1.3963916658371773
-1.5417860572652136
-0.22788156579160565
0.3750664993127489
1.8380228997846328
1.7727776182388522
0.3685565015528811
1.0840602252580638
0.4859927403383683
-0.4911056145327751
-3.1475166632830103
-2.7674005831005193
-2.089482236760437
-0.4688918342817975
0.7357549647744104
1.3021440771396158
2.7106910298800098
2.2760672352367752
1.3048140656487317
-0.9684759226973674
-1.195594003890326
-0.1393970471913324
-1.719089579203243
-1.0291957703984973
-2.0834300619492327
-0.5698138952789946
1.5336962490242285
-0.27578687170605987
1.9473394186397712
1.8026481924184299
0.4376830767673571
-0.1329834479879171
-1.7601299694113042
-2.5671600114591877
-1.1470538297160513
-1.1430381722205971
0.9646713009410397
1.0029966659886334
2.0712213786205336
1.8144872823632656
2.2951936666358965
0.7820803487946824
1.1570579525456253
-0.8838880140582267
-3.364621501065364
-3.0172830383814673
-1.8068290393809727
-0.9036697945560244
-0.17801850522800183
1.6285199319834056
2.174087162501798
1.5704058835189831
0.6808723907512921
0.5283182159324555
-0.2163690595426313
-1.726158248004976
-2.853591521502627
-1.9362432840383967
