-9.34088085384849
7.03102814463932
5.427214191383223
-5.640560266720355
-6.894382040770198
-1.9645582113663975
-1.4725299035912984
3.394871174788488
0.6291329678307163
10.394692247873445
27.199970674069718
12.490841754490383
10.817627264567792
6.086866615271128
21.374081059421584
15.048773377419835
11.801221000481162
3.6949553677763465
6.298007701338703
37.00894810887783
16.77895956807163
17.891280843163468
26.92162157062707
30.579983209274495
19.136135951005127
12.771677659642574
33.0072093869595
21.765856014855814
18.44277662873632
35.47613463753461
23.544940944683773
28.360746261709288
19.322919455089746
38.199586187467986
19.961915239951956
31.837630038128992
35.95829548708785
25.934799126961444
43.37277285999119
31.78921658493702
28.47873747560195
36.03666947377391
39.19720006250289
48.50645713087996
36.85607111354976
24.951865065626478
43.24441184183199
40.55045305601714
36.727085049872485
40.14042264579906
42.95227166004187
54.04466994494455
52.47331588453018
46.55752024088601
44.78008006807991
44.21369446626204
37.541377290920764
51.454474500470766
47.08987951190081
48.56674435037462
60.00607531271838
59.96188634345907
52.127349627619154
45.998731663674725
