32.73202029534888
33.9723710329562
33.683303535179974
34.79219699269871
35.12578303605062
33.99474655674215
35.31188638021676
32.72953770632082
35.55135300468737
34.250695371942115
32.980368991254004
34.68861817050615
36.93847577689173
33.73785833832096
36.9201837721635
34.85824580904668
34.23196476307513
35.70457161607588
35.340678995970606
34.6189547340441
34.16929857652605
33.42939220121408
35.500606029914806
35.09294762610471
33.55602494361525
34.59059723836853
32.84592047917117
34.491924228091406
35.84501408963897
35.74555961764054
35.01319951526268
33.740150513099444
35.90228675902887
36.38548413502917
36.20831433760975
34.29546424141058
35.91654337407842
34.452470645257634
33.59587811840691
34.743560632714285
36.241711245807366
34.77693162948138
34.76722586365367
33.97345642727075
34.61009162059809
35.05488286164072
35.69669339778767
35.053765844224195
34.86683254149918
34.237489202609204
36.47763660787876
35.62493158351694
34.78020060262118
35.53830846630202
34.3523117874563
34.084608406347215
35.20336719641794
36.67310974120027
34.856397456465366
33.92587839111646
35.94254271317042
32.78392747444248
33.23679070317643
35.12185912521672
32.13954644243463
33.29072071453877
35.41458054086195
33.246931314098006
35.208114920477556
33.594506366706014
34.4980925535625
33.097842069310445
34.34841747817172
32.985654359834
33.98083328493959
34.60102879113575
33.22914656336646
36.43156631937785
32.35279153518793
35.72700152471152
35.4514552349317
35.772004716967615
35.51935942733056
34.90661908679558
32.56414276063731
33.819461047930616
33.820043925522135
34.73621140887898
34.610881023991176
34.36850412179003
35.34243502526108
34.84078905254307
35.07469182176488
36.1962111234349
33.414136628041916
34.013663937812275
34.469495023658794
34.119293335158154
33.94895274126679
35.94869623722221
