66.32257594736797
62.61336985116745
59.25403079442875
71.91651293812085
51.7690059268006
69.52728790541465
74.93600430296311
64.7197778897366
71.74304788118688
66.8836204732265
68.58337949858476
51.708313700673834
70.98462674203982
60.85645667037967
65.39530425413516
73.77571041145609
54.91955734393423
70.13157260724023
50.75173836244754
57.81287136049389
63.21003568826322
58.816379995186445
61.33899430022064
74.1687979921359
54.22966656768132
63.39939405637724
61.25544513353704
70.43058678949826
74.79177441107699
68.34297361057313
57.329540565366415
51.00038660547492
66.06002582860943
51.55885765983336
68.49562831898157
62.01411175298525
68.0400127394285
73.52793419280862
56.03433104451557
61.342794134795575
67.36630931905597
70.94696821945472
71.52460192269615
74.49769050995005
71.98043851657917
53.06857878352577
69.61764386275976
71.90580464896092
57.91077608907442
67.96028928400261
74.81842855134639
51.099818209607875
58.49165883911168
54.76669700860512
63.197141990324894
59.01872011920631
50.27513053192611
71.18274421998802
59.36262642056026
56.977122375241265
63.439815109082105
66.10311387614314
60.02770427990468
64.37730977197828
73.76375582220513
59.97990137383981
65.4284397664308
57.40655054146521
55.44503597417317
59.1825695077435
54.39749500397542
68.72531035832125
68.69024041393855
54.322534508311385
53.47169187840669
71.77321830997147
66.89051714143847
53.173167441154106
63.35309858479844
60.54930461294911
51.161166762051096
58.788893837251614
62.63238518054908
64.54496907496294
59.82838365008966
56.706841825692166
56.322612165438066
56.101927980856814
57.67951282516704
50.53215069490525
57.5187106153269
67.702964254019
55.79237511982255
70.6577265774589
58.52143630775029
53.77027331509772
54.697647557809205
74.6260535427618
74.98829033747913
68.04274784640748
