20.907983754513573
6.010449487929442
3.587627509988728
3.4493982243855843
10.911124239533674
8.705753702021646
9.916778849405816
6.376703268869124
17.929202192297744
6.9941686677676795
15.128965542782627
-2.6791726466472205
6.715529747685765
2.152387566850039
19.16839582242102
-12.232369108628792
24.698724235909093
-4.411726853435262
8.498963061913653
10.811943056886207
25.329867516443297
18.892925448487688
6.833993774829059
-3.406871665429696
2.1442852924295357
9.446311450911764
0.879668765253852
10.180007661117507
2.1220584738722366
6.598610655173352
4.121399807018334
19.163097783123455
