0.03825469441772525
1.0969556933518143
1.1343822879011551
3.3765646025954466
2.2339057614421547
4.06315841183497
5.614756120540713
0.08209799780424443
1.7919854635571315
0.7394790055689727
0.07551280846052917
4.827674564922494
1.502885094641321
0.023421039278760398
1.1732564207625626
4.8499651578468725
0.6260314668786368
1.0285147218955022
0.8832229100609871
4.771540681667117
0.32315553027181815
0.2310349980303573
0.9181281679047494
4.42329861155905
0.04708043759337755
1.7285931205810259
0.9422866698887598
1.698143401437942
0.6292518876609419
2.4112022815183023
3.108408309055688
8.555595587239232
