4.186493753494588
-0.27659854431486375
0.961133237769568
-1.5147904907030143
-2.5755405547716457
0.03095737003962551
-3.42835939816952
-5.60690674229653
8.421370883411196
-13.809119483965011
1.0547319330166909
0.07949773902538948
0.9536214355920232
7.704178299954252
9.698418644061569
-1.7130940186962165
-2.3485919298561218
-7.706783988361501
3.607766096474654
4.221219229504161
8.612131419728978
-1.5058999646898101
6.123143001219845
6.085798827941495
2.045174987962439
-2.8589506612521873
-6.173771820424484
4.584535492307785
-6.552664426371866
5.129427589022544
-10.285041496572578
-0.4810311108260956
-5.961757061528192
0.3754281500003922
-9.32121896091092
3.915603762032965
4.453944029573233
-3.2412554102527933
4.261252919548306
3.6111639918813943
-2.3706599054777513
-0.08621720239905084
-12.518091552963547
3.785448980323952
-2.7542767618338715
-0.3185146844473765
-0.38566745241233313
4.6892783888643645
3.2504633144269093
4.0889133628768874
1.5979105318633968
3.6698598722265325
8.000550571272681
-5.725414711417823
1.422890963662296
0.20557120022758024
2.906401935513373
-5.102359306044288
3.736891006441205
9.114745667438163
5.329290073767792
1.2074757246861765
-2.4215815474786577
1.8113612651556803
8.86690920384307
3.7720865440140727
1.7738492542764561
7.721642606171131
10.064679253313951
1.4062774339086404
12.311943162119308
2.64877860151811
11.031618445441005
9.199799104048902
-0.5241129905624424
-1.1176514168009946
2.8865286974991258
6.246631421876419
5.574467216834683
7.552450271411339
-5.63888725862286
12.841725220175208
-7.314278308899333
-3.7838732093502863
4.508093966724086
-4.950719937712541
-2.4493829578362307
5.763488568403886
12.581345827013873
6.394692383535643
-1.2582363450898941
-4.7207072560720205
5.329194189605582
8.50180750898139
15.141010421885406
-4.079588652228394
-8.370982149831102
0.19738265875323435
8.614934812060454
-4.164870443378781
6.143446239186673
3.955290185121484
-2.27974113496011
2.5140475922979975
11.074389219203763
0.11870455661609314
-2.8770002474313054
7.186671765200923
5.440468175471704
8.075626573665076
-1.9025666713982372
17.36457019997635
8.686625920672206
-1.2684675105890881
-1.9469465627758362
6.098438691935623
2.502955569143077
-4.798261498218154
13.086875203530346
-1.7945867514188154
-2.0952777421713025
-3.4387724875291674
4.383673509189364
12.477694388635923
-7.3197913880561885
5.235516431259652
9.06741981689568
-2.6173460698577795
