0.3158219810297884
0.4734484727397433
3.388266500397169
3.358498454643373
0.5356386378050018
0.40176338697473285
0.7016687236103923
0.1702239096660425
1.3883485456800884
0.5310391655835485
2.415540290974129
0.6440194515037807
0.21660496072655525
0.05042103824434078
1.9440152452483703
0.4331779143721497
0.2001723081240306
1.5852738538662852
1.208901091031502
1.221827739340781
1.4746379427183924
0.7042035552620822
0.8877564677755592
0.46180360002435705
0.6372563563359571
0.6792464353186041
2.491164213469154
0.7100498438954009
1.7025828196526613
0.12496602710590281
0.6863778316288437
0.5623545202930574
0.2442977875703945
3.854116614483924
0.1451301759017981
3.3966639287832012
4.653003519871969
0.8482725659796736
0.7481941007321945
0.05957537192759283
1.5038754680427522
1.1372689552546058
0.07521846440215015
1.1171405176833047
2.898279239366369
4.760131749179723
1.2201689878181836
8.137330604430176
1.4717271958207048
0.3530540251170366
0.012811517582814246
0.015820477082221562
0.5501583470539478
0.6083872107203603
5.565842767227015
0.4805013543497405
0.8836274708459606
3.2782849973049264
0.04186523934578989
0.28558644231939434
6.588765423234278
1.1608229773355787
0.9837340184718095
1.3949705351352648
3.7743226453014294
0.18054508679041684
0.34944296983171746
0.11619359725295536
2.8805903410632188
0.5873557505567392
1.4487355071787766
0.03989299571864784
0.03791988824269808
1.9183862360948305
0.06823659873138728
1.398219331332553
0.29853711402026345
0.967066951263091
1.8551771173323386
1.4636309114782475
4.00789032311838
0.03583645541072342
0.16837629327536188
2.78159895117847
4.116996804063935
0.3228910163736803
1.292188293606494
1.4035399152914005
1.3232166192737136
0.5490757162745747
1.206674499396797
0.8466662487555304
2.9099156360124234
2.029936637301552
0.21048282337596375
0.7834657005601807
0.2442465115099932
0.9711303693964567
0.4767351440382338
1.7819930700805593
0.7236334265973672
0.24356887125590287
0.826069362349005
4.06918243115825
1.7875366087920812
1.301324720680141
0.9809055693553005
3.4119182451344856
4.72272406514257
0.9780306295113498
0.9105848367708442
0.948140538175546
1.1016789391406212
1.6585144397343543
2.974644790818865
2.7720942491346094
0.5394395102659355
0.5138172947912983
1.6351250854455566
5.740761103673768
2.263737858717398
0.8182841857479658
2.028152567948579
1.0401843079341822
1.723770361322877
1.0527697684131405
3.6173440045396785
1.029825951148484
