63.44963973392766
67.77605204658403
65.22763508637927
64.02008036455307
70.36507198283765
66.63255909942215
62.7455305730404
69.36533733448465
61.34895916301662
61.98580128222747
66.20893365930145
65.26776829305787
66.96253725215381
63.07427054777693
65.68392487019646
64.63268930979214
68.50860938453361
64.08477574798194
66.13573429890832
61.852809248757346
66.9803823893776
70.57407123554138
67.48368245956564
64.76879774536417
68.30043988952042
67.51565946152903
68.27492284500558
62.20554584272213
63.8425589671722
68.70358307829451
63.65315901016811
70.51013313854435
64.01834298626142
65.51471134829896
65.28771374084948
63.30101557548599
68.53976636590222
67.29381755592462
67.12617561927985
62.44343199728997
67.79869719001255
71.78349744504926
64.99014039204035
61.349187227565196
56.475182690427914
62.38184026645554
63.21820338489518
61.3312966848977
67.84138323493637
63.23336554815301
69.66511805480306
69.42255220694771
63.46338704691432
66.28791929507322
64.75208469274253
64.54996085254332
62.419650430214794
69.00451665604754
60.65102162355704
70.41409482980872
65.17222828120661
67.55230677170417
61.91891727546385
66.95839310616745
68.45192014961842
62.69221012506068
63.75042471464569
64.57062341424191
62.38505605594774
62.3776232076162
64.89668557985412
62.894890352595446
67.30030282513417
63.400629007461134
66.488377451054
65.96031381829215
67.01346463341126
70.04291440517463
62.3832934629279
62.97154496844752
64.342071940483
67.81543353444795
60.97978983976233
64.95433107667914
70.99759901809139
65.45824948483323
65.018114534038
65.83703406353492
65.52380482333953
67.86068318541922
64.1161367950912
65.94214893938171
69.49290109229652
70.770423887054
68.06750111707346
65.49781037354302
62.43197009909892
65.99332531828982
61.70297877468348
64.93593640437554
