61.994177202542886
61.55293460523838
74.79270000625218
61.29076136618495
66.82424255118922
59.541784609413234
67.82211568412816
69.5017853311294
58.785017067548196
58.015410296422175
61.51143716141263
82.94716323987876
70.85308686918698
79.79796004784555
65.66122840128784
64.40493016652228
76.65200850884492
61.26111153074661
67.96917094833933
56.867447082487345
70.16217181357948
75.21186426905963
80.98444330808101
62.5609053818375
81.59417697324287
56.65322659746829
76.67658643807391
65.8756638330831
64.41689109300593
61.159313392073244
70.29517002165194
82.99244850564114
56.061176561319236
73.01847116923017
75.17665646480992
80.9717086894067
80.33030410215673
72.33366905538685
70.37433159127474
72.83892273425765
61.82067585660499
61.93717043967276
61.557215726749334
57.8616248769803
71.81899493646578
82.24844852101401
80.65297686421755
72.4645846946797
79.98012327488757
55.94942423997456
68.69649556648326
62.19281087682612
57.32355509188443
69.66006179503852
57.52307567726376
77.18492711475443
81.87901148594088
73.54577232621092
59.73179061374748
81.63205138763621
66.13677589200182
56.723528885516274
69.82971880067471
58.72299797423114
81.96907090380257
60.435498293005395
71.77466131891562
56.88960647370204
74.50370769336594
74.94700760286578
80.45176051916553
81.89835898028657
76.63795563438443
75.78501955840022
76.10492456722247
76.05737311650567
66.13398578469643
71.54010617712285
75.04726400780869
79.18415948547144
84.17133954264341
58.456698632426665
57.620766861922796
80.3894736722194
69.22026279213091
67.29470102793253
77.69025516599635
61.175854609859535
61.5232978177836
73.60860501169283
80.58090634205013
76.58386984073027
74.4360400144629
59.32765447949796
60.32689622272616
76.66392782511205
81.53853956486928
66.72157789603597
61.06818906012105
56.717768162264825
