1.9782330674722075
0.5958503646881836
-2.2974216933858953
-2.4431566813606755
-1.6276650346489125
-2.0173315504793954
0.8764553241103806
1.4868689201446954
2.0557668938182934
1.4360176410924037
0.6048664121703796
-0.04273132164974283
-1.5246492933132147
-1.8763959037385072
-3.2337472204167668
-0.7888028787722595
-0.2628857407850565
0.48757245125847193
2.6366952975058107
1.3861321359844032
-0.46137800937929785
0.14074722879924
-0.814162459867954
-2.0885405886866995
-2.4006887919652335
-1.5703505033126628
0.32071623875618316
0.08686401889661788
1.2929043306167216
3.1397033655118447
0.8088093060175652
0.3078754688934046
-0.6603128737815973
-1.7916991229785704
-2.486410143317536
-2.7771585020313925
-0.0982331486441047
0.31600461375330313
1.178815823950507
2.270209818843277
1.3164533996468946
-0.331202782141115
0.31704820970029945
-2.8433254054046575
-3.38327419048694
-2.3414619693274994
-0.514708012108985
1.3958241626760919
2.3723230626480034
3.0366456244868276
2.2171402496457535
2.3137005728723232
0.767136480434473
-1.4941207134767147
-2.0966135126513743
-3.253733116234419
-1.7291037272099972
-0.3690164617038777
0.6967831763848092
2.4956076980745183
2.3960393509038704
1.509933151222365
0.1211007990614783
-1.5383855662329733
