0.4321085338796735
0.6826514828147827
4.060891988680172
-5.3767862857284445
2.3231525806011004
-2.4743014162770054
2.500001087395921
2.973135216305855
2.860568203449142
-4.7299359142752575
8.961939683404477
4.988092278569294
15.22358752873584
7.632563375751156
10.732975670462
17.215767062503907
16.840079483392714
15.586726145074609
9.488711966725104
10.22786398161618
7.613760430468339
10.390137405376628
10.35525414708028
9.62826134145912
8.790353849154322
15.198031737617049
19.28423779921828
8.689632918860447
9.529220308366021
12.270054239348209
18.346845054138612
19.193735080112333
18.421658892475325
7.839743109502157
28.0543193055276
8.480046189597527
22.192265664859107
19.26813040491657
12.953597906015094
19.146425129272448
18.986494878572017
25.99602338005139
17.278967213233305
17.40958968649646
15.756400873109188
23.16771369824597
20.521683961774123
26.464089631140002
32.35097921391841
27.355722704514704
25.006662420982337
22.4838074708732
24.411806819026
18.09246661263363
21.20576564901502
26.36079348175276
27.663295441398954
26.55675118391819
27.66687140385264
31.671469868981692
27.574705837290185
24.322552498835883
32.095780891019956
25.144609682531602
