75.65534164121958
67.1174795404092
63.11308940899068
69.59833398704305
67.96925878400397
65.18586335755927
72.89703760242247
72.07795181748149
76.82138379539917
73.05637648636248
67.98957027174818
73.70859086290116
63.52737690898652
58.368569465715936
59.9545809586197
68.91317824653085
71.28695647855851
66.61991606266957
67.23463943955102
64.18268880321429
60.5454243638873
71.6194978297423
74.252866502453
69.92332474698247
67.38743962056758
63.184122076769675
59.461375633479285
68.69519997922264
63.480831182402824
75.05702044772696
66.31780224679069
73.82054942769308
65.34249356943015
65.68303213963918
57.675922475259725
74.70508504120878
64.13765748563843
76.94330674179692
76.6880938223948
63.12788542845928
73.91456726411903
68.01120621812662
66.72637188459272
56.05938328782983
74.59748792729258
71.9565627530406
63.399084106078845
56.71661014442512
72.1469092993631
60.769181178163265
64.19613728597356
69.87856498655373
67.09520640190661
62.37648052760704
67.04236028830051
68.04980555147444
64.78254885807884
69.41935622250325
72.69584585594531
59.527458331275405
59.543235537777264
72.67940612266048
76.52685341011255
72.37189928587807
64.37030537226468
61.654678921084475
60.47905416553981
70.37897821180377
60.800166785993866
69.0156745534368
67.06821705232669
69.02552599890805
65.9705982893173
72.08896868606644
58.391974467425236
63.11144381199847
58.60210932878427
68.27808389140618
63.24883780720535
56.55046334067424
68.52851296653567
68.70650622099049
59.892032008617
88.32422313227174
74.10976568702178
72.3804251790142
62.78592326553137
56.743419160110236
65.09941610755465
67.64693927037086
67.91442532434282
52.41927794072524
63.701169404252504
77.60895861354366
78.37685339337948
68.42020999111269
68.99569729787514
64.81934072429544
65.0827158108723
64.69400301898887
