63.093669220223575
48.18939468896768
41.091941378446414
60.38034590666463
60.79473447856506
62.422929206269814
61.59541943361556
58.558691701899754
52.162301440658254
65.10088560020725
43.54797116561146
40.94600301025408
43.76588178224541
40.57749510558184
47.940045005130685
56.22136690436469
54.49152668997739
64.10291377819729
51.59009919369892
64.31098736291352
50.863683780624505
57.22074691055348
40.25427676066008
57.270255125384026
64.44099194988165
63.16849535530946
56.88851928961732
48.69011799029176
47.706461476058976
56.7303309470588
43.693037993460635
61.670993707302245
42.65709756254803
57.381909486518126
49.46287482140394
56.62355740139034
62.167789936711
44.00541264482493
42.02163450489413
62.606261140501125
66.23081105063179
52.95394369535764
40.46749903843923
46.13532680742562
45.59656430295325
49.91090685129818
43.60877790332455
62.904602078489845
45.33988110281925
66.18371214163457
43.62160773139908
43.77432119017957
55.232170476757595
56.14184781390832
52.75282581247942
51.895585255309406
43.418562300325874
55.43293228781796
46.68898023346812
40.614121367898946
46.479325167580484
44.370726291984205
58.83296480616801
58.11071021312014
48.435064321734096
61.320585361822026
43.69670083266125
49.45753796723084
53.42072617489977
61.77683304066856
64.29760918302426
42.805038033749184
59.8580125445268
48.67662550498085
62.58363080461926
42.48559240400474
55.11214811900127
47.7174111431242
45.265678258308306
57.37926785642088
44.46846122923291
56.2614930311919
53.154188226740125
44.10865328165666
57.01897794901747
52.09664354636183
47.0826857425915
42.475928459804884
47.28316874196559
48.026203774484024
41.0871968421626
56.679939605398516
48.56730930223357
49.04128223818618
47.56372282474169
57.603932607433094
59.607509935141344
58.28091903865463
41.87395834552583
53.19633620842074
