31.544390191228597
33.59293567279326
33.66459278240972
35.98664029681418
33.48237640586273
30.53640239031849
32.60158076921752
32.75981889084837
33.05864185959251
31.218568533407037
33.993752229812316
33.71874900919135
32.60088267558626
32.54594034920254
34.09752731631134
33.17006341916562
33.0005465408108
34.51772457029607
34.89943782681207
35.15938325420585
33.73448761880208
31.79528965425155
31.663185385720354
34.17256874626139
32.430998787240874
32.1184137799951
35.16269258187395
34.20046660524036
34.3972372143141
34.3123728561534
34.24882385550285
35.08396547224418
31.97646833226711
33.572308530987826
34.87598082191422
35.82368513185169
31.209626356994896
31.92030235694872
32.71205859223485
32.399817804513695
33.62167217610786
34.49843284591319
34.56465314039628
32.70361293338951
32.96583669756354
34.18553228072426
32.64868534449571
33.02474037476471
32.9337928023968
31.968428473614097
32.008356675619346
33.13801618136001
31.688051419860567
31.55800904976159
33.428491027148276
32.755045675731594
31.314888171948557
29.662975719052344
32.85497708348092
33.386700553839965
31.90714495649682
30.889918667085222
33.60493278618516
33.90233157191356
34.23556693435378
32.655162336607546
33.91924047505997
35.13972855753835
33.96849206929419
33.65681580923697
32.736116826967574
33.03264296803754
32.897679299443375
36.74922970018201
33.95943927118229
33.40850389165126
32.64219228433962
32.01772278253554
32.81232788792872
33.42268020932966
34.110343124620016
30.41059564506576
32.194285766564995
30.658117497513384
32.138791183227376
31.69604284565562
32.09607051379778
33.96967475373346
32.69039138103477
33.15643796397229
30.080258222284773
31.66054627027168
32.75051157045425
34.38951487754506
34.34080647266953
34.536151128162665
31.679042521327567
33.55616538754161
34.83259298559215
34.51219114503148
