54.710368836825666
52.67220345645608
51.60689213351262
53.02277710226531
58.15571505850011
53.98960615686698
55.45845667291755
57.642674718450365
52.31619365701427
57.913219541422464
51.64695064279482
52.54051414281516
56.938674011571706
53.9526929863358
57.328118304412556
55.23026204894669
56.78125749640662
55.57965761537091
50.737829787888884
54.265684787776706
52.72101440595377
58.19536117705564
52.492609241281144
58.24974194849835
58.43936040088748
51.26334010183365
54.682523564968
58.12352866377034
58.48008745787433
57.854135054730406
54.31658262417867
51.7355851184272
53.266073552429525
51.876586053363084
59.05203730929714
52.194545270063855
52.14568094994538
58.15317650512714
51.27340422970699
58.238570729117654
58.85332948994683
57.25169713166521
54.464019457377496
54.08758398412334
52.55907884816547
52.19006785359646
56.38384988867971
54.44857318170527
52.488671673129105
52.464469815734816
53.77102439392512
52.8268314780594
51.166703954639
54.59728272526326
57.63775425687638
58.66381467325428
53.101289002950935
52.69193116276775
53.97518672508991
56.53061632507587
52.301027016188804
52.01814315120301
53.80835542116279
50.61360002063821
57.1994441348203
53.80264536043189
56.47559027488548
54.264787112700525
56.88131147297826
56.986973328674466
53.2732733472674
57.63609663768055
54.252592062749265
58.596019614615486
56.18279652715003
51.278938789212546
51.596565590663396
58.602787056145985
57.547467462716554
52.773344251615256
51.369722182943256
51.91988608489884
56.68719051313803
54.16443874865674
55.18699833677971
55.362400282275246
58.36330429172327
52.46432199190845
51.17513044040598
54.805744372575916
53.40923152806002
51.22841470970787
56.90265111938751
55.7686322969239
54.663151067379815
54.639756809522154
53.687389602598834
51.54788643768802
56.19110674674867
51.47106745953603
