51.98906470594001
51.23434804044276
52.679174003007624
46.06727968891508
41.31895342647575
30.87023891584008
50.1252246831052
39.808348663811216
44.92938242728308
45.48619660234017
45.30023601754666
46.663519405632165
40.961373471955504
35.50967783787574
43.61992761028541
36.0215295301753
47.76073621903223
37.711302619905005
50.30192998872426
41.82103932437934
38.24955597359923
48.70064678991766
52.6081379556558
44.653686559700674
43.30721744799892
44.15270922639571
43.662145816303315
38.64559662884897
43.83413110136322
45.965193703470035
49.01679664120615
40.83636043757356
43.34992801389329
43.7159039094737
42.2270766960509
41.373800697612204
43.09063743089167
41.84254435389842
55.6070661894303
50.33608798628242
51.412173768183834
41.132972961149335
34.329933894224354
44.417039115676545
44.06564728922422
43.62870815859283
43.41451521500739
46.69540002764271
42.82053990332305
47.26402198027605
49.100575739110774
47.02386439455117
35.09477712434583
43.90071029241007
44.883179009408735
33.92488575213633
46.00455260005556
41.52452061646471
41.63283564795067
37.72349988649925
38.77848511236482
36.41652870230091
44.99529649315318
46.33790246717873
42.85160130297446
35.49501696162988
35.60930549830415
50.91614179570397
48.314574663532575
45.55765470219782
45.39546806326116
42.878735462274946
38.09377954098766
42.92831916689069
48.155963084972846
42.23767462202338
46.7364247363457
45.89092840878119
53.66133323662413
47.87561683922279
37.32782064294003
46.51823248918068
51.419614579179736
43.88504541574894
36.06143116526891
42.163580060493075
52.52498724421791
49.369007823907026
41.12543155607751
38.089332412385176
45.98891447246363
35.68597626281745
47.43464289898581
45.50048071680928
46.03165459685484
46.03541699117081
40.029923024303756
41.884625976005566
52.085348048957215
54.07699844779825
