47.65389906673234
32.88266722764101
47.24753625743182
46.897355853919784
22.0159434108237
25.750518717852206
41.31338754193598
30.54742875156326
29.01111130836334
27.593164587793783
44.285833227992285
27.672564951421002
32.92767667047566
46.309285303737134
48.182447665432655
35.150769835085086
29.976830432158838
40.84339862056514
43.66399796725359
25.79701206700477
40.2021852135222
25.07844405467998
44.77567876624846
36.88269471490251
46.2736787648861
42.69703072976684
24.76916393306453
24.367659268173572
32.008440542329524
29.355803566457283
26.35583011407052
22.34825196472493
35.130180537058344
36.44857271006466
31.553190473617683
26.17825786819899
27.313210390095605
31.68909172332792
22.504847019069235
30.241648712284352
47.82415496732801
40.788969388659176
26.37552001687112
28.118366987311585
37.14520686391866
25.171225182826102
39.20525957990296
48.328805253667554
49.784342676493665
35.07284450860547
28.06099933476041
41.83181454286319
39.007743922092686
37.303914462424146
49.630803154517615
47.829806045196776
45.73945103655065
36.164875851251864
44.63765497962345
47.981384920430735
24.810189888825477
41.387229830719065
44.985276988064584
28.25887100876001
36.15544530313727
49.408387764744774
37.7050787373158
28.879487591673865
39.34161112914954
28.876554199690652
34.39676121869772
42.340696180417154
44.07429974882787
46.587679172344934
43.37577317550576
35.63518529137463
37.005630470626954
43.221835197483635
39.23922669575287
43.06028892797896
35.5409412142546
29.25426306287565
33.4643440719461
46.68836501519836
47.02467164781436
46.01456000990238
26.209630761879602
23.551670084074154
40.562053862238166
23.66037378828168
45.80695945102409
38.89665098752464
35.441070336993384
25.979805587106554
46.84927188525914
24.074901455782378
24.376984449949692
32.360043346835425
37.58357655527782
34.84303260171963
