50.30813916464044
45.425509222810355
48.468512908590526
54.07291631307018
52.38035552042002
51.82122384252887
48.75498654223153
51.082541234952295
51.6005876927571
49.36091795712372
50.539033184986486
52.108609756251845
56.461219881972724
57.880279797655106
50.12884024390591
51.612545920550616
55.66311928607487
52.68404617326105
49.280394580958244
51.47621314679018
52.242029048385774
51.00949928695061
48.68379202009164
49.00686925937579
48.22574014125492
51.51158036516733
53.92787707107633
47.680288850601805
51.401395313392754
57.28585440966676
52.92896735389338
53.503370009178816
58.77894452058358
51.35838864636283
45.111161180771724
50.37560244478122
58.124840243204204
45.06740910485891
48.66427629515015
52.293657249872616
44.64080899851348
49.79131420322722
42.903432689794194
54.22560860066313
53.4809432316229
50.49146319277319
52.94990666349732
52.02437707653998
54.30560762674395
52.24495739001159
50.35149169189209
49.45535946734647
49.15321918103523
50.28086876874456
55.18444951117085
45.24647383717632
48.62991176176886
46.74861003313251
46.46118952780627
55.43749603408209
52.967041520472065
54.46532912975427
50.68062198615471
47.64700063048516
51.38861188320363
47.48860666753227
48.88117484190334
50.17303627696042
58.42656506856395
53.699713227095074
46.76494460234682
50.47707474229306
46.21984043237484
51.503612212835606
48.963677305220195
48.49271618538555
43.68693165729674
45.865152348302054
52.1386442100714
48.37348837205661
52.29813043105591
48.237782277599344
47.42585846754489
59.84247335470531
54.88722231896493
43.47944676788157
48.04364553036373
51.78321041991365
49.61427261006409
46.893846851853496
52.16622368907309
54.66569914630242
48.05457599796692
53.918718884971405
51.93010297199695
46.12619775993963
55.59889088096445
50.63862926727396
45.64253478693782
49.54464818377941
