34.86491227559994
35.03117840412684
36.47904873868276
34.043320493136825
35.488194150388104
33.51945750929919
36.787911978582386
34.31321432983252
33.374229940745
34.24908971139795
36.18663284755769
36.67238657004398
33.30313522780078
35.06190184077988
35.30966763984703
35.36590528625924
34.62013065766072
36.3235829951004
33.709416446344555
34.17607308316692
34.572333666048664
35.4930429703962
34.2777221221789
33.3375718559086
34.972279683026294
34.66088515365359
36.15529233899546
34.66195514719262
33.59807727496079
36.775299008348476
36.22292296328467
33.37519566853154
36.02782898261867
35.200179908128916
34.51366515251787
33.62202985154505
33.67991573530495
34.944153037653436
35.04052602298151
34.71245335438707
34.65892726176848
34.3968317633229
34.14764918029581
34.69311796514822
34.03341035979236
35.542137809348844
33.736303269417746
34.36970849444615
33.25121018402063
35.030934832401634
33.27456758496363
36.735250786221215
35.6483470250523
33.71394116336849
35.1731845465158
35.859919258268576
35.77547187911425
34.885720524485414
35.74474724687764
35.02865971789445
33.26948729605109
35.934122637874
34.167929983696226
36.62734392276771
33.49483950260573
34.00732176201596
35.63076121370419
33.67639157949417
34.03402914276576
36.745127856830095
35.79835144186001
34.032810720204594
36.11349942368612
36.08359819030971
33.316649577246785
34.0704370098847
35.48768215563946
34.374817786612965
35.30981263474941
33.23424529709536
33.51067844668652
34.09598095189992
35.90078501881504
35.84789255877672
36.356988503380855
35.322553672289374
35.09302272867406
36.00463867103814
35.235411332560886
33.433732848420064
33.992958583401915
35.20776577011001
36.690329113042495
36.44966396464972
36.059081773435636
36.42260101143732
33.47324753076549
34.85747464649817
33.307905834206075
36.46619339220777
