1.171010320778143
0.27730579555534496
0.09485111508731953
-1.1340741766937015
-0.6548742226994368
0.10909554486791057
0.44296107948310315
0.6108434194850381
1.2273783823164568
0.46419082745891904
-0.9035638559348569
-1.4330180669738397
-0.6637595603708915
-0.26767658614777035
0.49605084656278114
0.7201803920300864
0.30324567410639813
-0.02235936598257038
-0.33943311688573263
-1.2635853728165978
-0.6294363433550723
-0.4560828474347495
0.7205159624629685
1.3863560215637583
1.2366543754736818
0.25507999619701277
-0.1244204033478789
-0.4509000833622203
-0.531871331211984
-0.13724925807261923
0.3489674086736544
0.5396948835879342
0.8891982708568883
-0.0660285379146548
-0.17204157172537599
-1.2540479404580065
-0.0688653165331996
-0.2358953173499153
0.09594952792441003
0.7336489553420116
1.000008135740477
0.2004236278231536
-0.791830175055708
-0.8218565261417867
-0.4705998460677512
-0.03810576084860051
0.16651208594087752
1.2823385883415181
0.563782534257672
-0.010775833426279375
-1.108851931004679
-1.3048105530692375
-0.5316472982950692
-0.21999501933066629
0.9845707051948158
1.1024679041826106
0.8586294790192608
0.0037124770063577672
-0.7740564348531384
-0.7480046198044741
-0.9397026282720444
0.7767614544955105
0.8626058001889262
0.7144988794914385
