6.966993093471347
7.468462297632419
2.224439681818586
7.7134883612313665
10.59487221497054
10.558440655492653
9.014010101150006
8.053989400135755
11.714646005719722
8.16932745372307
2.7479229813982395
11.730717581637347
7.670305008060174
6.5258714944172675
6.6333729058708615
4.1567591180697825
3.945371716774363
11.776704433116082
5.013803878491707
10.852003964463657
7.353715273096903
6.534049421977693
12.797246766513915
5.8615850398359095
22.501899280004906
13.95362222303644
15.202210699114252
18.66544878310657
26.366951886004188
16.675866011645404
11.44108536470564
10.066588504364507
15.978860463971804
13.478776015765273
18.65466019403459
14.306217444211184
19.401310349754237
21.013921694437045
15.58052811442314
21.038496191279005
20.466491763248676
9.529587143572133
16.194541642573533
14.888652954827018
19.991829582810524
21.54654937263457
29.891388315776116
23.204669073133765
24.70182605093463
25.31255414927989
26.960893090588346
19.995772305286785
34.98962135123656
20.011915102006988
32.773419822510974
28.04892056251669
35.517768281266626
26.084812291547955
21.39083930225562
23.34192623179925
22.57296869995331
28.958741238943617
23.337895087772893
30.68374231695748
