1.1854444987838173
1.220393143927678
1.4249423593006507
0.36746741159551766
-0.28888664862588964
1.3166513348512847
-1.0846151345034292
-1.6445147352789675
-1.1676367650163813
-1.9460045109736157
-1.2054066954865206
-1.5328221444695775
0.43698960963976985
-0.057729354635598404
0.9098287889245564
1.6835080801914968
1.3240073152155059
1.5857746322243562
1.2635395672773482
0.43335276166964487
1.1030294147627877
0.2493813717523224
-0.5466571355476576
-1.9341986270853222
-0.8406135686392292
-1.026700852096958
-1.9718777726030094
-1.664062764927698
0.384366499636748
-0.03512312337861634
0.5686571468591878
0.9866379829193049
1.716529728626719
0.8371552871821816
2.16402096594186
1.226675477033481
0.14883252493464552
-0.200739879342963
-0.6631667027093678
-1.0712940194681457
-0.5533997784998493
-0.8592745473498699
-0.7448929493312924
-1.7279925197965795
-0.7606640180805146
0.2667390368315234
-0.15121941814435114
1.0920905462419017
1.4557583278698283
1.8894458729270567
1.3908703882115139
0.7051472353989092
0.08792216762834865
-0.5546010033415356
-1.064566592709657
-2.0493519638147037
-2.2871870684502307
-1.6542434797242567
-1.3031896352207
-0.948793836067545
-0.12457231156159967
0.6000803962187298
0.5358215492285056
0.7893644141832813
