-3.4251770859718422
3.556064030905398
4.892103343678011
2.922456142549315
5.042090316002612
5.537584669932467
2.582955609860301
4.412183522232667
4.865717466431727
6.494681520875122
16.86174254277835
0.519726014399688
10.579108789098926
9.090531121739911
21.187506744615774
6.362332984964155
9.190690992933447
17.26183513839576
11.658178866008292
10.491728757024745
9.50907881385361
16.128470068568074
12.04078217210343
12.917331894308434
23.0383199191839
22.44860608064458
13.37432122592168
17.457057266497326
17.926446455223026
19.284429329890678
12.38831124864914
29.565301388563668
19.59971511814082
18.588655424673526
23.79112310275524
19.24919414322038
21.34702681400166
15.276245845389777
24.473083914333248
22.285302633413476
18.352967568183924
23.986724123747493
20.447749765035873
24.30112917935096
21.088077005725033
24.64423034913136
22.619927054401703
27.25099219933561
22.92996028149255
32.563171585721165
28.36472396866237
28.92300134387804
28.901006150237464
26.460909062219233
30.650451764275754
21.961373711327695
34.80190356399996
34.01130401437375
35.432733430384054
25.92617474951607
36.076391493982754
29.056949259611194
35.812342803804206
40.292941272205624
