51.98637357795893
53.781861596976476
52.66208736103492
52.14164337445411
55.260445716233036
56.599896108772654
52.16557941483946
60.38306153315071
56.44382804858537
56.25138327489305
55.539373484244265
55.65384276224026
55.27836145693903
53.09602551862048
55.8273564397832
61.74265989096739
57.73962314257423
57.002437248649
56.85071374753763
54.50366924217479
57.78276067386576
57.54832561978985
56.83774880200729
58.14839680250875
53.80200249026968
56.34543008159149
52.92566036156887
54.52659401748026
57.830807113105394
54.80292993302659
54.26078946551807
52.734468858193615
56.37558299734305
55.70784457974992
54.25275224671494
51.88118834741266
57.41792726831994
52.10752185286376
52.84054377613383
54.40420909458421
55.710918403685135
54.408919033355815
60.11387696728434
56.26845618553219
52.0993736331739
55.25598890531339
57.76910977289061
58.128229039846374
53.521891799664
53.23028828036969
55.662188515917414
51.81531884646738
56.34827537995751
52.04521854468863
50.584685230309425
51.74934007904901
55.03638235303927
60.960732936296466
56.500172789672966
52.398406914366674
55.04586439093418
55.85995410761925
54.46059049091524
58.67117711665304
59.57004060903098
53.34982102606575
56.909042305985025
59.79585423066957
58.54187117336408
55.35555707188897
50.93724481471554
52.78359493518271
54.39475522482429
55.399698050106416
54.61201432953665
54.154236160352994
60.59592424572099
56.43293827518324
55.30950870024511
54.90241678841916
58.16438340982291
53.122333594924015
56.175670319899744
56.025748923810305
57.6238692520127
50.03909354205427
56.85109264953366
54.91292307975153
58.23480356432976
55.21462641338497
60.75008644392957
59.56848176769991
56.730105638421065
56.10595942798452
58.52313661777919
56.203239396020884
54.79978501802257
55.38901582230024
56.62411257993253
55.51486365641209
