20.94955007960677
35.45280055607488
37.56309425994468
44.80062754544386
49.18922980973507
44.812194489876916
36.18247402984555
25.63665686978665
22.554352969340187
44.80044301535587
34.508414106868024
50.1112368805546
51.010764286453835
34.546864841865556
40.88905912946594
45.181851802654506
24.46631491132685
24.60359038089515
38.50603599604393
38.20559211472785
35.34416820713734
28.1079620063415
49.08588955579434
26.57510742535421
39.44217132024953
51.307510536485005
27.310242159821012
37.48369273075951
21.863102123289412
40.28338712801097
43.469052511358036
26.26153802544834
23.17604218263276
37.377316617529104
37.63727588659492
23.45665061988155
42.40628071069224
24.055718707562292
51.201822607655664
23.53957222409242
36.2398774563671
26.421294092267516
27.81534375702273
35.68253849188004
34.92706914853069
42.904434624628564
48.125050841127575
45.126649180609434
37.03501896121617
35.719277466327505
25.387730608315962
29.362753536738637
39.002451126309154
33.99298267708483
27.526198867925753
42.95985736053382
40.35415147688319
34.75379817168797
40.58950882113872
46.45794763893685
23.382611774083372
30.22692533118213
46.78008257355126
23.33849096196669
23.022089849078633
30.984019472045333
37.18947605938325
42.78694862861581
36.41363262575989
47.33786807731653
23.73220883190379
21.24817808009851
36.26622563102932
46.49188282054169
27.93505409966843
36.334981549817336
42.903854849471
41.669835989105174
21.6086865777749
27.317224516171024
29.19903440691833
28.654566321355546
30.012929034648685
50.45245580969424
39.41500149693897
45.84833955582002
22.119762358306616
24.814202398676183
28.42256845081266
37.129183917517835
51.018126029711865
46.29889886903854
44.97586455222695
40.497681954288225
28.137330000078535
24.030036775943586
21.188545213319912
20.579460829086084
50.3123387498689
50.61847532133413
