0.46358517664488236
0.5779271060628308
0.1221813385879873
-1.1644574811647121
-1.9088582191482568
-1.4264936289465129
-1.0476549197295708
-0.5283017079325089
1.4514638078566522
0.998880425670809
1.4248121570701762
2.1592696507532634
1.1544342296231007
-0.03324497060773847
-1.4918211310118927
-2.0519695574044716
-1.2839529870091135
-1.89004471799439
-1.6345796022275327
0.906365527210077
-0.07529963815075624
2.454390371184884
2.653338795225252
1.4746213875817833
0.345511576808289
-0.917260971345029
-0.0025677612706433983
-1.4795071251538312
-1.4774160080402925
-0.5651472221857682
-0.8379304999418334
-0.919302366966241
-0.084446957906823
1.1463852117687632
1.4419524259905057
2.0617980309879327
-0.22076450134247594
-0.42333348412306904
-0.9503888645246408
-2.856829589895889
-0.95704267289964
-1.480898150974078
-0.5500294679175621
0.6019096678577094
2.451744364327838
1.640324998028591
1.1637747314362423
1.3343979881489991
0.014813152747390146
-0.6501950812627478
-0.07070261730053407
-2.5343831208851055
-1.578656702639458
-1.9488115664552044
-0.41328793310366674
0.08473768028321793
1.3116638250524635
1.8820639188908799
1.1227433630466408
1.292304443275605
0.9136379897240785
-0.12732391731761883
-0.7300283352868734
-2.247243784616898
