3.0565711847141483
-8.811249653922083
-1.8354892881923988
-2.7564678359688175
9.730464690115543
0.8365950269213798
13.635324507979004
13.733663408712658
0.32451710813721935
14.373603298000694
8.625330493359389
13.23271385670363
10.674319211827472
9.840070366522639
13.862883643390653
5.722643277511985
8.113217245386789
22.911593566721443
1.8675507832679568
3.142198292733868
16.1173323145332
15.467893416623518
20.348318100186486
26.283948665822066
25.57920518286756
34.255623508387444
13.461358549410923
12.766257652616515
23.9524024677289
32.73348357078368
14.19623682321428
21.72177184233308
22.003895744612066
21.490065570727868
24.64599028007303
35.735699157956816
21.940133513276802
19.473480178741543
25.98310197688191
43.48760114895062
33.86254627466151
35.35879614119227
33.306549616210134
40.75308719074708
37.72416322707562
37.598560254854064
42.519162604156
34.23074331857114
42.448633951700586
42.73322161051105
17.998909914786317
46.49412619661114
45.4757159828105
43.35383102869093
48.149789055839946
44.45448785260886
51.44791843622592
37.00428113743664
46.12735570068184
50.88145331111703
59.92518407506914
46.467996180382634
47.17643033876855
43.66300909129655
