-4.500488723678539
0.32458251163415675
-9.547758222718741
0.774150192329679
-6.591220141135452
-2.894783341473416
-3.9944869107699925
-2.0734184439558265
-8.28717419623513
-4.711182640383957
-9.097520102208938
-4.466839256151502
-5.605325886240157
-5.0145633403668715
-2.3489230619308756
0.5861328861891213
-13.40301459338433
-4.161498589983197
-9.537494636672351
-3.679326793538597
2.8258219137549183
3.7661936048234956
-20.399001862482038
-1.0462735394188463
-3.4697594178524356
-3.68921067269643
-11.67345652845403
-2.3557767577429716
-6.500593416201258
-2.7602817540862583
-3.2683431472960285
-1.9358700263198085
