1.2463415682476549
1.4469414209335771
5.061849240613482
0.8508666075458055
11.291370659112713
6.477924186835299
4.865205738173972
5.45806189302935
6.1382109898741275
3.4857928848420325
10.756074592069796
0.22500829257397303
2.5318480191415715
0.11551430776933233
0.2667839836832127
0.15185192710593012
2.8418546108077476
2.9039341412258697
6.600815012171047
2.115063887875993
0.5799515825348952
0.49571874446379344
0.7189715671095442
1.8614394857267302
2.9060749696656796
2.9182146850775377
0.7466777258722251
1.2146290996639246
2.166036250945441
0.9062130208665199
1.9552493128451287
1.9739638215506834
