-0.6457998320254522
2.3968262309958703
-2.1638501248027904
-0.11404548064561551
-4.626960473011387
4.40905158791454
1.5075608271043328
0.06564292567382739
3.6522251203061558
2.2432765949880933
-1.6965993368294705
-3.9892017837271125
2.3789243509392213
2.955913689282323
-2.0480813663964237
3.1224046509401506
0.8169884050164343
2.177536261516971
-0.8791540384249291
0.29781905212536414
2.4723574005926037
-0.44246249152248607
-2.2758844139288925
4.687994306910082
-1.6403079048560747
2.1129586808253626
1.6394505016209584
3.763252482688286
-0.7354364837568117
1.6041760250253763
0.4187665094115861
-1.1954145724239869
-1.2632021164960137
-4.85360567975774
1.323514505627034
4.960989359651659
-0.1784886198550325
0.22282078180995074
4.439102346492169
-3.098994676872862
-1.0753071812423263
4.851408073287084
2.3519375507256717
0.9766175746069969
-3.6223263022750194
-3.3947191153614975
-0.5229756453098274
-1.1095071258709668
2.363447732696094
0.43017154237403593
1.1135864339259254
2.087621247094726
1.9777543231187737
0.901646041217965
-0.3282653605593937
0.981980865425036
0.5950449543371844
-1.2843016640553235
2.2630856604711163
-0.9021258680902609
-2.103586943235402
-0.37168934214313937
-2.551409407934525
-1.309846658882238
3.3065894927826927
0.45362153410599243
-1.175551643651603
-6.327861390299251
4.14687567508223
0.2586019941026237
-0.25799605024550265
-2.6256319837355093
3.6034539271725787
-3.3150975875203246
-2.115360539489974
0.29044267177603783
-3.0663236054242113
3.5376500137546034
1.6742428428797043
-4.616348108925274
2.3405976757857805
-0.6959268593379141
-2.48118245605955
-3.9816436148209324
0.0665517873627039
0.7899876965901214
4.235463559340174
0.3490106625980944
1.2631299595432082
-2.5377849769637515
2.1685881228233224
-1.372640718547836
-2.305128160630052
-1.8127934888991848
5.156959714553526
-0.15187196950158166
-1.278931542725396
0.6131524530733319
-4.279596270290851
-0.3286989494535202
-1.5269182338295382
0.8922164643450068
-2.7629770609010693
1.423116861734414
1.0612671073107947
0.10678213772796383
1.3099618403690994
1.853612061981162
-0.6640600559595268
-4.00295780048012
-4.460915090976946
-0.3152284299027277
-2.1335954410792284
-2.6264535070738253
-0.17133554903857467
0.5201377629209827
-2.6755109705233213
-1.5851025356158117
-6.335740531623709
-2.2822685863375143
-1.5764626921388651
2.9603030746851804
-2.22782535861893
1.4052038805362455
1.456759844163905
1.2231450387338967
0.17192559385133946
1.7004725796636202
