7.920309197790872
0.3281370348207823
3.0219050030265646
0.22161321200155057
0.28631656643925796
1.9617424740033647
6.607668466191058
7.005868495145426
0.002660398929844445
1.0624967912537058
1.7669868771169848
1.7848042205629242
1.6516383123724079
0.042175593296387794
1.00684584532618
2.9326706930882946
3.701586551030901
4.9743327246203455
5.185252819048517
0.8739791557476378
2.536143989142275
5.759806139180436
1.411751381816824
1.5494364920717931
4.8860028510248705
1.9221650229902456
0.5025108914980738
1.1491568977682798
0.8722044325120037
0.4490468722116298
1.1887440542766385
0.11032608832592894
0.13407732910848988
3.6070877813655753
4.017306743622829
8.03429236314819
1.2717409675084175
1.122557360217849
2.4868183728574205
18.87355791716581
3.273411780260672
2.826837531283685
0.20567193543979695
1.9210136560701434
0.7837461706299227
2.0786014675622386
7.0324991009364055
4.067125463084891
1.2014186563060953
4.797925565790519
3.59741439969023
0.3674048920783017
8.154201413698498
2.0126556341426793
1.8073788694171613
0.21467753261370995
1.1461096419706835
6.55200536004829
0.18306167626534303
5.177455184315952
5.3719737583169325
1.1823133239143577
6.048494979447105
0.2798839919921572
0.28033105684065907
2.3710743782059556
0.03765470416548839
3.159238506247119
1.9131171730518444
13.693188705255247
0.3781649085050059
2.589506283888791
1.7499741623629252
1.0350595737900712
2.329875408531449
1.7239997026913676
0.37949697530748155
0.9457950618892579
1.16008216320625
3.639454479245442
3.915718459020146
1.888169552687818
1.36937147497364
4.5999823216352125
0.27971840940257114
2.411840887955524
1.6504235748396614
0.5739839157879105
0.816057140695232
13.767109733958385
0.08863755245030289
3.561876493620471
2.9695153949902444
11.930942987117534
16.321918786412308
4.150731933068675
0.13988141274909824
4.019448205374124
0.16400331048961522
3.908710687133492
2.3013201012073234
0.7881768048031371
9.98111330218521
0.6233617842441853
0.24565566468932834
0.7061956904918395
0.4590262225282149
2.0648714360747693
3.775775609340292
3.5961048007148775
3.852790664573982
1.3772069146251713
6.473579354349911
1.9342969788647792
0.8700688096581776
0.0202216874201175
0.5146193018026083
7.249757331876566
0.9385152319776592
3.1896236301308365
1.2261004022616346
0.6743643042777598
0.5745426692437665
7.581779177980504
2.4978522015610696
0.6859097071047086
2.6952236171274095
12.385649595580915
