47.6628509914077
43.674007328420956
44.456085499377835
42.945274304375964
43.80234974239497
42.16118134204413
46.21382336687946
42.758375554273286
42.76098963162029
44.18797836058043
44.88913988636184
42.79312207222574
43.03502949208949
38.61240500274171
41.0832578362263
41.84163459555263
39.35878774255165
46.631880571645226
43.11353057151771
40.40329508450067
38.45998940741438
42.562335802511
39.887692324278305
43.99677645271292
44.971322361597814
43.53430659498709
44.51739246277226
41.87645155013828
45.66162879697325
47.38058431396402
43.144755411432726
42.69170041089965
41.08766925431932
46.047972980221616
41.501141398063666
39.95082914809268
42.48865814658223
44.4151513096615
44.43084424815848
41.54346084998571
42.126739664177336
46.931239695621116
46.87130230413754
47.68186481554077
42.20405485674306
46.60496564710425
47.07638608503343
40.858790583646076
40.518304871442126
43.61503596495643
41.59311571471127
45.72134019951472
46.42087589334179
41.60082437787487
48.03529028578111
43.85053481157482
41.984623300630766
48.083398733684014
40.83371584691143
44.88486474929048
44.31890835353053
42.64378650137317
44.83957651131254
44.54907972347216
43.51193159688522
43.81742577700741
48.32758459470674
44.08125914214003
44.534425233924374
42.57216741006029
41.72926432033407
41.04767976251368
46.88343483885837
41.839138701674536
42.89998204222523
45.18107554649394
43.70458367697254
42.07636491948471
45.45959853096152
46.557336594353416
44.630781829254225
39.99859771221183
41.06394014891198
43.061018483014905
41.652500704112946
42.26304703238152
42.30776154133427
43.29271519536203
46.54778859361601
43.54710749671379
43.05422239248179
47.11782714019991
44.69094097459384
44.07965784821074
42.262705643274685
45.07651807588864
42.34332019399649
43.99139236891885
40.70611568467182
44.96172467786638
