43.2676723194869
32.13620659268466
38.99135374522112
36.541217892295904
41.630834620177865
31.81821503956129
34.013028230207965
31.352495248696595
39.018861857717354
40.15878000194124
31.44127308289946
39.34905340050863
37.74536985720084
35.81136535886417
32.5897941143712
31.904989887871114
32.61858979062493
34.37047108408395
32.233144466445424
36.261066910006384
39.065270926825306
37.02367294276853
41.82485844013019
41.40739798257156
41.60560535312865
39.63967472572144
39.709491914418294
36.23570277961758
31.68304800565882
38.350550843455466
41.481761626179185
43.196275358436864
37.11392832695256
34.49188177225301
31.978410478021033
31.78723407461799
37.54823884504021
37.58475289319415
42.50010057736208
34.716029822059205
32.037167619512
37.579454317753004
43.07701919714245
40.20453246619544
40.14507803358081
37.53037420836357
33.4133663972873
38.438308892109326
34.49701712887778
33.37035888801939
35.69500995823922
37.87036196235542
37.49537464014225
31.666282922496222
34.42400847615717
39.4784323555318
43.377154674889326
31.47038994727501
33.221559524951
33.567013488183306
38.001877351054134
36.825802402393336
31.993341738421613
32.256986709075406
35.329393236484336
32.19247386903328
42.05623128365905
38.08602633358587
34.415810031746155
38.813051514233344
40.47771906507839
37.620707503094906
41.50929039547846
41.37829225169183
32.55214046761433
31.981207080458766
39.80995983863932
35.677201457514805
34.22912159581297
37.551099909433255
36.861171199039404
39.1797146000109
34.367115090365964
41.89751126888967
33.26350650601509
32.644609499594324
43.64472710090217
37.179235042440254
43.553369051140415
37.254476382729166
41.364000497880696
39.69268988129583
34.74012002337544
42.8290116865281
35.388991126238416
35.53059026334585
34.07499755927741
33.88720298746566
40.01321603843425
42.30234787723559
