24.991737569234893
33.37248580580877
27.839707972425124
39.75323609795771
41.96429672533846
38.096019409099696
32.72497840742014
36.618046828007856
32.705530669369786
34.230509871554744
32.21566578007563
37.43766709230607
35.1805319377291
40.507530072254845
31.67623930786801
25.17978880227541
26.346397848334753
25.67444364676745
42.377875931373225
26.217194089943323
25.940746658970046
27.40266100594168
41.344350505251626
39.43705164622651
33.51216587592562
31.02929301575721
28.122559573276614
29.119925504816074
28.08912783637487
36.667662622080066
32.378043974489096
24.32451485048078
23.990917981399356
35.8285057878582
34.13953259868319
32.232403666993385
31.288665036872157
27.961432016668333
21.80312821551889
31.142144185291126
30.932338975690783
26.566654823619025
24.860695559851678
37.45390292169186
30.493919258688127
28.655509339508654
33.70661494624279
37.60957793133333
28.714751570591726
28.540769884351494
37.60437893066546
40.73227674576815
35.50302908488116
24.099689381137473
32.891813142545466
23.10023101467294
34.898183675212216
31.802385101429103
31.0837461457635
29.353699969585854
42.891514928709945
37.9956625032788
31.74959628824818
26.812253548791176
31.727086600496392
28.163858987634192
33.51969608484248
39.44120687337602
37.966083675646956
36.97981785030475
26.966193305641234
29.994152137013213
28.709179679842496
34.64658794498634
29.333357475895948
27.14865353468338
35.08244151793498
31.508496304026174
38.10213760035452
30.708168787369434
35.92444475309408
29.817570396611636
36.826996326333855
24.495573473454318
32.915159011390074
34.490836184470275
29.89174244976159
23.946837400795133
36.820090397207295
31.58204858841368
30.98958563613403
30.60531262272841
20.937742417345255
35.67075038171461
26.914068384858705
39.50731235948252
31.112245740530675
37.61868162789874
24.930892458006298
36.09392400012006
