39.98909531594562
38.06619032363956
38.12086160599217
42.566566824655396
38.16053589401596
37.96096436421877
40.864231853860694
41.64690818974305
40.096106938890095
41.83908612241376
40.42612979349113
38.19005176722967
38.46205790090489
41.612281503233724
41.1547394113668
38.91085877690667
40.1993096538666
41.740286543286736
40.33572809652857
38.77275032323927
38.57041670963594
42.11414602560945
38.91116175036308
38.4479452515305
38.82716681836375
40.59937598504811
39.356069294745176
39.214225957635044
41.395176546992985
42.74172927925539
40.55666250030116
38.548797888949025
41.0730872397776
41.40556171922575
38.087112386822184
42.241739924158544
40.876480849038856
42.67263264383127
39.285445492749794
41.85178864702123
39.4378600864405
39.00326571394083
40.525409653653256
40.484182607493956
37.942646194459414
39.9105420920666
41.08125457459491
38.82428455030566
40.18913257748957
41.01890099264899
40.136578569042534
42.79113077397951
41.16569581976192
39.00850041845416
40.36224851721747
39.045681973623694
41.61846571675129
40.94481731885913
41.81233789840118
39.76437354329595
42.66368581371035
39.77351097079885
40.55418663727678
40.124103088104796
38.90874355015206
38.05981410875237
39.03852073845278
41.736607432527904
40.753691483528456
42.13998915231813
42.13842972951825
42.406567445895895
42.28890818710097
38.70427184058096
41.787516789316
39.833365907448496
41.07767107895217
42.69087979854965
38.621998554797365
38.78583421722188
40.17572717046093
40.50542739598177
40.243148334781196
42.42192287082654
42.72981357577227
39.67851270598603
42.61992331032626
41.223401439248015
42.23788273559841
38.012663190102245
42.46999911853475
42.790817588191494
38.48474488083548
38.250614533647244
39.14584670634079
40.65329610399358
40.978208053400614
41.10387957016299
39.32186871060349
40.008415768712304
