53.188426708322034
66.92182879137336
56.93088329266379
55.75615989258457
51.300512558728244
60.40634823065915
54.25448002071093
54.65576850511206
56.50390095314807
49.72835186534355
51.965871600311985
64.76631247596649
56.26964128538573
52.248762082369986
46.6297532447016
57.064555155648414
54.923057610556945
46.432924839253864
60.58239343734583
46.720344499630386
57.80207713979457
54.69995671971938
51.70576276041633
53.5729178940894
43.32523849011686
59.65862404260359
49.41033985262239
56.49162350506469
59.6829823792425
64.76720890911228
50.265101804621146
55.77812457682004
51.11209655384148
52.47867649592457
54.14964116052386
44.92496713422308
61.79251138538059
52.53512491547414
53.63286033510448
50.261158768609086
62.56065969325378
52.661463569620835
43.6028954904299
50.58332572344325
53.287931920532564
59.162027367503306
62.2462390091107
57.12682918697065
49.11798168598341
54.660026426150495
63.04800107978311
57.00599831681792
54.96110535565184
53.10008817062814
50.04992020534325
54.063050912827464
54.03833811445625
53.32423328102713
48.38648894618666
56.236697788567255
49.52025146821471
59.255924921264956
53.4297420546922
61.65285743322757
51.301288361098706
53.469943634698524
55.15721142280191
49.92025080270447
61.14472364006927
55.34962594798606
55.86609284258963
56.81765349855382
63.05789042449276
51.51168458744472
48.643240248896944
45.496816732185394
49.52593755590992
64.94583424650307
51.79556069540289
49.303278664775306
45.85518867078174
57.720993239697634
58.432733420780366
49.031699824799574
46.45359646585272
62.17343906734975
66.03160288884534
61.6373600173094
43.91881615138692
50.564715484839276
48.37631918449922
53.28161153036342
53.444683291269
57.60637258983326
61.148142926228104
62.84534598333158
47.16721451772302
42.69283504243656
49.48437282447953
49.815172564409
