32.43835982947779
29.50924707073081
31.97070870857442
30.85959780637417
31.116091796711057
30.040962706653858
29.576433145425863
28.491076855760312
31.55447052354464
29.47883070726749
29.632227498375233
28.318761050736036
29.920857626965105
32.27024068959286
31.58929226588249
28.414376082120324
31.972656280443978
29.722276457831615
29.150714480719444
30.243343045139127
28.497530282587395
28.36751951713678
32.19161709161714
31.505184843279665
28.131636211343135
28.18785925607781
30.965764242147316
31.88727154022145
30.91588555710953
30.07378127222914
31.219663954674644
29.60926464805136
29.772181980497326
31.249873676165546
31.25249705892245
31.08597498636324
30.333389043303374
31.85255861571653
28.73008842182623
27.9627182594033
27.936941590269058
29.686689306160442
29.922959697495937
32.00654953379066
30.91599795425452
32.49722774274888
31.49900614503643
29.183795440625097
28.980712795000173
28.97412479401915
31.740800715409534
30.514135880159152
30.843589766499523
28.67850346405057
30.14133806054078
31.633818153016453
32.46648990170653
31.346463861630344
30.662119175658894
30.416311117421845
28.615179455830386
30.624465875880034
28.780685325927344
29.90605425724548
30.365234420928893
30.58183487090815
28.286778086603544
31.112065714309534
32.436121086509104
29.801147321418018
31.01746289747742
30.888042024760658
29.423785363785118
32.47152730252989
32.14123564554019
29.436132775896798
29.89636846149556
31.09262976009172
28.69212660057901
28.788341348548364
30.884927207643415
30.34512692894245
31.261454576697567
28.22823745711083
28.592053377614505
32.125582757650356
31.37775151447608
30.65201818278078
28.395578008096507
31.784242415447544
29.10051908467957
30.08917600484593
29.577037611717802
28.29874314910894
29.418200166735804
30.75350575809905
31.47459133269394
31.976741726738958
28.138812690112164
30.374220565431298
