42.100405650279534
40.47624466655958
37.01831693666716
31.703089820767516
27.471370978874468
35.97484065981151
25.932867364556696
36.14728757779067
39.16695686155322
15.112398884757162
30.20401215422352
36.699287323747804
30.000013803967
28.57153940716684
47.31868615194448
40.782754808089635
37.63123280170043
35.93286592577445
38.783757807388426
27.425994299223284
42.836385544883214
41.57744563897202
30.467635995317117
20.75052021730925
18.18027502030599
34.85792570137263
30.723479262812255
38.88598996473493
32.757608594825655
29.80261360505362
25.725233638699297
20.989634728391202
30.668147592019213
31.796732521710815
37.08504521782593
31.666207577809992
44.822442102678124
27.98986055015792
28.05499634024963
27.375185445769638
47.816947919514774
29.62514018885397
30.000509485633476
33.07385181137777
34.10250762792654
28.672971665825557
32.03451314113887
33.90927463434606
36.749146168887755
34.30806434296855
33.62468443165372
23.51786550708923
40.99939140442276
29.133453768185746
30.016124263332447
29.70073939599362
31.573321839648948
38.457019394418765
43.07988432759768
50.415323108326234
43.36401629316448
35.88337829492508
34.65987271648074
39.06635829981284
39.06102865439769
37.88447673012312
35.822495872797724
36.335519540460886
42.1416099976847
18.80409334314913
35.90113067020074
41.230076972351995
33.50228219158642
46.33711206502286
39.50760368689484
35.87363053111257
35.2899181492914
33.43562955453477
29.747818560987074
44.802214974733786
43.45131703799949
30.605044426214086
36.86150484092371
36.26124152585464
49.305428789715776
25.604655101656427
24.02208563559215
35.89065086900343
26.009306085909714
40.6657774347674
31.355442510524973
40.5961837967638
22.854994336504106
47.79749192789906
17.00526890677583
22.87061828287601
26.40757763117663
37.7718726965233
29.13564639078948
37.09530544863592
