44.88340616342812
50.35771340754931
35.89815044577709
48.32319910017377
40.52403579274515
35.58642737518801
39.8802436604899
45.19551588966658
37.36465027899894
46.153344701548406
34.05633478721996
50.21994602400537
37.03532899518341
29.742179499350105
31.32872778258689
50.46648338723842
50.2929337340983
44.26125280532125
46.52236558452003
39.97184908136021
38.45623757062954
35.01828850284162
32.69303378029059
39.52531262409035
46.22879477163215
51.07760916245583
34.47986112519391
28.042717007120444
42.96146676219877
47.398440628046316
50.211066907485545
28.996717539670037
37.711403513440956
29.86621807236474
28.014309231068776
36.245973645377205
34.668658324820186
28.543121473046405
27.395107878081202
50.21792030090582
31.266087509109024
33.71855185817689
47.60672527433714
45.20125517655732
32.88907852407333
48.62740257068375
34.810894155869185
46.27369692866701
39.32013614862627
38.56698067101761
35.95602518829756
28.150341476042904
28.746963382391876
45.388119447581914
36.59124634395431
44.627006583741334
48.344290590473946
51.69451277204798
30.629604497377642
48.030638175728726
42.128334369006694
45.20284640041967
47.58742740727641
32.87774990928203
41.63311338020025
31.25317541007949
37.753254213193934
38.7939759600907
41.26097807718597
33.11455578504823
47.93370201599619
36.15213348483357
45.82533755983083
48.474176080633185
48.223755555503914
47.87359696663561
44.32722568163558
34.32427664658991
33.33848580153986
40.70604631565676
36.332362362329405
35.71253330894173
31.452157356085316
44.06229470423267
36.53464978429082
40.981920368663545
49.413130104601734
37.86223196960852
31.21513349380968
44.80313415288426
39.410380140247995
34.45986176248698
44.666372332591095
51.43482045581131
38.20406824608272
31.991003623670537
49.756893838474404
28.912140972761218
39.4777954796605
30.329712692997603
