34.88808400127999
25.72898142730925
21.934248926064036
31.60110270450975
28.993213962800283
22.98561773547221
27.13480797349215
40.12236583354052
32.765911383620875
26.64263376219926
26.861690229863626
24.86148461970878
27.802348562022942
8.294952552083714
39.49852365022078
32.93411944421162
40.20392141312583
29.281186965856378
30.647005672755693
37.459530540143845
44.29452667134514
35.0109451029071
30.660332201663973
20.983230387834915
29.538306021904006
46.31567817874085
19.68103100503157
33.92507205074257
34.622309765113755
25.856411630032248
36.62466641473658
39.05788946720274
22.762759015493813
34.22535602870532
41.5706788184725
28.748440581126538
33.67613248794529
21.681266215242083
35.18959177129062
39.03458324515052
33.710267902529054
34.26275049001597
29.90723150245434
33.7771864592742
41.31795212585942
39.578941959176696
41.297161641113924
21.29736668875747
31.266644486179587
37.95292594702383
31.48353681937333
21.15887756478909
31.79892393307922
13.93747036243525
33.04484182260745
24.908358542983148
36.63946673834326
28.98826340256255
30.829675338347766
22.154157608848315
25.15080968929184
27.59000379439705
21.66120737207173
40.81505897514401
24.408833494493756
33.77861071311319
42.6083055918985
32.235584718617204
35.86752644355367
33.65085230995482
19.82718080490552
35.13794620883166
38.72670519095509
27.02926450183522
27.36442115397136
21.340153889369827
36.406774393941596
33.9687149390689
40.935267804705084
39.06351993481338
12.396504341271676
27.8987812164537
31.510633392582157
30.73088492290488
18.240871281551613
32.585168861592294
24.943333002513633
36.40770885033987
29.321599883641994
35.21882964945539
36.571012167522646
30.87872831210835
26.49477485188733
50.284556552391706
24.901199345264864
20.004351424096875
39.46636446856125
27.376894712544274
22.926455338998295
20.551218175600322
