67.87991170493412
63.91514303031556
64.24646570047852
77.2900321396099
66.16588559817679
63.01177927262999
62.377103568484664
67.39939825725523
66.22659905246164
77.35140443201627
72.1792115823546
73.29914048802218
65.69983147405387
64.04436716563451
64.077401821927
63.81655420271436
70.60839481534441
64.26667389611248
66.40142059867664
77.41028124537466
71.51540148119734
71.46426999082699
64.43849511641261
76.37235875062115
65.89855711254862
67.3516272052316
66.63400891745277
76.63167259879452
69.80892412306277
69.36221742895955
69.28887536688362
65.05474744830825
75.1935629543691
68.69215215752718
67.63728274250025
74.08560713201742
70.89687810672592
67.09843631427299
72.66949493588955
76.85961017448483
76.39129810881707
67.53144759375084
72.4609621415705
66.01756093474373
63.637869661195744
68.22434534381517
77.08210269927267
64.12333806920638
63.61213072770243
64.04816041712483
76.3048305152155
73.69945830478775
76.33251707220185
70.0320514549418
62.52602076398358
76.33620152764252
62.96639363009323
76.31923834351414
66.69384318248966
66.93443913264662
65.00926383085152
63.74269081548969
71.72242726166358
62.41776990863362
60.72315062568363
61.19746034952289
74.51380269468653
67.59538323439574
71.7611898018382
67.2637990073849
63.55139024479173
72.68322909861469
65.31354810381997
62.57760982118376
63.46466742107881
73.00487754040844
76.40926045751121
65.15743036183655
61.80803634007777
65.67344709943484
71.70421781366296
69.0196706023575
72.45790256795799
73.68869967196677
63.02766723677654
66.51473496497547
69.14470941685428
73.6088461791111
65.9644618798021
67.29456338542902
65.49064524511604
69.21932778748948
74.30617543440742
61.700079965402296
64.2340659416129
62.717265938363965
70.40725697376472
76.95988094646353
67.38183829210395
73.02621585263753
