-1.012580587919727
17.2989034539074
14.305869246496922
1.13274399911887
-11.258531723861726
3.9997687244236326
2.0727652992397783
9.913921136069778
4.156052267646041
5.844973641288218
-3.089604965088048
12.027618975690554
1.7180211304844741
1.6983520509368821
15.712919723660324
3.6105570015071633
-7.442040444736506
13.246198217089955
4.657156764586066
9.020257781127848
10.038275800583083
10.888117712397204
3.702765473676191
14.301490456167583
12.58866875673086
0.5727249359066615
5.487814847910714
8.041728777409487
23.810780995842162
2.7790650039308273
19.57837413637413
21.51555940988402
