14.049560134005421
9.019084946809016
4.321074771926947
5.401986049467806
2.343992093786965
1.750134262815561
1.225452000898474
4.146185812037087
1.6203319657338113
2.750438757199799
0.5122814464902558
4.939422894176702
7.048441124989177
0.5570925066773087
0.9355805141746582
0.7411780073397339
3.3091230603466784
6.4162473518783765
6.7339673738369505
0.05214422162758828
2.6947412660887586
0.8641750603526079
1.0340530548083096
3.7619238418116794
1.2594976273331755
0.14573606138666786
6.064026026730755
0.9307678884614308
0.47800801794227693
1.431394514627598
5.243074990328443
2.8692865081763874
