-10.733860617112303
7.11415882529035
8.940301067059492
0.6687293139872612
-0.8821792488962203
3.683220003523245
1.7252078033424074
4.953042813700616
5.9459276584045195
1.8112982245486864
-2.251310410272712
7.665807988899632
11.277656727485997
1.019790370351518
-6.745395848831576
-0.5391568202040271
12.180929915929838
8.639912009028123
6.055078700790825
7.72720423676144
0.7324643395585193
10.303787624183517
9.810105212373749
-10.723155007625772
9.939295704561708
-3.5437657813920085
4.076563039931301
6.207891167204688
9.439687000545867
0.3860610143483787
6.870570854996358
-4.3708894983353
-6.880596010986158
2.0639413703941765
4.302513613720469
10.8836950536057
7.029820282587632
-1.015391328055895
2.2046379831753966
3.245955395858048
-0.8372529560793684
12.332797224210191
0.11564830440064622
4.221924792318724
4.648374672300101
16.637256819807472
-2.0586697080100533
0.8456615444650386
-5.626008827888731
-1.0405323185977067
-4.8149663479584754
-6.176037728614233
-1.9564160337055565
7.463071059374186
3.6106509236502795
7.705237856209004
8.188080173212867
6.248330036290496
-8.312009359875098
3.7064786170840205
-5.66403739936387
-0.3487006331574394
3.826239147095241
-15.609101803302721
4.529009600737303
9.158683358492986
0.3799806440816955
2.4376051855345824
8.048379180473706
1.133516260218539
9.872417111512068
9.761491048533218
12.388437947235435
-5.127189179292934
6.270029885216076
10.261146784063657
-0.6203783140097645
3.476868479514966
6.203918484560508
13.14835160683631
-2.4644516927898072
-0.7034258375685591
-3.7763154932651926
6.418460047855511
4.866858043089918
-2.1149568382835024
2.3967644902848604
-1.0326152798564592
2.732732648479775
2.5482722254740633
-14.150893270756796
3.4893037421740107
17.289462800450814
3.662677922942219
-11.260751063737656
2.2489393284689503
8.793855683421
-3.385018059238746
5.086977080567763
2.223929683964187
-3.249395745468237
7.215622359135984
6.140660673698373
-8.414189772622427
-2.828393799753778
10.169079373038434
-12.030970390512064
13.569077355910704
8.608080362834311
21.80656695067722
-10.412584642739377
5.161305009839857
7.404850894504226
-7.28399265870272
4.325855014440214
-4.996948332407526
-4.659766316000821
-3.9936541897895923
-1.2812871593810446
11.266612129999944
7.129833942988041
-6.367260224036006
3.443618186033062
10.114335766404634
-9.418612409471663
9.010056351776363
-5.554171589670419
-16.11495204780621
