2.401800194190728
3.054157201958787
1.9168823813734017
2.4710931931980706
1.7815605583421388
0.19337579761847187
5.446300896323497
23.498282907808214
6.291996769633114
2.9566401295872367
1.1592525391772692
6.41006773604711
2.742685903105073
4.439612784448709
4.799273175537503
4.83163663103417
10.601640060380385
1.0113732803367048
3.651793665198075
6.681775401073348
5.491198529946538
2.758419391036416
1.1532536303402847
1.1146872945023631
30.09611145020602
1.27104662998994
10.973353806282738
3.0718795537162213
15.799845302041168
11.554895074963248
3.5472671319999813
4.3288689263519
3.1470620963176428
9.303148419631196
5.575069224147218
0.5870441178460384
1.0689488179349491
13.753561436467827
7.389377289072603
0.2274719915990709
4.996040837732071
3.0134480872924487
2.448915872812929
1.6889095462111139
1.510877041857892
1.0990069478379882
2.126357692677732
1.8484663265450738
5.272292627452708
7.9275864799525
7.592660315757447
1.2368546337258766
0.8612452045414116
1.4444213186593324
0.3694466553648198
2.695088739338297
1.6260186858232748
4.857595138373984
0.9077993814227582
4.7416192677422
14.77927934295698
1.0131140649428985
2.6557253186634773
4.000488390201679
15.283178133589542
5.726307067164576
8.468077526599705
1.3697983841661052
1.8197923681829906
2.520607109522059
11.335577673766954
4.545501900921841
3.463752683818093
27.37664676429585
0.5481284209785336
17.992847513432814
4.537574599761323
1.4047928773275955
0.45371067410994714
4.315558573605968
6.132989077710872
3.735378297693524
2.07734266088706
3.1843133436111906
9.271061002312642
4.646171430739557
2.8716734204108447
1.6213515163266545
1.6251726213742683
3.3514223612421485
4.650291796241736
1.4325085111882783
2.6665473921692695
1.8804106690019229
0.5390829009787222
1.098021633019942
5.999574453552231
12.171464956419527
14.237223386978863
2.172935950895038
3.255002609357865
0.6714993250116715
0.30326850557666085
9.14738680398061
2.1472724391613016
0.1250642589101116
1.5466806569440732
2.35882505053135
3.6587467192872776
0.5645339762271375
1.1812711066091046
8.844046909590146
4.068817575601883
1.8215868417031267
0.7463019863590353
7.462487895415192
1.3467836089546388
8.41695089622397
0.6200925885914715
3.821328582844617
1.4660338285769245
3.3602448648162815
7.486227916460864
12.421521914015255
1.3906900229942492
2.5927242479541146
2.5388553038879715
2.986535537440197
