37.68678713778069
29.330749365439523
24.799527064824474
23.341752170129276
32.85651451555651
32.30139795649897
34.7817082654487
20.94466987778835
31.95682191244625
32.56949924355858
27.59640485265813
45.38626587768718
37.91529536978274
28.656695463757405
27.089235469667173
41.730467978299004
39.468336315878695
39.011064132867695
32.607726114448006
38.44328674265862
43.93497561053794
37.90116094815415
26.67020188799992
37.69937740841567
31.131673335482354
26.161955449087518
37.76427289163524
44.85776593441493
30.888508945869845
41.92502154473703
30.731018770228914
42.65353214826576
29.352399504751002
31.128896229502555
41.151333027267874
33.651142101204
38.608542428378776
35.74949308298472
42.84961275422273
26.701824975276757
36.85386004504221
35.344322715069005
26.63332360341494
21.296965614047537
36.53788981141858
34.99228810587367
33.98524135109293
42.759588824507695
28.92696694890601
29.969795405678635
32.09415848168597
39.806236335983805
24.45830514908011
32.77672625026361
39.64384665744968
31.207888342480516
32.5315704839538
34.307118666708554
43.61756103925505
32.54738897120591
32.87813130414633
31.038849488015856
27.39388248232401
31.64541279078805
38.03964141870617
34.18906614896213
34.34473309959933
32.26287350988081
26.88572842422903
31.747105047891996
26.018194268049445
27.780950754543824
26.6078070923504
33.470681444305626
45.90892937592406
30.967545697777602
31.23464229761334
35.37024286004631
22.886141977330198
39.10799401863607
29.970466790620332
30.817961394346312
31.853067555113345
38.53222446901999
35.86090053982025
25.757554977676186
28.903033527221233
28.40998948309206
45.742289381633505
21.73818008491106
39.27484940958732
18.830000013813095
17.901755554020077
38.59952303174146
36.85282864264821
35.4735883595055
27.67872942607881
23.126780989867456
42.5570183216317
26.090103066654642
