66.0483486893191
54.30800737389839
56.42884300952645
67.90442609914561
57.74729157918245
64.84393741436043
59.074726832719826
58.32807020777349
58.19157105331916
58.87537555885237
67.15433030567378
70.06211556666508
62.89337504819626
61.41288516683592
68.76360392614993
55.5682326074809
69.82304145801007
64.37850941435356
63.110661955541545
57.90048773447993
61.26550501754105
55.700700359865735
70.23151410317766
59.03981409010735
57.30649003244178
61.25328372266628
70.9063953883677
64.16057074351765
69.64688334103914
68.85218028354464
69.77680265672157
56.225852526551265
70.64117557858523
57.84972189948744
65.55507165187592
67.42642269256925
61.600787365411136
66.70520243535069
67.55123412890399
59.02349979396598
67.66823576002756
70.42678781135704
53.57757687565718
71.03905037420101
62.5594396952431
54.82327467759279
54.59907328544431
70.86079587006606
59.25700579814883
69.6573288010848
61.812438541444045
64.16643579629407
64.65695706234024
65.70300616706815
56.61017217091138
71.49847027843775
69.49634165741445
58.011080380102484
56.42650251906126
70.06632819085209
63.778748579389905
65.88829817733898
71.56457329091205
58.465339272749056
63.23659458136578
67.21770160344337
56.22184873894495
57.19539649744201
59.64858395937098
55.047685855913365
65.05139665931328
68.08191482937784
57.78492660061026
59.27233265659878
63.52293512745646
70.18227819619142
54.58619251067021
59.3652644225211
56.221234374157675
61.940837547095924
57.65520060397094
58.231687201136545
58.255959627799896
62.65884783134768
62.26347705017046
67.8771417295473
70.77540401784945
54.68955237436449
71.61917549581926
67.12865693966233
64.16127386859202
66.20300768228155
59.09244903345333
59.69100860039831
69.56668233970834
55.40751872240504
61.97004355229926
70.80241055993623
70.42677097379311
64.35331473220006
