40.388456840218836
28.506805150885782
20.776098856898933
30.40728704773525
21.522281522717385
23.712924893331397
17.62923272491407
33.324232500884
35.33949255677953
16.864382532729095
27.341317464714155
29.95495700545471
34.346249619330834
33.207228640589996
32.93056614554843
32.121501558217574
28.173474517582694
35.22555136897419
34.17650061901747
42.76894810046034
19.333487705790233
28.961557186166402
19.98295524033847
30.089113705102008
30.186533414833352
14.721444058113605
19.29293629320206
27.213777467106222
33.45790325653269
30.39334631085849
32.66502947663771
40.84271523057558
32.8859867991576
26.098359521330558
20.974620846656876
38.652997381393845
15.983268786731253
29.601541200734257
32.3640935632372
24.623773734108287
25.86929260882402
38.69800562985256
33.10181649844828
16.67986559920164
22.039776672597817
38.825799426420325
32.85105291640334
29.163807225673352
26.952662577700895
27.152044764761545
19.46888383106574
45.09147138031841
27.278527266476864
32.49028259747026
14.3202705803415
26.27480618735457
34.449686626781826
41.1581034476381
21.350456733805665
21.22297590648074
28.60483918237594
23.253695115847968
32.222846324112794
32.423735062270296
36.67448326423173
17.840478306751674
29.77120886325347
39.38144590776136
33.806836953759856
40.57919281236819
29.16258563641755
12.52931065908427
20.575553404774993
21.542050185912903
14.603160563713791
28.18675298735552
11.053855701322636
42.77119625270944
14.83062735569401
26.481368197149312
27.7859675401401
21.574951800031872
19.377149988428854
31.881385159426184
34.89497388197322
35.99387921214293
14.129740640370516
26.00198190363825
40.05604439369774
16.41444941449121
44.48070659032703
24.379674892749
30.3715433744935
33.20507595727895
41.80458724989909
15.639418929836484
16.223466264399647
46.32365997974883
42.57162233249095
39.94074127695392
