69.95047985668646
55.194053035432496
78.88403699530242
79.84098823502417
68.18864388243415
56.288361729706374
68.29146124544903
58.77998684027453
65.49836988770497
66.40432435876087
69.22014835826673
56.24529693053412
72.90156997986381
73.24429144297306
60.67374114291593
65.57157687619006
71.28385876478869
79.86775605904779
54.35702903896772
80.15040274088457
71.64441997667606
81.023916224479
68.34965885204
72.41100864367009
76.30791834351098
66.91158177769282
66.69215461766382
72.238842260588
54.99868397149483
67.09227428609978
57.527347741959005
83.06658015422488
61.73989555684595
56.044214066003676
66.00192335625165
68.22986818685085
57.14469372479449
81.32396858294292
61.19694438759545
60.25446907222167
54.881417589387326
71.46474673048509
60.6679064906231
62.130358519265585
79.10750247752604
73.46277932107829
53.81581423967468
62.715403047923054
75.3639675143044
66.03111168934475
53.93662879545269
57.822766556789595
54.81562077581212
62.94120916495173
75.66607326254511
81.81174162649067
55.33888633887039
78.3994356867043
66.5104702750673
75.5526215314125
81.77185425938477
68.24876386531035
60.577213754762724
81.28325218039932
59.20232094942177
67.93453078187203
65.7467197513808
81.35213790280028
66.89524081436043
68.64999397281657
69.6037142486634
55.685650743494584
72.99121547815048
56.67536658001074
82.09711924568438
55.19661519273254
81.45392484006426
67.59950238720121
53.75801784956279
58.78775614870212
72.3265795173384
57.48214713273121
71.0351734164456
62.56283743542399
71.2446306062727
79.24933597440496
77.83058018066802
61.91014368090911
53.59296416098796
59.651107157113096
75.9314247189105
69.23464266505147
73.15952141343993
77.0801064948503
73.89207271906523
56.93020459582563
73.50201992706143
68.97026780525003
74.43524019924436
60.543481096424244
