34.75606859449366
31.208853309153902
24.11029708081834
29.74023407274903
24.02264956967901
31.772360075135865
31.9179075630336
35.911734341701944
25.711663409740886
23.57039334785651
36.71768410331814
34.38695946565544
36.84650359688182
29.668516906556654
29.936075672728997
33.95397520682395
15.542983083242579
30.32751591501667
33.53922370986332
39.22128981064075
40.467575135507225
22.378451584662663
32.51988851006303
31.67960554961366
33.23640057502972
34.77714951126794
37.65290736720672
34.59626061179923
23.875190080377653
39.255833691805414
34.98236055762726
36.39846940163589
31.82630637403257
26.02625020446069
24.76380582211928
36.988687240450304
31.576550510568442
25.980685596140425
28.119096516453354
36.69761597458324
28.82193044033501
29.558008292931735
33.848156463568756
32.688091491084215
33.50518380107457
27.379566016343453
28.13927816187603
27.922091808821218
30.809751897528276
27.573752160870107
42.40370434101203
35.58095685362416
39.378172918975245
35.17995368367456
34.70701102971043
27.814225315109088
25.983932581472978
33.28214157765662
34.91868432551433
29.184780494220206
24.51179557732118
37.78011025270802
21.67494827589536
28.214302382192212
37.6389029667497
30.328630389268245
33.229104677198215
27.232188021067678
30.02693533392789
32.37109114085978
25.024589986811353
34.27693738023934
34.02322837630805
28.203947666601586
21.89818142127823
25.121183227009972
31.942365335151653
29.372425453086514
37.80799067056512
29.877050262440942
23.584892443754985
29.336985571025714
35.53927126501141
33.0262192399535
35.642459496963234
29.737866286694324
27.45867415962506
35.918601161622504
34.94041419348599
27.04168234589983
28.89930976663679
30.81295179230219
41.15528856961592
30.7508818622737
28.081744688365056
39.26944337052259
33.852325832332184
27.353279163369294
27.95952584174688
27.295050472903707
