48.99590814688244
50.53774707800985
65.55652280054301
49.09363606141517
60.18100366143696
56.33266289697824
62.210497787402765
52.41688503036627
60.2796996796371
66.71094823420655
62.39692779408456
68.22658875311103
63.83992777305517
61.738443680299454
65.49827884130035
49.84083823729658
64.49350302340193
71.4774374909711
50.83408849918478
63.991643863404136
72.39842266396738
71.48966544722975
59.768713846533025
53.67553881400442
68.92155087418084
52.522118194023825
66.8406673476691
62.98216870459696
53.53269721317362
53.142938400329435
68.25836423236672
51.16363635590589
53.321494230382854
51.20911027490511
68.63866296611582
51.48242206182999
52.85539748005441
61.49310647897963
57.55986498553236
66.84730253115018
47.520587664102074
65.72435705019822
53.23536941167235
66.22748891659764
70.14596336112527
70.61309986731186
47.266045165547986
49.08850036479728
47.83255935044284
47.59195855086714
53.180242812260346
58.456022678617444
59.993329835159784
62.47569384833825
48.36656792012736
64.51758723321572
70.89072311721108
62.569887838729386
50.33513591917971
65.68470865841864
54.319492136547915
60.204507803086656
49.11221459907292
65.83888700146703
71.35035463726464
48.753625470943774
56.86501950179141
57.69239124940381
67.49346821039364
55.694377619625726
54.80594649964189
63.321558483760946
47.15074706280945
67.07271452653866
60.583086669839176
52.8376658011193
56.413983703148745
61.56974330295155
68.88290560129946
61.11224658462923
57.87605008515954
62.228918135861505
60.28557778773014
56.26426003519494
71.7238787204647
50.40326066064888
49.39733673021388
58.65749133422064
72.33108182014658
52.772739442077835
47.30933941713504
49.4261613172687
68.22632400666092
65.1588719269437
54.019751987294036
47.798901169073325
65.62890655437567
56.899057315599066
71.01720503638354
72.4217993105016
