54.71633224318516
54.441455521742974
59.09436217653533
68.95518056532512
49.226508084851204
49.881886519535286
57.47034187705241
44.47569296521819
50.81839849999301
46.58072916759862
53.30300011970389
55.08846435741425
47.8667996048556
42.52871782702112
65.09094818762617
50.70776713077635
52.7714910368449
52.859072971681336
55.99167963206493
58.88997121666962
45.91211835492295
50.784884564644614
61.30388757835056
69.04651171619484
56.77565619278652
58.99065171015869
47.777183035378734
50.478267033564364
56.666169209060776
51.73899500101646
49.89537634485261
64.0166212552106
51.916839470781554
61.48655269115764
47.14296035033982
57.69418972964563
46.697708361265285
48.353087107406886
54.47582536421398
53.315900108131686
48.48256558314722
52.42377611264381
63.2825817032616
53.82916151052517
65.388891238374
49.14272986152457
65.12895078327159
43.998667176224615
62.536012089249844
70.99940638594559
58.760792905501134
58.03390204614478
55.17232075180854
53.905172931371666
50.20570366702886
69.29191670189634
53.87780682754053
49.54107215035929
49.75170567453037
48.33593907023585
41.91492410395448
62.156805926872586
56.61681378143051
52.10297745215945
59.70347100228608
49.71151430467503
48.4906446004557
44.213598337248406
68.43565581533029
52.77090098889985
64.96711499218355
65.27308211624769
51.0965049637823
62.84990970417119
60.70148382443264
50.24574598897085
41.99082554458929
49.19864233906897
56.08498333587837
54.8975714575336
55.535661286932026
56.85580388758427
58.62829955600518
53.33858848058564
54.13375879309869
64.31914558019211
64.74339168491868
60.56883988442892
53.438182010343255
51.86269700580699
57.24087535738821
46.9610053091686
60.78277027083924
47.37033182404162
60.7120797812261
59.148062233631194
72.35521926712889
61.68363044138514
45.30673809082884
63.51351407212287
