46.191937444506365
29.899238189636765
52.31856439764448
32.478113680297504
41.53228602559859
55.59838086832744
43.38707700737012
31.144974418568534
52.05564065006225
42.82774285727033
41.005317375687085
47.39263150751825
54.62391110109152
31.27945198649033
40.688490939172766
29.906421433256185
29.844703537915862
44.78833018748354
32.408543158565124
48.589924475492296
47.60376735285364
31.292421894567088
52.83147748744052
33.9911135250108
43.73727216742831
35.09868730894883
54.35909282562308
36.740114729820974
51.24021783137859
29.67879197625516
36.141130976664726
45.919320773037214
54.58870451471288
31.29598694660419
40.19329224201225
44.72446206612738
37.41657275503949
51.19754040736905
41.11630843892096
37.78528170592846
38.893040674342394
53.112854678230946
30.549264616837903
31.799794554282652
39.97270167305031
38.16705160452673
51.360129438479106
55.556191752977455
30.41972700635148
31.917984702131275
48.159328396884476
32.44820742889863
34.19495627646738
42.11526714795703
42.03133243179738
32.49639813415822
50.11584749247571
32.92027987271231
46.30582760195871
40.7705446969193
37.66195916217401
29.574031827848366
39.93240630891881
54.83537596389962
37.555351185683946
49.9278770722654
46.17947154757937
38.747036193681616
46.61843425412181
42.46853117078122
35.735368760433325
49.77060608457195
45.92381580034531
38.21586689936531
40.1535822331615
55.75389952544303
39.01258156149791
46.25023710965971
45.78292471415681
51.001654434524426
32.122551785309575
39.127360353101
29.87208531846902
55.055464731952036
39.69494482322868
36.187291559005075
44.425884256755225
42.231899817884745
46.207952950011936
47.15860536494583
43.595903960944284
40.36395229740636
44.58450134400066
46.509870262620346
52.62388781130308
39.4536668074125
52.4240136221374
44.407988208157605
42.249109307379214
51.274312670299565
