51.506351107279635
56.21859878418139
38.17462837238552
48.262784574509475
50.670224827112705
50.182698418526755
49.564268259034776
45.14068999288374
33.672692703899514
48.706670488458954
56.70030694271726
48.22021463838405
54.82895249480267
43.29547299952212
54.1888144979598
39.26255719464302
40.55521034437114
35.1883560875251
46.91315896848936
42.724814800075066
39.53055930251888
52.49349460168277
51.86302171657888
39.72484146553009
49.61216355502843
37.89115324518893
52.60683861919671
45.749401811273906
49.56520584359962
47.51411825548101
46.494977635163785
43.271203295935436
38.89691271055848
57.88034091354395
52.419145876556385
38.44092459116062
42.61148885966094
52.552039040824454
44.880629843396086
48.513979287949276
48.22438657487992
43.97436337135177
47.472198562981326
45.261672458069135
49.83068206277448
37.91221379503553
46.34516059306152
45.82855505188514
40.12465496682182
52.927025353153795
46.603144046793304
46.62954336257614
40.1403259946823
59.275552680153275
50.64067199360895
39.41182997884505
45.66693653436389
36.7240862816949
38.88044748914999
47.23286447366693
40.03132433343045
46.37839664019587
42.43524834300767
51.128259248153185
47.11726575612122
46.0528711514359
49.15695475329182
38.185151425872334
45.19272767515027
44.82143684711452
35.70086952501793
43.102132828465315
45.767817041918526
39.6543250224095
47.25727767950827
55.70644568407897
35.89074691898857
45.894134972240174
39.949839407701475
52.65603814116466
41.274654986120126
52.14823461975345
43.15560730748641
49.115599088521165
47.32874862890523
60.57047420730469
50.27674827873749
40.7034397295373
37.918892696831584
50.74127058550673
53.958373532571834
43.315606703711566
48.973316204568704
56.5842216363348
50.344854769411576
50.348697398236055
41.32146326265056
48.380522439475655
57.95489293613028
49.04571008853745
