20.348144831937024
38.01950429096381
42.6649871998426
27.285927078868923
46.86946358525312
41.02928935138506
41.309784389360345
32.8266364037636
37.646497233113266
36.42013200860387
36.202664947580665
27.24960142527923
26.207804798242684
22.104147497183988
48.06965853249592
19.19352145203842
25.571087519721797
36.15230936734355
37.357323439549106
28.824144236033415
28.422484118766395
33.36675237820343
25.157987935478452
37.40505920903898
32.1065383838613
39.45555782256112
32.81755464314952
44.33876093551498
28.849983489007073
47.12760544293772
30.470409147682282
39.8619079515162
37.43885625516784
34.274911962629126
37.681621945127205
20.491285670848907
32.25665070282572
30.927457915071273
35.866754600009216
33.93479242763398
22.145886117303963
29.65178800872355
48.62468639677043
44.914393461243435
42.21768447972144
25.930613742865557
29.66415216909254
27.442807019571646
40.517339086985054
47.34852133557479
29.039315955960205
38.38503360210973
37.61381868125524
24.593081433290244
48.50742914538634
36.7122129559748
43.710745332419435
45.20610778867547
36.111733101020576
20.3900782325838
26.791637787703447
40.95170294042568
27.43428581452291
40.00710902890336
31.956879585947128
21.564654472166993
19.750841783779332
45.58386222730141
29.407129300770805
27.736267548500493
22.55401888345279
38.33408199304071
37.48597040922857
39.185370030239035
35.057518167173185
26.790559865822175
34.554450415089505
46.58022615289404
21.61840904682667
48.2368931139856
22.133847270431158
25.527320257072816
28.70472388213353
23.090949892801888
19.94043449919781
45.7000179595634
30.123923340452805
47.20387763868044
35.60616623096591
42.9546568669094
39.05307669151513
45.35055125097518
20.181015924275407
48.45724104856017
42.596864653478754
23.15744464443618
26.288941142114034
25.96750447930535
39.49454379512151
42.55686501565164
