27.9394351128024
39.30253581782193
30.28374739468851
45.853495287324556
32.99365546159969
46.412649441621525
41.700950750108014
42.898007597073295
33.33647647012732
35.29542664631011
38.882704238670215
52.75714598587868
16.584860974370105
45.049162537371906
29.455424002298308
49.76253657192977
37.0385913387161
37.426884087519284
42.72555665630252
24.220758131402093
40.1983996425414
41.67482334906409
46.35746142450696
27.56892683103304
43.62002651016078
44.01169526833742
28.744742626361354
63.33243324987986
43.79835815636708
30.953893476148934
45.24567750493261
34.99390031254111
55.75591491357061
39.22410894778662
36.71425197178892
29.886857060051746
45.014321001354354
54.03724717601921
39.968026529325826
43.0289521582005
34.23894943425028
53.650675561121346
48.768347244792146
45.325558528675494
43.061710139052956
16.924027055472777
50.92877645431838
42.37761774269922
34.396024517131956
16.860055312053465
37.43368960574576
31.071691000672192
44.13846720509267
27.97895535773237
36.91910690810337
44.84107471158321
28.78994521973005
49.06483588921852
27.1817228726058
43.15337375723208
24.49518832322293
37.099865841708706
38.29318793666068
37.10317320728599
39.13004578105128
57.882578252138956
42.47508213064033
49.0177624786932
37.01610389244144
46.301801915300764
40.34489542614769
37.64591350344316
41.38428989977791
36.44520873976092
56.61768306017522
29.519247764964646
38.4661779069547
45.54890344116457
42.9011865952303
48.97233885036477
42.41659982676899
32.506281271526724
42.951723186024275
30.961215461771886
20.366297273525618
37.06896413119588
33.644596814241666
42.97020813254377
42.145287914807625
38.67318931846327
17.20423975384024
43.3606329191785
44.45680282066858
25.646501675004487
32.4278303277935
35.62680770880203
46.437781395241174
37.635730403625594
39.65789368642897
25.650504901687995
