59.03621926352076
47.224585783812
65.08762706708782
49.57139324444911
62.743546665029456
53.40088252174273
45.845929836447894
46.438981841017295
47.785024712121114
55.22941187466689
55.04260109716405
62.929892903543475
64.88878819813408
58.653305724641605
56.43903967862157
52.01631901005016
41.599959541219015
43.469246630707055
49.202205841741375
56.41677462632653
40.50786846233826
39.54872505584318
50.45554380298324
42.293278061365505
64.50947941355741
63.07458086175859
47.3045134180605
48.90684932946932
44.511640878530955
44.26421794749705
45.0154803456613
41.48142070489854
56.1339181113769
64.24484757170788
45.3441350545
49.95332397091782
42.594091459044904
51.24925640438238
59.91914364443954
50.33819981700843
62.893588782563164
38.00085579615755
57.030326428540114
41.20895704852124
54.407590038062935
46.22785724306936
39.974082869677055
50.39563381073555
66.67799915096799
50.36969301282598
47.45677183669121
41.279353863432696
66.70018338410239
55.087562122618024
61.88482014182274
38.95155021851898
40.656746659897784
52.558358711551655
44.57987448141034
57.045481198669975
44.080865917278985
50.17560922543343
64.23076533067403
45.2464621351688
56.256005249973995
51.474808646493166
55.850946324307756
66.73266304470388
49.03746735807332
64.08643920619264
46.60591673586725
50.04783753725908
56.23148098877846
64.63624483230262
54.92941522761109
42.58411094314138
41.024326449296346
48.078139391542706
39.442048459705546
57.38571860377752
52.68384866522602
64.58904717896874
45.81273067350397
60.008691411931196
50.39954826046399
65.71476019799974
54.65902688055969
39.80996728222087
66.07103387339471
38.56615111002202
57.57632924975739
54.53288871704138
56.340963363204445
43.27071073078985
43.830662182877845
53.26841913379893
43.58903306817416
58.37074199621507
44.76644345306339
61.15489470896834
