37.51412240991071
41.13263892319754
41.270733330498864
38.69411683270893
36.04030633583299
37.531033554266756
39.45222836402445
41.102574801053315
43.348340434669794
42.135932196717825
39.17520926505628
35.28495455811243
39.39183651417811
42.986014653969846
37.3364799938625
37.60151021875181
41.66527245367031
36.4504423335524
40.28672862493753
41.47994862665671
40.762965028793694
39.80261355335878
33.43550171855623
41.438164392261925
33.94592485034203
42.473254049075244
34.93684835912362
35.9461893723974
44.83846177555357
42.44846840973692
39.31423355878552
38.11396475861074
38.212737890690484
41.79458925080798
37.13331615025152
36.98507613362731
42.605243975850605
33.2281076511879
38.85814894215471
34.41538071435756
39.96872015194587
41.0634988509526
40.191816873441596
38.71718640459238
37.80001066281062
36.14548191791131
39.61627672361721
32.13060355209641
41.77601038923732
28.080089527446752
38.03729502522349
37.60040133061651
41.68564619063847
37.64900741521523
43.5535065450111
41.97091636805486
35.26127227827013
33.16505007247179
42.23779322104463
36.71877947827871
39.66282408996974
38.90086835551084
36.84800382780297
40.71307351401082
41.44927514566816
43.16955491181199
40.89978780414635
40.81195530034285
41.29788694707744
44.42849049000676
32.31459508376862
41.855340909426694
38.203229304527014
39.157508236281075
35.020462805874864
39.43278510007025
38.32378070857929
39.909628258917316
42.125775635721304
31.357853102295646
37.967031181953544
34.227585115213216
38.15817761005349
37.31868164203823
40.255676254540376
42.20806224294997
36.773671892783575
40.34567228166796
37.29906656701233
37.98593405666293
43.05186760893101
42.45856381880547
33.27499604976606
41.89249027354584
39.792052699717075
39.30905232715201
38.52028315021525
43.246088077917
37.953377788394334
40.04489299774005
