55.2455462039516
54.283478528345945
46.741161776652724
56.78005974966305
48.405179241967026
54.085316716403305
52.331313218751674
46.25851600344021
54.62686161273742
50.89952844571303
53.35350644879255
47.684301150108695
54.375561906899115
47.035315125373245
57.65565172047394
58.02629250434228
52.741967233374815
52.02037741326038
54.91648359161764
56.04098267378946
56.94045151286617
57.017414509432285
47.28063862237923
48.59117741035409
49.27522123117221
52.605055534970695
48.74084558272113
56.15815208412864
50.45233116273354
54.84251937894324
54.79380583056202
56.96948903942495
49.17042431104357
57.721695479907346
49.541664924592254
57.38162162965676
49.90913249913328
49.74406681211706
52.3773533815717
53.000261965464574
50.3455075723028
53.495627259228996
56.06026692560847
54.38050378523666
54.43770877757377
48.089076348495844
56.544018059768774
51.35489564240993
51.26752594394215
54.60626346713698
56.95000119127869
57.12468386267995
55.31398644924532
56.336317013484134
57.344688825134476
50.6144804223953
54.972729512598285
56.601441905574255
46.85814143164578
47.98483937043847
47.240814582159885
54.21146199732598
53.257252955077114
54.239983488517204
46.270939867708165
50.84270961826171
56.386716515669725
55.55252133247584
47.32845341542175
57.989722577654284
56.632759144931285
52.77508584439856
57.14326006100003
49.82898816298496
50.50630117789018
56.67157424596466
54.45547618403571
55.98347629702623
52.50630038175369
55.64130940159705
47.50152806875263
48.97875453173825
49.90647685470732
53.42160373651863
50.59653687679651
53.091095515063834
52.47952797806632
47.21767010963245
57.96066202278782
52.89955229366958
49.5315938662095
46.391861031524975
54.32998056913943
55.21790467150424
50.870010691199596
48.97954229812685
48.14316635165603
53.56019517747273
56.69484276139535
57.89175534500651
