48.24605495827288
50.412042900341426
39.602449354591016
41.444413733004886
46.93416335669367
38.45739128612891
40.6924069154111
39.681243609587035
35.51846142740291
40.167255727634725
56.59304032676499
46.312592167438545
44.53440247310305
38.45321379055531
50.39921824113105
51.69910826626681
44.64302144282493
46.82899346836699
44.99848331413239
41.523630854618816
40.63063752925925
45.44297222988176
42.84983802951653
42.55803383201392
32.704294827260945
44.19449806913717
38.86010417296468
49.37982720324733
43.00391394465895
38.91207981434977
39.695244888634875
51.9208207870025
40.10452723561687
33.53949879749496
38.78393601295184
46.586648821388565
39.30904036226249
35.01455175980493
48.73071639581171
41.25856165195701
52.905572194300476
40.61580895981431
39.93175215964568
35.31334549632115
39.45741823867095
38.83163716142962
45.2670868053077
40.83761282979397
40.91488159746014
36.78639816772025
43.127872948802256
43.45160850892845
52.625390541492784
41.3146261525291
53.022313559217714
48.89006157698886
40.154384288873835
37.21019801017954
33.621049257824524
36.7633105450676
45.52324212227469
48.5281714705953
34.85392813229154
41.13041335802004
46.59539756380801
37.73063641809738
45.49613835425985
44.16159249648706
49.47478491523299
43.57653191001141
46.75885022759827
40.92543163239803
46.1945385211612
51.51824680233548
44.38569924680753
41.20948125386123
45.838609274833004
35.01253589981735
42.18547686380191
45.65542565456946
46.54352189721165
44.0807318277999
36.38374879146313
38.21107433907725
45.713829210513424
43.61846859282752
37.40770251159047
37.57957125158168
49.22423007897268
47.75341108342124
39.488888249291286
49.81336878745855
50.98399792937707
40.965062757538675
43.41760005766878
35.63462835728248
48.36650313112807
53.254687271650916
43.67042027887626
46.100273431108754
