43.97823457292306
40.08789336260145
22.45554253919013
22.172413652867593
30.179074155517196
45.83582164268401
36.63454992057555
35.52388775728793
43.367258631993856
21.87586130341689
28.345214725315323
25.868637773483243
35.675680045922284
18.081129395773452
39.555997395735986
24.46952696050441
25.062815665882034
30.845870890621548
19.73914780685438
24.999994821045142
18.34140699972402
41.06835706731028
19.047560940012854
37.17954924628401
18.376514425065192
41.775653869980005
27.138134227514204
18.48818985474541
33.15928525307273
37.77370111212487
39.202830867969325
37.18244582328943
19.774846631908915
41.5932047185714
32.60793977708696
37.038473163177095
32.03769365949915
28.559815856316284
21.446697007205927
17.847095244783578
20.903445910274684
28.307818313257833
26.713879388012078
28.78584038063267
38.663111713421266
17.723699029902097
43.90684028497621
24.498546995893705
45.765391892556806
21.149533079267293
38.879386173135046
38.340026365717264
26.021056357827327
28.11192455486225
29.006392330783076
38.97771771018124
38.220318474010966
28.83916847587005
27.383903347636508
34.78598221056238
44.97770887359573
40.68122876999364
45.36804480919679
39.27339699934164
32.25279516506539
39.720386859415825
18.527768686156396
39.40217352805314
27.771189965042613
23.256401439333857
36.021838586756175
37.74862942803061
21.540714035874394
19.407211121374353
22.40357240362932
26.809073861241423
34.06203189160805
34.56434704169935
36.067275892198886
24.954649848272403
18.67642858735273
19.637760062130575
21.902633414630014
19.65261482416158
27.977969173513216
28.367185500353656
42.41042956150247
28.876139020287734
25.699992206601763
35.546737451620444
20.134057724321107
31.847687733654773
22.213728453212127
32.84697834759842
31.29316629063799
34.585657164758125
22.954943413260118
24.397851266424066
17.88678981611202
21.847493883399288
