0.37791414252698974
0.9518462391770305
-0.21784284844945306
-0.20167027319327524
-1.2995894712343319
-1.2151131284824785
-0.8942951906279699
-0.5777750499292738
-0.6098148018801517
0.06269248199753871
0.3697296123079714
1.7960747548824694
1.4869961355873023
1.9559131584943898
1.2515631002001602
-0.8137749780881306
0.23482226225645342
-0.9166800831852131
-1.9347211467132621
-0.0827845234816178
-1.4612860178808473
-1.4381397288133122
-1.087178358040673
0.4961582593044768
0.42276930508837424
0.3956664634338335
1.0970663570724974
1.3717248321595736
1.6490143621736773
0.8740224902874016
1.183008976013399
-0.577115199129652
-1.2238605250981867
-1.7873586976857463
-1.5535486906585831
-1.2981157472023834
-0.9699745718972633
-1.3552024655673545
0.8712889642424752
0.13471058587039575
1.1727768281132385
1.7834296112189123
1.6661488192960132
0.6105924163521532
1.0110427173067094
-0.6051994910961085
0.7376367999980697
-0.9755928177947351
-1.9001360176208761
-0.9334397130914215
-1.1576722012218756
-0.8454454455939052
-0.7025971411713754
-0.009619581555027512
1.1519528596827553
1.1944435445510735
1.4410887802191472
0.7614769099976594
0.8251976303707805
0.43140204849762576
0.5325831071204116
-0.7607229302271953
-1.415984169752842
-1.3455452665801826
