9.048755602070257
-2.549842484775673
7.670184891198817
-0.3787845023991707
3.9857961030761153
10.708549128459747
-7.255762860689062
12.488587596567239
8.33829506739125
3.928286395389323
31.749216204062012
7.602642838516378
4.795132190158506
10.397281224172264
22.74073019407927
22.631175188344518
17.362332724315998
12.627664040330716
21.935664232965827
7.671779538468273
11.58086029723131
12.81383467966823
28.07261246505236
22.66660614682043
26.752485836292152
23.42442744175672
20.63326557707892
20.846845756359638
25.093850100319095
18.20771424839144
14.351495745838875
23.95260726835601
24.844317588476944
26.14248705471314
34.43696915553293
26.433383709338926
25.098901528318393
19.937494742294618
27.774440386034993
35.54912700395477
28.799679554063278
39.32570895851803
29.5437792635587
30.029450911956356
34.60447433220287
34.95548349725635
32.368210891336695
45.706828280931816
41.596716621240404
37.73984588889384
28.627256783786635
39.23842288386803
39.17482948935058
44.98851107954461
47.49382687965873
25.2063364405622
36.464803642265245
38.44124151708699
56.915991867570625
34.66475732443879
32.533319411060205
37.00579323702062
50.45810951291996
49.302304893012696
