0.7815251131870682
0.4937364278145544
1.0415478917980705
0.16060454593034007
-0.40296928446910724
-0.2025946927976437
-1.259085449182885
-2.0455275334239307
-1.4569891216071325
-0.8045203661717093
-0.8348508790372469
0.6755856385761018
0.607275818439934
0.39578053218329134
0.715367037985044
0.6430507706770795
0.9724506548797205
0.7099714382933355
0.539538261249165
0.9473298620960591
0.22384526940370458
-1.1875425042297114
-0.39707648744366125
-1.6704370310294676
-0.6480852172171504
-1.0957801694485783
-0.9245252188493954
-0.4782124817947465
-0.33584844208755055
-0.2931902165939637
0.7520491595597971
0.8061996665079989
0.7101675364548782
0.7570158882487351
1.6072394004450157
0.9069261900163872
0.16293616539497452
-0.4126186638294538
-0.2254964496872715
-0.2111507783163062
-0.9124259664863186
-0.46393648657039954
-0.9985647099113639
-0.7346492446089716
-0.3928666439154727
-0.2714162539252381
0.010351218509605603
0.6505454377183474
0.815044638245608
1.198753688658606
0.8557745982604368
0.7030866144277204
0.8271795841672425
0.46434700217781066
0.35143338974905863
-0.6704927075734143
-0.9620123843244854
-1.3026584662539318
-1.0920507071775114
-1.050459789808431
-0.884112366221793
-0.6674184933566824
-0.09498402337829451
-0.19453147427796547
