5.95632425336704
6.440098039521702
-2.0544188586886003
-0.487941955251201
2.3886816237277677
-3.1746026085461168
5.4917553520222535
3.0839572484863993
6.743522180607979
6.084667306716785
-2.687041791446311
4.776736996788357
5.953591400429522
-0.04494972275247022
8.268079935778536
6.865578374006348
5.0072892534028615
6.252819273551031
7.076641444873516
12.509326374931335
7.8990477448723215
2.063288223832912
15.412681226955044
12.791438505493492
14.005102996031734
10.526377077377793
11.137421310809431
17.442757838523328
3.561741309171225
15.592439980863935
17.084005708311302
15.814694409589922
10.236320387713121
16.376785266684323
13.669310026820376
10.507181996333156
17.8286414849964
9.922369041362735
13.88582042555633
19.690089057251843
19.152676634498263
16.81419780818283
16.8847645096981
21.306694661933737
21.737756761319726
15.37559963021651
19.984565609339516
17.5387296211894
18.37889454006401
19.293812286536028
19.199712713941693
22.14131659776037
27.8715436808603
16.54648263601141
22.720549519856153
17.855224204829113
19.421261692862526
22.412200615084284
26.20225584804422
24.799075925172907
20.195031754686276
26.804782615046655
22.658041382672412
24.092665802843044
