65.5083934399859
56.98677891647333
47.60841821656054
53.36088994927549
57.18000877570036
53.45502865077046
62.650151075815344
48.96404320112268
68.09415303076437
54.37304014357251
59.69727208060762
53.19749309247998
57.64762339914509
74.91635804478092
66.71381566546725
48.4209481398712
55.77672708998344
55.19500433086994
61.82540270562995
61.32809464840186
50.06769249970314
66.0154761338917
60.44327530443967
54.651194231373786
57.61328045916075
58.021577776634814
54.706785276139115
54.870206817227185
40.36124823211246
64.97287161102246
47.974822368534696
61.82290484472486
60.97227175420009
61.42535355023531
45.207659758687896
50.17437198013519
50.30149624090941
51.722055818549826
48.37066341219159
58.925486731932835
46.56840591598558
69.34315114739806
53.34248722396812
51.46880692557846
59.691882919292205
60.54952459684868
55.98528651412602
65.68006143969333
62.06408872263973
55.0697766587713
53.429050932263216
52.84360767253892
55.174125959934955
42.56664062569158
51.11669924741854
60.677308504338406
59.35751340001992
68.77771875707268
55.074161592401445
46.052426496061464
61.84200135311528
72.4218645218943
59.116949328506266
45.66556385699683
55.78439264731012
76.96847439284909
47.97223392548276
60.4790263587727
54.567813527270545
56.690763827402
50.744239817546514
73.08543259017
48.98669657132451
58.319927422889585
63.944777429659325
65.27072572311002
64.90314675320806
57.201666204983106
58.69362355708362
59.300309622607514
58.71044446331909
72.34493608356401
49.6014963216043
38.353703784948166
61.9380952689811
43.74481237705268
60.544249797663895
65.02358482581
57.888561861288345
56.164020946726154
71.4514176129616
50.50786348935762
60.275961843330904
69.69327386723157
56.19798905242028
52.19448287996623
52.3445585569142
61.94758691348966
66.86838950220329
63.35214228049592
