42.732844992288754
38.74086071906188
45.0492594804689
38.674869447897095
41.18838659347411
33.911551902036315
43.654268880210076
33.528555264657484
40.597432461881404
44.74286785049334
35.72515380492414
39.393535870569565
38.87343281800322
41.995552412054664
41.63709636603572
36.697571789270576
44.51895539187096
32.8414728766652
42.38806522983792
43.05924331160522
37.6313598094415
32.737993833257434
45.59950133589844
44.55850241396082
45.41251275304678
39.06430297063029
43.58570151151409
46.40377067386534
39.13923921788251
36.475956303010605
38.53079437132297
34.5514463227985
37.8304992955714
46.37286062746418
40.45452223382718
33.570260531946815
36.57104135502771
32.223977489301284
32.12345091145903
36.936637538020335
42.95638645838074
36.13551957127044
45.20294490964953
32.98188715229425
45.452030682687734
37.14733587533724
33.00085799520817
41.771602310688834
33.106862678920514
40.497177192514826
37.78278915496097
46.31532110214282
36.070139975374055
45.09306174477945
37.14927462448475
42.03827042940301
38.418795199105574
37.790241938805714
35.06953001320688
32.27338581799449
39.633019455901
41.047291793301554
42.49253706566551
43.29344086939401
37.53809253408496
45.90315330582572
41.02516823657106
34.472570132308576
41.769415449555524
33.7961435390417
41.398351952263525
39.172605610154136
40.18239575223661
40.261604205573036
42.09963796109981
42.03981136908439
42.723041320607905
32.86400425562402
45.258794647670776
37.96901043498749
43.38912769173243
39.814588603737036
36.239582523355665
41.2380893201044
41.838559480277645
44.158768135261745
39.169650515215295
46.78133407956051
36.99500578540146
35.25827858425089
35.182808196181966
43.239209486497735
40.69772060810768
37.26690306078251
41.92425527952302
37.727504257959694
42.503054880157634
38.22912615802479
35.33893173894426
32.38434658679811
