65.03373154037124
69.99556583623858
62.09007632097839
74.38013605039404
69.76861822897376
63.29748755187292
80.53764967574058
59.607809168466325
65.60352846369206
71.43475798850427
69.80540195647795
45.11022284562736
65.46395756361146
62.538886924483855
70.22018093477519
67.34591880251384
58.617767224874825
69.92088543014108
63.22170335258488
62.98927206427963
51.6780741850332
61.81086003647262
84.73669555244379
85.33183261765664
61.5071499748221
67.9589673298741
70.09901218637492
63.0474928087401
66.871375186477
78.9263782200404
62.37768555309372
65.32505081875694
54.33616759306839
68.44481297017943
78.12171457485366
65.43229049367051
72.18639284819683
67.73435244156605
72.8733756844497
71.39526089428736
48.237308682108825
65.54982959238095
57.349933399764076
79.64263059824849
71.66350587416565
61.643038264743666
75.21589930318325
66.21979587687292
72.47969125713696
75.56128753340809
61.1343957871769
68.88156993248043
63.44584930798441
68.7238155678452
69.74285707651364
49.839046889421596
53.90995858567244
57.87631655041095
65.13995089206436
71.79245799598898
61.47947778889789
74.34494947298317
49.81713075547721
63.4894582920046
60.41256324404329
71.66458307365266
74.5347079206065
63.08352248026706
52.78205274488141
66.13245199376342
71.50200719246513
70.45418824042913
56.18539742280251
43.11757598157908
66.10470729127925
70.17651409605723
66.84508383366567
56.503591482382575
62.4596784565618
76.39322166793427
52.13081539281133
86.96192132811558
49.54030520962045
55.96371363345257
65.45777163487496
76.95810921114764
55.70942357403603
76.7690547776742
60.58820948092744
59.266758318060056
84.43118360414235
59.75604053616594
56.79435102374357
71.19291587495498
64.3228764348079
75.82057265524651
68.29554288681804
61.41054214965913
69.94429660188524
76.88112690380139
