44.97165976856143
43.77355472382063
33.84059147837878
51.28210734771456
34.67808808551005
32.90039738430697
54.145327084816884
30.576378462313812
51.32408617941891
43.148025095710025
51.65369918692971
40.27823730351145
56.01271123474699
34.90893962476488
32.8683444226864
50.679577524927524
30.78393049083105
45.95411478205571
35.567868539269156
41.53721599723787
57.47990454193179
38.0519605482445
40.08024239460241
39.360642125805725
44.85920234042281
52.09325641172637
31.136580988148697
38.79518186997107
42.35105766352218
55.503588089051306
39.27595399822522
37.20039410223703
45.672392251874214
52.208894787745145
32.106230158038784
43.172353573622786
55.96422070839815
42.0577440659814
56.91166276476329
39.088198650067206
38.74743923349834
39.11623080380487
53.487611718671715
43.22190574781904
34.68094375166857
50.222550617163236
41.94648212307304
32.944736875770865
45.10156188600121
45.826979538978165
37.770757190987744
40.61000995499359
42.14849779097024
44.31540131938874
34.94948848544254
51.05727140397704
52.50771817379804
54.29554383950633
39.77807499465688
36.915373197470345
51.785322529019865
51.93411475069903
52.50525367156973
37.43285076291485
56.62955495660915
57.25932577559895
52.65339638517855
38.283560128718165
48.36505312072775
38.67250097657471
56.3354766138755
37.07301519814336
53.49363780273369
55.354572830398
33.036766405501254
40.757670974474834
38.09359632870678
44.089056898433256
57.14526918557448
32.44075202287505
46.755995152583935
33.34372486573817
34.02674410960239
47.54231214945369
29.95550026834824
54.85718283013186
45.33555941721389
54.48533369362806
56.425878938591744
57.34898553083931
34.83904945388575
29.936588223822863
47.45531518230288
49.445925067464145
45.72571193300837
48.72086934699469
40.23429447552897
32.67446770585998
54.924362932979044
36.697671393467076
