40.387725053658194
31.824227626770274
35.0653445629558
44.5872328027248
41.30199470963203
45.63726562046365
42.575781610594916
45.61380587314655
42.61988484329424
51.56533218386568
47.38488546093208
41.40222991618759
44.44427840161888
38.73060252458555
38.14699702583989
44.35220867226308
36.486251232024806
43.03421237357009
36.925755192244345
38.73495420462746
45.566062910240774
43.03033398767368
41.36284940089383
47.91409043684408
45.34185755178712
56.91391085199602
39.362967099156485
44.598226734700205
42.50783332442128
41.7117596093916
43.84974313174979
39.32742328801058
38.45345380873779
35.427141094689
37.8355524062401
46.724675015553515
35.79746741388749
45.752410066511025
36.974372214876475
43.93880885144219
40.853375987689574
43.7990625856183
42.07762014597086
40.80358933240997
39.93695342531778
50.38571795981719
44.690130051553425
45.66029656247079
45.140458290094806
41.06274944238077
42.57323193818616
36.34482605696454
45.63103679075322
35.424915617961275
44.52487411443242
45.15863379929735
47.41663677143736
49.67438919714309
39.112458808877435
38.45857237004002
44.3452039025214
39.56447762573089
49.61210967717429
46.13897228908241
41.1228851561092
48.32181897737607
43.579764156448284
42.36699823160496
49.70473597118017
41.92841271259584
35.85132937947902
44.14818372523477
48.68812475104492
46.418469703590375
38.89304123789064
40.29755161845139
33.44390949378888
43.14111785328641
34.85552928798755
42.19526044305466
41.47520049439873
40.68506528621361
43.53370576269221
44.01124422751299
47.812656204168796
44.794740823303826
42.16819681502029
43.30069278344118
46.81146854847569
50.91465004701814
43.505434362448575
40.712803767286296
44.073678624029775
37.01673140266294
45.77553511275651
38.586932138587414
48.14082465924416
40.508425142789235
43.4606167614617
34.18948835061614
