66.00894444312311
69.15160917045098
68.09912512430985
69.6067781401467
74.53943563808446
75.14859949074499
66.74795427842182
68.60747151805609
65.60914486024599
74.64744294902926
75.90947966274503
63.73943925659009
71.92458712178248
64.81689714207607
62.81907866153659
74.19962845294232
67.76062455022685
70.77524540295428
72.95596077088146
71.83752892049259
67.76199141469712
70.19323069880141
69.94970627574443
63.256160286562825
70.00553885099039
66.83645779278646
72.93900939251566
76.03207646635097
71.04504497064087
71.21770358439828
74.84935173675422
73.6789088940495
66.52572361322413
64.21332886629426
75.8187695810114
62.69182897227565
74.87192727976117
76.93422434455944
70.18653017651526
67.22302986135426
76.4409101628327
63.69885968157156
76.77085931605325
62.681494767367575
71.01347960750839
75.19999864355344
68.62058895927743
67.81131793688454
76.37909640409322
67.06555870735637
69.95756373066263
66.45536984755064
62.770530222413285
74.22631037507117
67.80264863892606
63.125205333359375
73.89342398933711
65.44646851903892
70.92455462665761
65.63471884675164
68.76245373179603
75.73237717661138
69.51300769191806
73.33644001003424
68.90008797217185
66.39471949819836
68.17112232365807
65.44745077610713
69.10742748370448
64.68464576022609
69.25204984352726
67.15725144944298
76.60597866763607
72.78047931271101
70.42192699589827
62.506339791391376
69.76305792443812
71.86084957199996
73.03937593126075
64.71200924435941
70.23199593395954
73.32731326558401
65.43733858847853
74.17880161857926
64.65221348942703
72.92638349717375
76.1794226599844
65.87557450086577
69.77701488569708
62.48268163593888
75.36236435200574
63.59995521938972
66.83510407744815
73.55896604680885
77.22113221373405
68.04743392952295
67.01662198718903
67.8199843840996
67.35053920325844
65.3288932792562
