13.282828282828282,0.0,1.0,8.14852927332728
24.595959595959595,0.0,1.0,13.189092768079497
13.080808080808081,0.0,0.0,7.531528675758598
18.939393939393938,1.0,1.0,30.28784292287748
15.505050505050505,0.0,1.0,9.329445979330767
8.030303030303031,1.0,0.0,9.654491260895352
11.666666666666668,1.0,1.0,20.30688235511031
17.727272727272727,1.0,0.0,29.0522852893471
21.161616161616163,1.0,1.0,37.52506938307237
22.373737373737374,1.0,0.0,36.32926968424465
11.464646464646464,0.0,0.0,6.955473006592403
12.272727272727273,0.0,0.0,6.982741759348927
22.575757575757574,0.0,1.0,11.830314067618481
6.616161616161616,0.0,0.0,5.518625440481534
19.141414141414142,1.0,1.0,27.376048176880754
16.11111111111111,1.0,1.0,25.656106585980794
18.939393939393938,0.0,1.0,10.295509544598358
9.242424242424242,0.0,0.0,5.125997332111101
19.949494949494948,1.0,0.0,31.1560968897398
17.525252525252526,0.0,0.0,10.209256307493359
17.12121212121212,0.0,1.0,9.022187809840409
5.202020202020202,1.0,1.0,9.386739435238564
5.808080808080808,1.0,0.0,9.261932844436236
14.696969696969697,1.0,0.0,24.631963403886616
6.818181818181818,0.0,1.0,4.612948573633386
8.232323232323232,1.0,1.0,12.769581494644424
12.474747474747474,1.0,1.0,19.99619827104864
6.414141414141414,0.0,0.0,5.0892867553462615
24.7979797979798,1.0,0.0,42.70820579699649
10.05050505050505,1.0,1.0,15.908956220234439
11.262626262626263,1.0,1.0,19.518842962076356
9.040404040404042,1.0,1.0,15.580374780894939
11.262626262626263,0.0,0.0,7.045427070574381
13.080808080808081,1.0,0.0,21.84085651502196
7.222222222222222,1.0,1.0,10.63300283508785
12.070707070707071,1.0,0.0,18.483575534359755
23.98989898989899,0.0,1.0,11.77617841599518
10.252525252525253,1.0,0.0,13.234570245508975
22.373737373737374,0.0,1.0,11.362561327230226
20.95959595959596,1.0,0.0,35.910122552421086
7.222222222222222,0.0,1.0,5.837349528030123
12.878787878787879,0.0,0.0,7.284672357842184
11.464646464646464,1.0,0.0,16.033556062232044
9.444444444444445,0.0,0.0,5.73728362669983
19.141414141414142,0.0,1.0,10.519078760080534
13.282828282828282,1.0,0.0,20.51018877509046
8.838383838383837,1.0,1.0,11.785019442888375
14.292929292929292,0.0,1.0,8.632085688783055
8.030303030303031,0.0,0.0,5.725190042342959
15.707070707070708,0.0,1.0,8.80019744910904
19.747474747474747,0.0,1.0,10.933692199616313
15.303030303030303,1.0,1.0,26.46533011022609
6.818181818181818,1.0,1.0,9.670951351940023
12.676767676767676,0.0,0.0,7.559694373469087
14.09090909090909,1.0,0.0,23.85874454993407
22.97979797979798,1.0,1.0,36.413970981151536
13.686868686868687,0.0,1.0,7.812718140762956
11.868686868686869,0.0,1.0,7.65692675653303
15.1010101010101,0.0,1.0,8.822064295769673
18.535353535353536,0.0,1.0,10.275547006936673
5.202020202020202,0.0,0.0,3.868383428772292
10.454545454545453,1.0,1.0,13.663442629831614
16.515151515151516,1.0,0.0,27.27745424089506
17.323232323232325,0.0,1.0,9.317760073686596
17.727272727272727,0.0,0.0,9.745851835699284
21.767676767676768,0.0,1.0,11.796046693465483
18.333333333333336,0.0,0.0,10.490997615398857
25.0,0.0,1.0,13.356820692370864
9.646464646464647,0.0,1.0,5.0391516589333065
15.505050505050505,1.0,1.0,23.63170288716275
11.06060606060606,1.0,1.0,17.10032539788066
16.313131313131315,1.0,1.0,26.550750866665854
9.242424242424242,1.0,0.0,13.744937010117821
21.96969696969697,1.0,0.0,35.62483656920379
18.737373737373737,0.0,1.0,10.653318882516748
12.474747474747474,0.0,0.0,7.2723390182206
23.18181818181818,1.0,0.0,36.450810216242445
17.12121212121212,1.0,1.0,28.794275063271225
21.565656565656564,0.0,0.0,12.590733073068018
6.01010101010101,0.0,1.0,5.656357539197323
23.98989898989899,1.0,0.0,41.3903970068834
20.353535353535353,0.0,0.0,11.02266347088253
20.15151515151515,0.0,0.0,11.337929522866938
21.161616161616163,0.0,0.0,11.720422427637
13.686868686868687,1.0,1.0,22.133135693118447
10.252525252525253,0.0,1.0,6.400596760908865
16.717171717171716,0.0,0.0,8.749348651037337
8.636363636363637,0.0,0.0,5.330941465292313
6.212121212121212,0.0,0.0,4.077576578107902
13.484848484848484,1.0,0.0,23.38799791295761
14.8989898989899,1.0,0.0,21.217531164624727
15.1010101010101,1.0,1.0,23.503852577603606
16.11111111111111,0.0,1.0,8.930947863891035
8.232323232323232,0.0,1.0,6.009948063064257
19.545454545454547,0.0,1.0,11.070933466043186
17.323232323232325,1.0,1.0,28.665935359712513
10.454545454545453,0.0,0.0,6.3063632904026505
24.19191919191919,1.0,0.0,40.525230688720704
18.535353535353536,1.0,0.0,29.88136544656635
7.424242424242424,1.0,1.0,10.873284704725641
19.343434343434343,1.0,1.0,33.00737507792028
16.919191919191917,1.0,0.0,27.543414191114397
7.626262626262626,1.0,1.0,11.126285085571295
20.555555555555557,1.0,1.0,36.02296183885585
13.88888888888889,1.0,0.0,21.026047362729585
17.525252525252526,1.0,0.0,26.075441856378177
13.484848484848484,0.0,0.0,8.170655556828477
17.929292929292927,0.0,1.0,10.330992258622794
9.848484848484848,1.0,1.0,12.897555376632457
16.919191919191917,0.0,0.0,9.477693652561548
22.171717171717173,0.0,0.0,11.277383728308498
11.868686868686869,1.0,1.0,18.598168221733562
9.444444444444445,1.0,1.0,16.141352739846724
14.494949494949495,0.0,0.0,8.217412501447907
14.09090909090909,0.0,1.0,7.68750386271791
13.88888888888889,0.0,0.0,8.072425223751072
24.7979797979798,0.0,0.0,13.492862966094384
7.020202020202021,1.0,0.0,6.524577649730164
6.01010101010101,1.0,0.0,8.396803892589226
9.646464646464647,1.0,1.0,10.944872358217276
12.878787878787879,1.0,1.0,23.555019254942316
5.404040404040404,1.0,0.0,4.955149580167591
24.19191919191919,0.0,1.0,12.783347368861412
20.555555555555557,0.0,1.0,10.331384435241215
15.909090909090908,1.0,0.0,25.852814335077294
23.18181818181818,0.0,1.0,12.805692731381013
23.383838383838384,1.0,0.0,39.53168957163341
16.515151515151516,0.0,0.0,8.808964611462386
16.717171717171716,1.0,0.0,24.819807154927467
6.616161616161616,1.0,0.0,7.046646864232313
10.656565656565657,0.0,1.0,5.986733412064711
24.393939393939394,1.0,1.0,41.81808525502523
23.585858585858585,1.0,0.0,39.358400202105315
21.96969696969697,0.0,1.0,12.06950648710917
7.020202020202021,0.0,0.0,4.567915587759027
15.303030303030303,0.0,0.0,9.255094398424735
6.414141414141414,1.0,0.0,9.037140045842477
22.97979797979798,0.0,1.0,11.826651503313062
9.848484848484848,0.0,0.0,6.647329484209441
22.575757575757574,1.0,1.0,34.81359790118794
21.565656565656564,1.0,1.0,36.77527086999369
15.909090909090908,0.0,0.0,8.912270858920015
11.06060606060606,0.0,0.0,7.197688417767786
12.070707070707071,0.0,1.0,6.588176412223387
19.545454545454547,1.0,0.0,31.230959424689644
7.828282828282829,0.0,0.0,6.082501126071332
14.8989898989899,0.0,1.0,9.037643544959005
10.656565656565657,1.0,0.0,16.543406701368276
14.494949494949495,1.0,0.0,23.56839358038139
5.0,0.0,0.0,4.250686048826754
5.808080808080808,0.0,0.0,4.873404290021131
6.212121212121212,1.0,1.0,10.426718454434665
9.040404040404042,0.0,0.0,6.463454131220491
14.292929292929292,1.0,0.0,22.7123108995107
10.05050505050505,0.0,1.0,6.6601685248272915
25.0,1.0,0.0,41.15751884603195
19.747474747474747,1.0,1.0,35.547780298915775
7.828282828282829,1.0,0.0,10.025169947296853
10.858585858585858,0.0,1.0,6.882185090588375
7.424242424242424,0.0,0.0,5.053755968319404
8.434343434343434,0.0,0.0,5.548173056960027
8.434343434343434,1.0,1.0,14.341579216842696
24.595959595959595,1.0,1.0,38.223531021919825
23.78787878787879,1.0,0.0,39.77848573999854
12.272727272727273,1.0,1.0,20.554992999989768
16.313131313131315,0.0,1.0,8.722263861647619
20.95959595959596,0.0,1.0,10.499014679236138
22.77777777777778,0.0,1.0,12.128887233111474
5.404040404040404,0.0,0.0,3.6724350724717905
14.696969696969697,0.0,1.0,8.691762204761805
8.838383838383837,0.0,1.0,5.810367971420657
19.949494949494948,0.0,1.0,10.304842134436822
10.858585858585858,1.0,1.0,13.368894885934981
18.737373737373737,1.0,0.0,30.24032317690351
22.171717171717173,1.0,0.0,33.67537857455613
5.0,1.0,0.0,6.186046956818492
7.626262626262626,0.0,0.0,4.709641018499733
23.585858585858585,0.0,1.0,12.093534757829179
20.353535353535353,1.0,0.0,33.91859998606312
22.77777777777778,1.0,0.0,36.12147700673148
11.666666666666668,0.0,0.0,6.743213816784118
23.383838383838384,0.0,1.0,11.825015626685698
5.606060606060606,1.0,1.0,9.091747600695605
15.707070707070708,1.0,0.0,28.188382565688606
24.393939393939394,0.0,1.0,13.240405272656313
21.767676767676768,1.0,1.0,35.8420515046142
21.363636363636363,0.0,1.0,11.248018312133633
21.363636363636363,1.0,0.0,35.032276424198024
17.929292929292927,1.0,0.0,26.794956109804236
18.13131313131313,0.0,0.0,9.986271113786811
20.757575757575758,1.0,0.0,35.39832441866944
23.78787878787879,0.0,0.0,12.485632394155862
8.636363636363637,1.0,0.0,11.089524231760073
19.343434343434343,0.0,1.0,10.616247009400412
5.606060606060606,0.0,1.0,4.120842265955483
20.15151515151515,1.0,0.0,32.50429382655662
12.676767676767676,1.0,1.0,18.5447234645378
18.13131313131313,1.0,1.0,27.901985933209325
20.757575757575758,0.0,1.0,11.315704707534648
18.333333333333336,1.0,1.0,26.93264739339008
