56.34562289046676
55.884644164747606
77.05889790919541
65.27195318909851
63.14530611724153
55.98564264093371
56.88794044848321
65.98909553421393
62.55279321171012
66.42850418685376
63.95684126489953
57.926704792075704
64.2057386614184
59.69699531656214
67.99755855790224
64.80435912209529
66.94243690338317
56.07648404707392
60.510837114003095
63.859553959220534
62.326400422647346
61.923260473572824
60.8264196355388
54.840412624852966
64.13475537612484
57.61144989849178
63.637204827194935
65.60619359838928
67.17824173920674
63.849467650711304
58.02057826341138
63.53195167155135
73.68770650901877
60.67195675565138
63.67133688744866
60.439218123041975
66.2536210258574
68.79994347093198
68.66561997135763
56.38122371054757
59.11571656441616
66.03866448150264
63.69864600720782
59.66106450584516
58.88734855845159
63.38009463635624
66.7877314349763
64.96426878423232
59.22284930772691
69.18297524014305
61.50394669436376
65.15647502817542
64.74941042791683
63.20682167792551
62.325861106259474
61.000504443158746
68.62140282147755
64.58220683926794
62.44562006242005
68.50684526440784
62.92225247576342
66.48609022752237
68.54764743988855
58.286480601500934
63.63080151704254
61.13939427398719
68.66185965883881
62.45451639907257
66.50314709717985
71.58401109321687
65.94425548599733
60.84914371392091
54.7654639834204
64.92448164455016
65.39874709782043
62.11848938863703
66.16503192478427
66.88707603969996
60.15228766308442
60.57165610590948
60.99402515399289
64.26753765534099
60.58668993261894
62.52194314565445
64.0723211063057
62.63453099311531
57.95882115199167
60.026881148018035
60.33187031194808
69.79648251765126
70.32543861927225
57.386706335809016
69.32004363509961
60.98184348919147
63.49900872657019
56.29799387522368
62.00397223311036
63.56072775631737
63.97524283573454
57.03752784965131
