56.63477856970975
53.65140523812518
45.30572926688894
47.22170645794557
50.69586777178135
61.96020561206359
55.7807480243502
53.09781575233701
57.432429368461534
59.265194779359305
37.29669661575636
40.1563508314433
62.47968857586669
56.35551728002645
45.79079569578185
43.23388123472252
62.809185971960545
51.027474135839384
47.13704437035266
35.618765881488386
60.812210346401955
41.94884817842747
49.00946950157515
48.406195454068865
38.35372964851289
52.25433541097658
55.83293827166798
46.066231703143906
61.28882346503099
40.68201642606035
35.45406424413829
51.728557501438175
42.28999330556323
41.34090539003713
41.40714102072762
44.28708690448561
62.96556189014183
36.56207159924894
61.11085057666372
50.7555457895111
50.64706313036895
42.915271768964715
60.285996949283685
39.616255984768216
61.219549139039415
57.78235138930066
58.49860083064087
43.81219362813924
37.68547973596181
61.60870037143265
50.1541574698071
50.983233171289
43.29947039197306
55.74264338033096
56.67065713555459
54.04405730453824
39.676924134097405
36.26113177493475
35.68225174977901
42.969372805029735
47.78029487285193
34.33541396590341
41.71760909919593
34.89846805342027
42.588613806996776
41.251995491059844
49.888652708639725
50.17121661527683
50.78990056002247
48.72353883349747
58.58657583837491
41.80292829165121
49.60687811562146
62.797617022593265
37.721820803453554
57.164010447209215
45.786521306697026
60.24265704346544
46.27986065415147
40.813017973403326
57.02573315086673
52.47116167934335
57.21717843809654
36.96125179922349
50.829467686335136
58.83955580630223
62.018470113996315
38.50644219683231
54.51069329187888
52.56651814351734
49.71283642203118
57.57652842020659
46.94887925135141
56.77545212771464
39.414398148476685
56.839024401968146
36.897695225428095
37.59383961495901
46.78451801133224
56.85802871736263
