13.100472800636043
-0.9483126614985959
11.566389416021384
3.0831420662233846
3.4022423332497533
13.042903938855673
12.164559683119528
8.844993193962981
12.244869074072941
11.963462362664707
6.346820137740102
9.591533144237767
6.713893730983829
-3.8710411432589513
18.00517141933259
9.61476967227049
14.71107267386079
11.240537930165084
9.151804327599452
4.68758693461352
10.987557640113767
-3.4295143568498005
9.313895664638135
14.301927249920206
9.219774333909683
2.4451826051762797
11.634603904246909
9.105118855075563
7.364460977384035
1.0876987258291635
3.5982415940075247
7.241054883118234
