1.8225687956873369
2.4694342303555827
0.22826646691285965
0.4051035330185421
5.185335009019343
0.6498193754007621
0.4720560970320126
0.384814838764944
0.5334708750711795
0.378012942450348
2.0461142582441743
0.18754352149840595
1.1938762277297486
4.214811187135923
1.5830014411629447
0.42628317270866406
2.7663782785263584
0.19999896783105284
1.1775934857531187
0.4024989133893545
7.757090622034229
0.03810272378637151
0.6238871055644116
2.149810333000945
0.11909991736037344
2.715496812261239
1.4988641077253033
5.127163519791605
0.0846875574497624
0.8758935407404542
1.8376280081911347
0.7629371799115817
