3.7470457541007685
7.232764964480432
-0.9902903019425695
1.2576040932587977
-0.5309943031407789
-1.0741978311624951
9.915840533358896
8.453902276920264
-1.2057779027329492
-3.314840932315666
9.35521681735528
3.8654837343612076
4.789340356488507
5.719002242665948
10.361527443856978
2.4223369210894523
6.99815819581001
-1.93048421295138
2.0231953666650666
-0.10570911440503394
12.267263963860826
5.37982970140269
8.1181809236238
10.447665314694492
4.563849787094481
3.905402949672233
3.544102076223806
-0.7981313904946123
11.258200614078817
5.058580251095079
6.370065242133923
-2.6818107942733365
3.98100323367348
0.7884575874788964
4.958201756706976
5.62783348593972
1.4408951204801674
10.80187734465353
-11.23393227610041
9.969388665281556
11.01367514378228
-1.1600105164184518
6.798236983421988
11.132449106387462
5.947742635467836
10.881133282178123
11.381860195631191
4.3203787445059
1.4883457966863212
4.348955593381175
-2.8240049714373887
9.038257627937938
-0.8558255354767521
4.901782523249583
-5.549393172139332
0.5458257955444901
3.509158904329268
-1.6873716809361614
21.564043948258433
12.179155834409585
11.900676475613926
9.4950127336001
4.52436976448052
6.955161323220093
1.3100038621734251
-1.3889969084257219
9.373026376663418
4.850927061023211
0.2991622681533572
5.499068667213823
6.622970154548453
0.014817411914973988
-0.13047564584130456
8.353655544346122
11.307152452969781
9.37714824455809
6.963180545927752
2.7918438709891005
11.624654224412835
-3.8481629965444206
-3.446114378940364
-0.971368534231293
8.585727009221657
11.145786291853284
5.396999036169623
6.347486343907944
10.56117447519984
10.87950370209998
7.538567609663408
9.095230896596721
0.3933212969424451
7.953509345887818
3.8754533483409856
6.8335472529045
11.598568739246016
7.865463070231973
-3.679178659263968
1.1555268210201959
5.995395130551707
10.817223124793307
1.7138466820025684
1.1117869047649993
6.859164656711739
5.710953216158447
3.7754053966070504
9.074782593537318
-0.7115169938961277
-7.059626443815295
3.4868876130486113
22.45257778776307
-4.562241248672777
7.944476000300309
6.032669034910872
15.015915435006743
10.103224125609223
-5.606166943460135
-2.780999966784523
-1.620862864964896
-1.996617546753737
1.8849388045300954
-2.705658322361585
6.736351955074339
4.992532592588919
1.6875001988403504
4.253177045268379
5.262238590811729
6.959197331952573
6.512409474751557
