4.7988162425198215
1.1024268965255806
2.246288313612149
15.765010417038026
3.090016577770871
2.1001114106529606
0.6096759561820237
5.382041923199053
3.1820424409543735
5.740238819840959
0.2476589690945332
20.20088905330712
3.8688767263551194
3.025387788397687
7.422201019911686
7.2846586849274715
9.13307360594335
4.139772801333824
4.805623863812328
0.12392348941231222
0.8774287614479969
3.752429566062333
2.97610178861603
11.514931885981145
1.273729179188586
13.47915078843103
3.0795581534100225
4.61684121406811
1.6042205649221777
0.8045871193984832
2.5376297356800683
5.119570259482237
7.567559513700739
3.3208025770147223
2.461191183034088
8.135618618838183
7.73986193229354
2.491295471210862
6.573587419571772
2.489312441459371
11.612499490471373
8.344627373353266
3.4719960075418212
33.2272501752957
0.6533439122069964
2.188154918947511
3.2692656510306994
2.736112065964454
1.748405394744958
2.485982811380729
1.1371146669458554
4.37298151508325
6.54036973393052
0.37766944567719457
0.22301023188116315
6.9256078440616715
3.8798513891106636
3.2259515106332786
0.12304200301295688
1.919116309755901
1.87206511155696
0.31896998371105945
10.111981106200513
0.9173608022192928
4.587017568275475
9.896189140050717
2.6815408441721775
4.188778397980808
2.1139792131282134
6.423933550245953
9.933175941352397
1.0484769803777623
0.16053615419887013
2.3094568981369674
1.5214160733378537
2.3191258579551453
0.9741524465687921
0.8513497140673498
10.448764031525853
3.2211788519897686
1.6276534786813455
6.447013658089304
12.309992442922495
2.191752027168765
6.342822261239526
0.8973410878846767
0.5997188517396509
2.8063120432699646
7.28939663688608
5.291616431712114
3.3350701276958192
4.538121821536482
2.6560203122846153
3.800322934548392
1.6362318166007703
0.28444908294317484
0.27109471883483655
3.763769575054004
3.0854522016812664
3.0904251103629177
2.581671885380978
3.286478581337497
0.9573421626499602
1.2916709517988807
8.63731488298208
4.661404320095344
3.4802779264645443
4.831934079296117
1.3556305639692983
0.7905413740769366
3.9312087341873854
15.745041215203562
0.46703891321430446
2.0754402619747796
2.9331709929119674
1.2726160980582037
0.22899229730417475
4.220803728614617
0.32213947816050414
7.2233742716498135
3.8510431766850486
0.09028890347255715
0.12095215935215788
1.6965306615248623
2.9635359952047513
3.8054203383378553
26.473786338825267
26.116269143867978
