69.40755218235013
69.58851120153179
77.24937471849752
74.02282317447245
72.88160912673246
65.74639024909145
70.02116584092411
72.30242110445037
76.88194893317768
71.30030566389442
73.70510689589557
69.26414702285037
70.50690509095567
72.5121533913044
69.03861254862004
74.00927401178443
66.61667505692397
76.25877636923795
68.59757076832267
71.21286299990108
74.09096644527418
70.90165491750297
65.56085590546083
62.96456291887719
73.05980913031833
77.64047744221328
62.98401896210591
70.86933144897803
70.43667632722148
63.434861594017036
72.07174068554329
70.13308798720124
75.39436189439826
70.29415920509322
71.01587259227914
63.73505067494754
71.1840290548244
74.47359360050898
74.76334663664714
73.92930677469766
67.37206206172576
72.39142729655295
77.07587054077598
74.80951202911235
72.001361617694
70.77948435944268
64.88871287834706
71.42631936060727
67.61629199737078
63.48610002081052
75.64069710550928
62.82142762265117
71.52999876109577
62.66300806848346
78.31499866575385
70.24074470429488
66.89939389618561
72.72611868751869
63.21205681690752
67.29717109181233
65.95933879557676
76.62470820517886
70.63153174827853
75.80843407594435
62.69639888663728
70.50033938384675
72.25926687117021
71.60145909656018
75.78505649927526
73.8804869539445
64.13621098142386
68.8789110002566
77.67437416309313
67.37236851756008
71.0557424209299
66.02742148593144
70.73106388134991
62.94310611181734
69.99656322749442
68.90359825570006
65.48989792491466
69.98111616969632
65.54094425201929
71.77330931961676
79.74432447904033
67.86706286605538
63.25457440247631
72.58549284355531
60.11078391914466
61.75964095152652
72.98904506368103
65.7564930668571
65.63607800670943
70.43153439169276
71.89095662877645
76.91906585283998
72.21846552881922
70.11061745244437
67.76566092146125
73.22216313439735
