43.358064756158825
47.36029095783463
47.31021766360493
43.88420150040975
47.56792235146535
46.466625097655
47.97851600267556
46.495380719974236
43.45133227086168
45.6834331999597
41.3533723924051
43.18299619255387
42.345138750890456
45.48883157518073
41.67990919896883
44.526810606617474
43.79316042680552
42.91196602625111
41.3089600638793
41.763141522853296
46.47353889248901
44.74745355383145
41.93178095706632
45.694164756999044
47.213892173069596
43.419980883013054
42.18438192408486
48.68905678829194
47.89086921158109
42.268071943427806
46.93268632397717
48.67850265607245
47.38932701513754
47.615632414663345
44.47486835748529
41.838809085824856
44.34645217375691
48.490516396219036
42.10229271805419
45.37422489378633
41.32936244431518
48.71300944211268
46.055318235546835
42.93944062715041
41.743101625801934
42.45032344843571
47.43220388810547
48.2910961857886
45.535853955245784
45.221425421175
44.69020315367664
48.69512162492902
44.35581835863736
42.49207480760711
41.85078598744265
41.73546924055288
42.958905529676485
48.0862609101232
44.06784501000949
46.18462937888449
41.753208788835096
45.013316366358104
48.365599084417546
44.36352984648012
41.314729279813704
47.98527529136887
46.85961279600952
43.62447443532991
42.2436272360871
44.16720828494506
45.929819874443446
44.24389409167645
46.129136572693994
47.83551337994385
47.32821671294605
44.248531047576265
48.09370849762813
44.407498420057465
44.24510720626817
41.58364172122336
48.0399665178116
44.111374769967256
46.64082262293564
46.38776717092253
46.84712297453724
46.51069706672384
44.69429104725619
45.297452858732974
42.317523707497166
47.66717596462455
43.753757396268
42.39017183382382
45.27538058057489
41.33692650107665
41.83933674783317
45.9100715403617
46.13801236694003
46.84463045686307
45.809820337295854
42.2371595513275
