69.11889681989815
69.1218067458134
69.1489489722558
69.74110236635113
69.89451834590847
68.7779413983354
69.07764315106785
68.76677765611669
69.83379096793792
68.22060266810189
70.48986444735935
68.59818348101211
69.92763614226948
71.02122688872075
69.31107137027035
68.52408001558777
69.86910223393163
69.25108635541295
68.42170587247861
69.63179952117297
71.96914376578033
69.35411885394092
69.7800589464931
69.85728892790667
68.90740694479491
69.81268807959657
68.50020504809714
69.35756011022225
69.10601366659193
70.61831923365601
69.98106264308304
69.91151639700408
69.24656496037565
70.21796076220751
70.70643837119312
69.6497149094291
68.66113143725335
69.52609099525792
70.3096704856983
69.04462142883821
67.93546093292031
71.09573290896896
72.04740299617147
70.07000368869429
70.06759227739946
68.85137309851414
68.96924058300525
69.39302070758953
69.40781706547487
68.85222503914962
70.19507472049229
71.32221257039151
68.60514011889896
68.95048020075328
70.43716294946135
68.74365084968414
70.47704109310304
67.62042349020437
70.04731844197967
71.33105211495062
70.9120785738175
71.02816468811928
68.64104967958536
70.3615014931909
68.68785339168036
68.09259834070696
70.6872784185999
68.48159327703763
68.85083468611677
70.51146308688807
69.77450465891322
69.48785032598205
70.53696021236674
71.85366049770286
69.56413685955769
70.86806559785832
69.74544865919744
70.20108418781953
68.2238764739409
67.9609280698461
70.39294661641921
69.2881799805408
68.96442464335881
68.3468188328116
69.70327945748159
71.07288743633366
70.0178666246248
69.01441477355397
68.1076315098193
69.74417197880155
71.14115045990323
68.1266579099728
69.57902935388212
68.39753659726732
69.01482829902106
70.22677786914592
71.84948211531794
69.1827649998249
70.16286348996137
68.35152110497367
