27.17319496962361
29.16953192841363
29.204295274319932
34.68945940833258
31.573827673322523
20.042218483475438
26.121845729263605
33.59877328196616
33.7419336621037
29.944967138686696
23.168765713012114
37.79428046900259
25.98365669267058
32.319432781794845
16.06110969624056
35.591454182199904
32.26796360096479
33.11041728280953
18.223703652896766
24.4547935167099
27.981885700743774
36.3136712707298
37.0284870313478
38.59451040899598
30.297520784123712
22.354101487795084
35.3498757965544
19.274087920026886
28.309785437198556
19.31895497198154
32.51868263771412
27.964363338136103
26.861332394353006
34.614140077742654
37.20410859102027
18.697729126694995
37.235617212783005
25.65514857777871
15.81178973537032
17.401536836259268
25.235737312499907
18.42119635513669
37.659953982026565
31.352380279756837
38.60185041800641
32.63718430842044
37.0758255819069
24.509051019584795
36.071551277143065
22.02660474714932
19.634772100826073
18.73450345768942
27.258710272861336
16.70350971740838
16.415264938755186
18.721507037552684
36.51727409532375
17.70859384551299
29.37902521021022
24.171689955486357
36.52564641496001
25.580761310407652
18.311835302961867
16.489632757947433
24.64689084234402
32.42990532082349
29.210547565053485
29.55274919310482
38.50471867749206
33.87315625765398
28.222987724997697
33.79077198064868
36.9823848112199
31.86408715983999
27.112064942678007
25.84705276393163
20.176421725225147
23.573800586657516
26.036860746727726
34.88159726058603
24.93882753833454
25.205220220566254
22.593232150789035
19.68698729215389
25.16255218864619
23.677779013323008
37.23937257730393
22.872268865077896
16.114806241678554
18.87893352301183
17.512407031633856
31.997589472274882
17.45242479962119
31.3354300957574
36.38709870436635
27.06082446874401
28.07309008677914
31.059477288948887
36.11870461359445
24.292514576027425
