68.6273717197026
71.79322959649075
77.12695973998703
76.91271634415199
67.78020859895648
82.55605228153466
76.96172207493015
73.1771231242553
70.57400757047344
66.09677374238969
70.43427772554378
74.58915686042008
81.13948590028502
75.51632415279889
68.42579820522326
70.78918687532584
65.01142705660483
70.88709270399524
80.92058566677937
84.41768620687793
64.14357531378992
70.33132296288926
76.99686796922742
79.05021699878664
79.6076155968295
65.92166444442073
75.78677815613236
84.28764058626923
81.87926429912643
66.41951078272291
72.71013330347793
68.55804732066026
82.21099098218299
80.61992061874888
78.7332073664971
79.48051674356694
85.70251606609366
74.39455362352709
75.07060241986858
69.41564265369787
72.6454421174396
72.70141256297474
70.20270872843929
61.09472297344595
69.40899329671727
75.6854251229706
74.23721880481263
75.39988965136679
84.61090456830354
68.86678666549099
67.16580511700737
72.27250620765972
70.13465300809176
73.1344732065985
81.95946470913671
73.22717243388563
74.9253624173008
84.65881026150899
69.62309464542325
69.44654799984907
72.01054773782327
76.73646663307012
81.10763089574266
71.23246564939133
70.76353859524679
84.48467441700063
65.15979435876476
78.17049510129408
68.80834207321789
67.44395396970054
73.45977812216468
73.6893920975346
69.90155545786169
72.5172986041098
80.64124042340437
67.05795613902686
74.86649354218228
74.85771229820341
65.21939505645476
78.97170488131987
76.68987172931077
81.14804248193974
58.69617973080605
74.85189513911838
67.47730235795242
65.19322541183928
66.55905168620205
78.07492361613019
87.0165748921935
70.0327925379635
76.59421744863839
86.85844382631163
73.50269758764044
77.08874785671605
64.6524970719455
75.79469700585246
78.11355914735127
71.24016135697873
82.93457623559797
77.19295293076391
