66.81597575932732
58.76115784060146
59.219744579784425
58.285042033915545
63.98712922238479
57.0450165295433
63.21019622967577
64.65569653494228
67.60365970415529
57.02733711352902
56.15658524260828
58.053860261936514
55.72722987258357
63.6454423266133
64.87628151725544
60.3369569091722
67.9405301134343
69.11470849044773
57.33714959375797
67.2108461065373
65.90577553865094
58.83240364943944
63.43864975935612
61.27747636715629
55.987419927667034
62.742087899254045
58.494330560540355
59.62174109057672
69.39348072929356
55.80385870067321
65.41339630357699
67.5584505380738
57.08444431635884
66.20087894592874
63.14607194517584
55.58807089822237
68.18477483538395
60.43925508040402
64.6018369733157
56.67402079381734
63.515909612375026
58.532313502319596
69.29024174548546
58.25615785076573
64.87304117277444
63.483655697878945
58.30768810694182
69.2233907481417
66.74814266217602
64.89465013317172
59.04510900807616
62.21544976635729
57.69130000750157
60.80799319373337
61.19420171571413
61.92569309621134
66.26040292560911
57.99879029453304
65.6339885924956
55.547827294348046
62.634117116761075
60.005294078607974
60.972616923851156
63.422321264366644
57.997753176774204
62.34058554980523
58.04629456838222
59.07583067225959
57.5883942674965
63.91099410909765
61.91588816445776
66.39272260224703
55.599391431496784
68.67163320408878
63.24946006554252
69.319757346353
59.426250227789
66.48923382079825
59.90429566681778
59.95262347888979
59.227302000846976
63.332968162710905
60.730189697163915
56.62859302775329
57.467378622894536
56.4935738311555
58.77313722329404
68.96053220923287
62.08492756102978
62.14590936453284
60.1153194217388
58.87313246409833
56.8330122146783
56.85216524288257
55.39842807806899
66.47178779351265
56.247289362968075
63.76448824887374
66.1363320704434
57.475377083867784
