2.258894682083189
-0.8974028208760865
1.172846171496635
-0.05039212887633293
-2.7378965165294193
-2.979887027242587
-2.303763683095235
-0.3416712197530914
-0.008676633362067476
1.9479946168683984
3.1225839055161897
3.9345305351640167
3.139106813490658
0.18443086631860872
-1.1372884678839494
-4.593861554527162
-3.1157064103236323
-2.4964639631261116
-2.4541441268689512
-0.05038273389431869
2.797117415954559
2.620203404294936
2.9742363581120577
0.47762593010388854
-1.7829949388811903
-1.325442064832136
-3.447777756568043
-2.817607877776079
-1.5296726736283768
-0.6852882899829977
1.1815322257770697
2.2669131227562116
1.648229518694501
1.6807381971210442
2.687424492080664
0.29063903182310863
-2.1593197579660814
-1.9841517204742463
-2.2796753404072407
-1.3496561948405899
-0.32575001015254984
2.406098054216663
2.5729355719795857
4.022925776080393
2.9995543713504174
0.16323096806636228
-1.0877939029913692
-0.3281879003309667
-2.4958956441178386
-2.8689283254521305
-0.8201503988853402
-1.1647228815690434
0.5118441841593969
2.832525862994797
3.373660700624192
0.639973596221004
1.2067444271347578
-1.5431087580079934
-1.442272370358681
-3.194445034978016
-2.6243172004142354
-1.4716069315661855
1.5518460905228346
1.240997517469369
