-6.065813170891527
2.3491468627780643
18.484599575543516
-9.126282762860395
-1.2474131725576116
-10.717025727971471
11.19341376957016
3.761017750057893
-4.243185144732207
9.298647735093702
9.395703259240252
8.6995827256508
4.913562104959958
10.244015493835276
11.63500296560881
18.984120253130687
20.019555348029122
-1.0228716098799797
14.844154848627321
23.02242837018737
20.09338945730491
7.085167568393196
37.72355100447986
19.538051407818237
5.594901130122686
15.078822499427739
21.275778133173862
26.363805800238918
28.797342937837644
20.08414416176782
13.468809826294107
34.20884735881645
19.875093771792514
21.404088713458503
39.88688642991249
22.210887795044805
26.576558573350063
36.78302156852354
40.42068724975628
44.64675098544532
33.54403342272319
31.83652701266804
32.2855329682675
52.398868192914904
22.918040660164156
41.62029857552043
30.300752023926844
32.3414648390898
35.87304396074758
30.546859053590598
34.166272331456504
24.87268758408772
30.95576563013043
35.54317497683964
45.32684128955371
47.532143436351
29.42149470787603
39.33161858060645
40.63387580114181
36.86959172509645
44.234956776841514
50.287454416984716
49.88923985241534
44.17109656689524
