38.085871397211854
39.4408715726111
37.21165645272376
39.51648563635525
35.55866552386209
40.33669161180902
39.16677007990249
39.78188017562202
39.36661199123523
40.59044380353623
43.07111390191714
36.78895558270218
41.91152066863936
40.75207057304463
39.87588548619851
38.59883070682755
38.783003571832715
38.28345423661711
39.77012759749195
39.659357120718695
38.360047842531756
39.45442350002573
38.57083808579389
39.3456851588943
40.68706989179892
40.31579820314316
39.9490450145018
42.39548578123588
39.91821869213873
40.84744318297642
36.91783966906408
39.96182003577891
38.71042056671615
36.56761046205236
37.12335445753978
40.45908253402716
42.881462048189405
39.803156588905594
38.980885589276674
39.29422416909499
40.08657736594708
37.705670803381985
40.952690652789435
39.47833797082433
39.3130772056698
39.50247937114303
40.37808108640065
40.78713812005103
40.626292768013485
38.08385103849836
37.360976215532595
41.28667734930778
40.218443893684324
41.66350508396506
41.31661652503255
39.73315195961182
39.40029799125185
38.91263971078411
38.85517488076774
37.45963689293618
41.5552059694533
36.784972862894826
39.916296977722396
41.55938458181857
41.979241823557075
36.5823273233966
38.92154455316538
35.94926835040269
38.92386008745624
37.31999919330043
40.390443843242416
38.37023552349827
39.07777684093087
39.47692968432413
38.215441285880324
35.91277079988793
40.85026149186654
40.4402559769364
37.301636698103735
43.18653899009158
39.312882418714715
40.92704235523117
35.721389951584634
38.05855135360691
41.216813606711085
40.16067368945572
40.19407917581533
37.83699699198964
42.09498906367713
36.5341645223051
38.742721811070794
37.04369570596894
41.74341538546791
39.74809115473428
43.2669649352121
40.7253452214502
34.16554446303246
41.586088041631605
38.11646235257866
38.70714393099919
