71.05525845586016
68.2110201731065
82.52478815815513
73.74861826787019
86.39741368854058
65.10680392259917
64.5882531505606
62.733907721971846
86.69988189519367
81.01642227492174
83.33248836179087
81.57973087968088
72.3172551412961
66.12205871402207
61.16030869154823
69.86572728075056
63.83259924565873
80.39082167595238
85.58942687140376
62.914027153523946
83.84879733195099
75.18892311681712
65.5010696705186
64.75865093970599
62.58431150043091
73.44848306290689
88.95814779987992
84.18931832658393
83.71049771515624
88.46630016962568
63.11217999139859
88.81732961266272
67.47219125183666
69.95965576046936
76.00699273613486
65.9886261227291
59.097941297587795
85.44245069402993
85.99255359027558
60.78923648509909
80.80688107322271
71.3208896885317
79.65434134098936
87.65074614879674
64.08384820445225
64.34814237073901
73.65467172412231
69.5101644215781
74.43511007556577
85.53082154257517
69.6552684590692
87.46538433067374
73.61280274203364
87.06310685674228
81.90315720496315
78.30378224677197
72.24247093085059
81.43689536218847
79.64924129193518
79.09942763512271
72.49960893354485
67.16371754639755
68.38459718308144
70.07279375533014
62.05115749997612
88.43827245884043
75.47883163354736
79.27947069460114
68.32976207123117
83.8738875353527
75.48731658637956
70.1378791712568
88.4924777364509
61.84560449321772
87.63238387535155
73.31804097111822
85.2781321120375
66.66640470686048
70.80102463737983
82.16429231392706
87.97921526106795
69.08399516703017
75.92227584425281
80.59182231013543
65.5049020261845
63.22074487423828
85.25309713211924
68.3559339771318
68.99891748013333
72.97702164435546
75.02533551176728
80.47106321304423
81.34554927364081
87.85363528312284
75.09402343436918
59.42454063749864
81.84627602941144
86.11036944817391
85.80440369453416
63.66922246303742
