40.90960843410858
39.87336967471369
39.322666878650786
39.46630352328853
41.35774545889025
40.112767838204675
39.95921517786976
37.747420301170514
38.60511107945956
39.323183771997776
39.88275545547276
39.61103685835517
39.39393512897008
38.776223068912216
40.55098461297304
41.02606789602318
39.212451306504335
39.36273085626262
39.742528850427256
40.35030863575612
40.26363108793169
41.140704634343784
40.39116369498883
39.32550759898744
38.92558830075466
38.912881317504464
38.643539870399856
40.340523248511644
40.26592090089689
40.78606627378918
40.217354006184905
40.262641518664694
39.63142914060156
41.71465040387367
40.20478371989778
37.50159054456069
39.259943130271786
39.100775719406684
40.260866031956056
40.726880266600794
38.30522702192808
40.5107580570497
38.39156632889589
41.37310561315504
40.48427095355399
39.10132050385629
39.53788274450563
39.247435952533564
39.24854564064716
41.338313568569376
39.112941687191
39.60752333236844
40.3801097574758
38.903526849874595
39.90042898886147
40.03750041633734
39.46458611274247
41.205391163187116
41.52019115148432
40.69130056619261
40.71873120181975
41.29233832047549
42.31710076824287
40.61700270111245
41.33346912878728
42.007220150738625
40.43305581461545
39.49933662493614
40.699823816281366
39.92000934308167
40.666226204932705
39.076603694870826
39.335189548132576
39.18403939042411
39.62627402296499
39.51560240669435
38.25256438496591
40.0830797797391
40.61208521784838
41.68332626961714
39.52458319359798
37.89381634199342
41.67813129590902
39.041497702526534
40.802303600907884
39.02046047492443
41.72743658746649
37.57721596946051
41.297722301318764
40.35163812308105
39.98708852981416
39.130306886151786
40.19773705282789
37.44677082863525
38.41466881913179
40.00189840914629
39.598851949706855
41.362811046663744
40.211553980685
38.569511855282855
