71.03556038320441
72.41743342580368
61.434472835866174
73.66276308071633
70.20784467834282
65.12561554549883
76.18611796991291
56.294692800299345
62.4470235062566
66.98102254189672
56.045282242449524
70.87009717148368
68.17510969308074
67.6314184263762
73.34868512856175
71.11255867006231
55.621593857751705
64.23323538492956
55.926776740259974
74.42072179262598
57.08981634451101
61.46251703710235
71.76408469700527
61.73064068154602
62.690945445255636
66.84431991255633
66.24057894878047
71.96529174876669
62.23434944720716
59.92036195100977
59.037880565906036
60.944544854686995
57.61858707017596
58.40116310233979
72.24465217264333
61.3595987792875
56.15013521626573
62.592745904376756
70.41886596148782
74.84351038198932
62.68256922073485
58.970452716499345
60.424491942976786
75.30244696208999
72.68084485789524
59.44680971716662
61.78865921993512
71.80128233270173
65.56375585200028
68.65202051678476
72.11336217180455
67.04831445404776
75.47574229887564
61.42085857063329
62.38763284684888
65.67276559696398
57.21332473674696
76.10640339587906
66.94461570014235
59.856579867417764
58.35686066132125
58.67510461403408
68.38019266414368
60.90357523579772
55.83380857156459
65.6618969552764
74.60788612086489
59.65838566093676
60.66033939837481
59.922548103947584
57.65659372085261
64.66396097623651
61.74149091103106
70.96091928820388
74.32553316275273
55.703101702277486
58.44428811286709
64.71746810674438
55.505003966503665
72.38038473364182
56.69434933482407
62.41984574974241
71.0233820376501
71.35389898634452
73.14169204405579
75.26199343546263
64.4540957916276
58.393538166772586
64.9191050178037
58.561720956517995
68.45778898962632
60.52492011167089
66.65452264204309
63.31925689010677
68.36851410918523
56.6031326717461
59.82271638662824
57.787003407691394
69.61045791577396
56.340199365423594
