31.4871225224395
28.581714417142773
29.885293780235337
29.691921113544822
32.68315921700112
25.20415615539952
29.18877477519547
32.102409794331855
28.512889987876818
30.867960187154583
28.17062596515382
30.971636556739774
25.359623445820997
30.349353575912925
32.04054872975769
33.45382443577434
28.25400632820369
31.775237811329454
29.570753914882484
33.084913764995456
31.98398086077824
26.396907018641983
26.7632029163842
33.36618918468109
28.510008076501848
30.06793438524591
26.79545870316895
29.072092738811772
25.936658097102047
31.201171263775805
28.86054266503822
30.140961498115633
29.45161323211308
30.580278995066003
27.980845349253357
30.71466360010735
29.66918036284162
32.747621067480985
31.549300923587694
32.44572948567519
31.211240802872346
29.98514975116392
27.80514466752735
30.540970721307765
33.76668280050934
28.005988909359093
31.44274801242341
31.506108608531523
28.908463568524887
29.273847866931902
30.965915382197874
30.82240451230713
29.578758437849967
24.506996642696194
30.555257022883943
32.58904864714677
29.289706967380596
29.752832216486787
29.323035362571993
33.33783014529646
28.51744219865218
26.598882028369847
29.50392872597898
26.97805537280291
29.322004066521103
29.44205262818446
25.467912226672667
28.303819091847743
30.935754235697345
26.50335200644169
34.34195578605537
32.17940906783529
27.802339877961654
31.634477218928957
27.985461910335346
29.87854941873217
28.551869776381288
31.166681700938522
28.78955861122635
31.48891194635223
32.840656891408265
31.149760358823954
32.13659833902631
23.422377670139298
29.22724233316041
31.27945514342349
31.103545070226048
31.941928794362553
25.94448650054672
26.752291793019022
26.77930168194684
32.20377251499312
27.658981617705063
28.399851832463977
28.562901908999603
32.88190824831413
29.118900602288022
33.993672967522144
32.43785466509793
30.75134370540398
