33.51447805810948
35.654174191791896
33.804886626688614
38.53691943861713
34.33019524014203
42.24083855530594
29.91259988672782
39.360388096512175
41.849143407763414
30.72233788369984
42.91711486643204
39.475864437088845
37.2479342346365
28.4210354864556
39.68080803428849
25.68519890070004
32.12502058386208
24.395068275427615
34.93982948257503
32.33242949461169
42.37118672257857
36.88316472689965
35.231843354087765
31.65500495562086
39.87731667595301
39.834008522314285
28.282673265628198
35.00730272581367
36.24619673271757
36.70157184951049
41.067835307258704
23.454161168012007
36.296923892492806
32.16501644218617
43.154890419912775
40.07528158695385
30.49458608804106
34.28577080529577
39.882668136050754
38.11235379268632
26.176434079055134
41.219762230316476
44.565522506115144
24.6000921153861
36.05594262393724
38.82477865690265
23.773932982631372
42.71700404906839
34.329725784922985
38.376554710059786
43.926974254820244
25.368538721709516
24.6099243016732
39.55260645869298
26.22086578620975
37.372753924066394
31.611995641348962
35.93864054947072
40.439339284858185
28.25928503010379
24.626835250515377
26.819588653977743
24.65464612652924
34.38541575139271
41.17209615676442
30.631429971653635
32.2802452908457
33.15681051868018
41.50388446018979
35.30349528516304
36.427143371668635
30.12300727530749
33.080356853834516
30.776697351892206
40.472909792750436
34.47324654687942
32.64700647058196
29.57646358288137
39.05631284982842
39.72044497360069
23.094756432983043
26.236326938248496
42.8333959456808
22.909502404331725
26.728928987162494
28.78103565913199
38.25999179996536
39.10380248322437
28.559380759882572
40.022753626023885
41.69775268523999
25.125142398359536
28.25960044371191
31.096880238158782
38.872672104102854
37.32085733956042
27.676956419513527
44.56454143686482
24.565746494881125
31.7657507136451
