42.52302813895005
45.434174227917524
43.25551353411304
46.40978358470667
50.93716382026685
50.83480499585478
41.397175602716956
46.897550559492835
41.56151637522475
46.904584500186665
39.49337289996989
41.36241486107722
40.7181256146782
43.80089599750356
44.933224446899246
43.04554617371954
52.947452727081426
52.75890480044348
39.70428280745268
43.3910950124665
46.21750895501315
40.76786387003099
47.322525094654814
45.55456701810367
47.68235811250664
48.392612606752685
51.90057385500053
45.94328567687746
50.26633800006787
41.7688128186493
52.69251292484413
45.9966220454194
43.988136694505116
47.329019291658376
40.932624637313175
45.44712256287582
50.14803768588375
45.302027148900876
49.607910462163055
39.088078214904435
47.05332117923639
50.413457935741015
43.02527562619098
46.20361659645928
50.45518513795187
46.65707173755421
43.248892428136
38.182833371431116
48.29786614214209
50.79932727611504
43.19959303297573
41.595084377721065
45.6286851080686
46.44809652875388
34.791665133311696
48.60539957513701
45.953231277145186
40.06067441147446
42.5125989790885
47.37393565378591
47.49224484873947
56.74423339207063
45.22668195932006
42.72736606992568
37.70942480522106
45.22746685611072
51.7082376246654
39.54951208234641
45.793341089837654
43.94386335011939
46.36527173123964
47.80548050491325
48.41849799951385
52.40238229938419
48.46617888031491
44.96678627774026
48.14642502475043
48.30414938587475
52.069670538881255
42.72277637328875
49.25256751932773
46.92811776342732
46.197473624961546
42.71977241190917
45.71934180313424
48.24371007570497
49.91729009526556
48.8360107535436
43.89770562877447
44.03948343901841
47.07498989959194
50.73511991978199
39.79344034246761
46.565279445766905
47.20938011010243
35.75500012132301
47.160621018872696
50.82572331407849
50.431314572277266
44.10885701458764
