36.17610511814773
45.60684905102003
46.246650891177524
38.32629376178675
44.15946579115538
45.839954066584376
44.58022683002193
39.362490880664566
43.286798982593695
37.700114729005676
42.97739276517685
46.62757497736456
37.147922392788416
36.916129267552186
45.475139501507684
41.20601513486038
36.156073346297305
42.71093149016427
36.79211995782566
46.65495751347756
45.23881259873802
46.64554354840525
34.8931027287366
38.266626954479015
39.52514787947111
46.468927295755734
41.31331320453219
41.89496234085955
46.68520005187978
36.35398900749768
41.21512763629278
37.23997007301004
40.783225526489325
35.430839107334236
37.282062388600465
43.11948449978429
36.43506475572697
42.522968372594335
41.65170545920213
38.73996402435567
45.53812733446077
35.99993589371334
39.89127247209518
37.128816333872045
36.862766815449696
38.72984889957707
40.266803728504954
44.63291182489362
42.93959306713289
37.5511303569126
44.07253753587885
35.90465040029356
39.22514860440456
39.200559020045006
42.94692985924774
35.16884458427317
35.205383215926105
43.11433638128025
35.07191582075662
45.570510374297456
42.141645408179464
37.65755267391114
35.611878451788364
41.80302960892605
36.808059267759994
45.304915832379095
41.224192055052384
45.80550483886444
38.440318870187845
36.93964433706155
43.90572384162757
44.82459510350188
42.10139120312704
39.83784908211538
46.003052159975105
36.51509000741261
42.95461560565636
40.2283657765576
37.60493740939146
44.772931541604024
39.406303110412864
36.85851877601832
44.53903669490655
43.24022651490152
42.74482163775819
36.97254464357174
46.57496356554767
35.17090838504565
44.184819054925526
40.87147454059174
42.010731978196404
38.5089881734007
38.52920880330058
43.403825659125516
46.237178012722
39.34446535042931
36.47435804519925
38.22267137860365
40.744117061760555
39.92040787640438
