-0.269958497392206
-7.48209021022171
5.780608305852315
-6.56230878421426
14.458160901897443
1.620672840845273
7.952673050635355
3.2815414039878203
-5.857432950449736
4.606103224239147
-3.817979904073682
0.7268433845318164
7.370176066581654
-11.779038663910388
12.347373782158776
4.196013581408579
-2.8002652373064083
23.236910092714147
-2.1124242493323075
-2.2424276545878827
-1.6208904862738303
-4.422805982775538
-0.7063966803382011
-0.7226301579168568
6.426105992763996
-6.73294785005604
-19.662870389012483
-6.6247192531899906
-10.669823147615364
3.2341760137501896
11.619244571350333
10.5718815733526
