5.702183332056274
13.20588643567535
0.4845811379358958
1.8029968708561834
0.15089368748913562
1.8736335565813267
0.876091219139635
2.72632641202436
12.104928016428085
3.5419008798588787
9.330597832763182
1.0697290922128009
7.079292929215105
5.002448025762191
1.5672250118428248
2.171997500665095
5.970240160333603
8.829380078383565
11.226378788074415
5.331071818654004
2.1990091184000784
9.544406481696072
3.745871945937744
0.1471619723403743
1.556029766669366
2.6287962638323132
2.166344435539748
5.646567733459773
1.8163149771077312
3.213297667504691
2.3911233579419
2.7379232884050184
