4.350397606993422
10.695467424701647
12.934042724680626
-2.2621250272081284e-05
8.637183224741358
10.911209267776957
10.730754423002358
4.226603637666038
5.462127167665432
8.883828010354796
9.886475527408818
6.854235296350506
3.7791894211804973
2.4625491293391812
3.7056316906955424
6.6177447734138966
2.7379141924026538
1.2353710626342345
12.161721207986899
4.791647797926403
3.712170280825743
1.9008198472876732
5.964051580390693
7.005393816145766
13.356402492568723
4.892912891801562
12.662515233486115
9.182278877453008
4.7871748086278085
8.796777017411463
7.01145924461277
6.816426276851499
8.484506015133022
-0.28754727330589347
4.976918978566469
4.255311215435498
12.734291952404867
6.157549344213423
6.742230380469922
8.887141428792303
4.635525698663663
11.17179961686892
12.210676156744132
9.105328700799943
6.600620774232872
8.293375999233175
4.316179912598869
11.15509449780867
8.485979832505027
11.544991806103058
-0.35734098891507937
3.2392961674426886
8.170137883605468
5.586491107185763
9.827364565087834
3.6078584992258316
10.999000174901793
7.684030751696816
7.476937699203615
7.256862735044308
5.3401162780148805
7.564439306792761
13.013211503595663
6.123846984480382
8.661519016386638
8.6213920763638
12.051667801636189
2.66383229061048
2.072650470534591
8.279747197895375
7.19613615021613
8.840428253396318
6.314708334792353
10.638270218442184
6.941416547807763
9.696821022367828
4.4658754364079405
8.132159633729982
4.955033183410231
7.261720444341948
14.634607592970022
6.827189924373288
7.662146117150047
5.757611370356836
8.966041653656132
3.6819600928658653
7.568412125260089
11.628216295685455
3.4080194164144775
5.288587809549728
5.1305392841879645
12.72114914182027
9.028045586882252
14.142726738183736
9.862140245776686
8.677168035245552
7.416409959283659
6.583627785186906
9.308643256460845
3.049529795704471
10.04852220220464
5.432237059832758
16.10892000712976
12.008974790857007
2.829480110887766
5.081410276336627
5.583977023255986
7.800079542749679
10.596141051600977
5.876856067745123
-0.9400494613256285
7.43004902779512
11.251648254262562
6.878035871048088
4.746445963892931
11.426113851219812
14.218998458923622
7.480215746690594
6.6705156892062965
7.945089497597679
14.085599389166802
7.8304737914301015
6.692358963279003
2.653902976176367
5.040668214424981
11.526187571203806
7.872156643922009
5.510980617653288
