0.3496136061020937
0.9683565729159641
0.183000616941027
3.031033271572414
7.466794073410336
1.209458680130122
16.677308804372284
1.0668301317768898
1.3151114004746771
9.925739577516495
3.5486749142939535
1.161659908829705
11.666096238307086
1.7712221982166134
1.016481655455399
4.5310665067430795
0.9819154712809784
0.6092557577335663
3.218079518503407
8.226619572743127
9.079049058100189
0.8327139386827397
5.814369769615832
0.6753927172248095
0.2781238298645047
9.618601653350865
8.600431030542492
0.5221798815122225
8.371352389318089
8.037416142829416
14.527929608253077
6.445659245089371
11.241665689463176
4.779379352947272
5.848043949292634
4.843122631097298
0.9870860732942082
4.080740249138332
1.5759622772875
6.054506718117805
0.8957213404641015
2.920799470498071
3.889534542728335
0.22168912893678577
17.173840500423236
1.716414894682014
22.814957065056344
14.078906025248934
0.6400738921924188
4.305859006387102
2.5310248606613954
5.083508850172949
7.523253298942047
0.964739735389203
5.24109583594578
5.631480588346113
2.5126459980464624
2.8048696330762346
8.00468547390714
4.870074357340865
4.372184494959855
2.9485605134460497
0.3703230906241517
3.4458534697397654
1.6269849188374923
1.150064649627049
0.14556054415413994
2.3562680706979435
6.015724582608523
4.395146595924911
11.977004999547281
3.228030889641408
0.456153729555393
4.406482514413207
2.670326094090371
5.350797536951104
1.62324271096671
7.1512456229082755
2.4235789003302584
7.662166065176399
7.227577654147745
0.5714103703449994
5.076132706210372
15.53765257297021
4.875453701747774
1.5919610014236307
3.7164826351392244
10.166349453042969
0.15757227833907403
2.244245228908775
2.575600652735538
3.257660463610677
0.17789790004252137
12.478478583488409
0.045531868516238055
0.7185909004280014
0.11569999985177133
0.1696291000172377
1.609153923897986
7.152049182380343
1.522576793019596
4.962508130730165
3.099657306973762
4.772070661241033
0.4974990938506302
0.04512364365842436
1.4343493108432084
1.7695510477630914
0.7139712164750939
3.7536804195693754
0.13892536062247948
9.528528919227652
1.5512090068350306
1.3247968703864532
1.110590276650789
1.3690589584819985
3.3250895518019106
5.658856042025212
3.3405078379974653
1.4374261850625294
5.578231596432484
1.5776748211846432
6.2750834853998345
3.9086429684176482
2.3471886869576575
4.675059497529212
0.49255299544274006
6.438176450246278
