51.40593422995172
59.3163475312534
51.93741338587948
41.78336243454457
52.42942568362475
41.0128279475784
51.05461514174398
51.38180681929507
51.01024031653948
53.58650977678816
57.18902423325767
50.10821924311518
54.64295188441352
60.891456718376716
44.75290243646436
57.34515285203503
48.57374274364092
52.875936127413915
50.3979279667722
46.63598329724489
52.753639181177896
43.543470849867745
59.76022260633595
45.87778276750705
48.882052654572966
50.12043866711275
47.40458008432327
51.95316660367951
49.542818788528244
56.07211803935395
49.943640638758396
50.55760662312738
46.82380631049787
51.20357466425256
46.80017855771874
41.984429895482684
46.32059540694689
51.38091525490135
44.94248565389314
55.48698887265604
50.63662353927458
42.16731530069598
40.973960377046396
51.15129541822536
52.77857202415176
52.655647353931954
48.13227623240341
53.878004234481246
55.418844716831615
49.230030552407456
47.93216703784028
49.073948417397915
51.62916306493263
48.4533591634054
52.58930295012552
56.9537824302668
48.40712565219386
40.900160927069855
47.40492725961167
52.41990761339646
56.08659207176561
53.49177393299354
48.513744238180756
53.28283083063784
54.11195801041819
57.827924476499874
48.32919635062582
45.93871578108222
53.97590712230342
52.86978336477955
53.08620923140203
51.926728049267275
46.96169105487266
51.14043311914293
54.78535921732953
56.63855328357546
52.13326065712598
47.57794673786936
46.6857150583469
50.5362985260418
47.137492020723265
54.88636974921856
49.99138431726209
49.0297472947776
52.5861976736122
48.85258385337713
52.20859590957952
55.92202044697997
48.06358853367455
56.21832888385742
49.367471639420295
50.484702337143204
45.15475487906312
41.198113977137126
57.10083914891406
53.191801495564775
46.71155011912162
50.905920979456624
57.61100732530698
50.19709226661789
