74.10007451245498
70.73249076006681
68.5079051387926
73.24397541849804
68.30444022713489
70.2036255219645
72.50197451254665
68.60171410929976
67.69393011720194
68.46943491077214
70.81180185096322
72.31150920614512
73.48576811067974
74.58201461705028
69.94064489121047
68.16131347355554
74.67553707355869
74.50765483320154
70.07467643986499
68.28986148989769
71.30468848667253
66.65028810034852
70.84177769482741
67.34236754585405
68.92858549202181
68.92600131101862
66.82952251472837
68.36621507398388
66.68631031712064
73.6203116792415
73.63743730788724
73.03162912849545
74.55923052771342
68.08094966139396
73.73207991861035
68.91902214495524
68.33900475851995
69.56826957197816
68.28414122521404
69.03354605985686
73.91751990420572
69.35890604111789
69.65046157376455
68.27878002224438
71.1686581160987
68.38748972098918
69.20590822200312
72.30559106647759
72.73912904747843
67.88431531692565
67.533043517416
71.18975462637474
68.26376682150533
69.9346910421567
66.68715812134026
73.02071597446582
70.32840522353489
71.82123706528687
72.83780883418314
71.84588158240604
71.7861046407345
71.44666216836316
69.93252978839959
66.50838043818128
68.66922555177227
70.4634517775894
72.36897896085816
74.25928208829035
69.06731834541189
73.86841627086845
68.04817879112441
70.63019854753104
73.76006089649671
69.13112951997917
73.86471441273645
67.28685346778957
68.23217073650056
69.37252513891075
73.81287045650545
74.04579707802193
66.83420779441397
67.5801503073947
67.79641074494722
74.38160190058889
73.51353011886836
67.16777470805162
67.96840563433324
66.98365419065728
70.10470745299178
69.42548241285643
72.47730941702255
72.65861904824962
70.31596371225784
67.63691789184185
71.63360542540752
66.75266002644277
70.06615459194086
71.57560027916173
68.32749268855719
72.3277324570802
