68.84769475521846
67.15448290601769
69.02588525972773
66.63279075421896
71.13360565009664
71.9017362866035
65.98186298086327
69.94961279959698
71.19155896243939
69.30350810668502
68.19517205895625
67.9860592874257
67.60765666239867
71.4279092982015
70.61495465854726
76.03548543582482
78.29025525815122
69.6431870115887
72.4566323338748
68.8227755490949
71.98283086730773
68.0691502298961
77.17369790642319
69.87519836013261
64.67138584438695
67.47201564437123
71.09247529304217
66.27655300582863
75.98600142431411
68.85590871023739
74.33742072780647
67.98683753507864
63.4546049508652
71.67167519726415
71.17791766316928
69.92086028271768
71.63914528614173
62.396293813859614
70.6035379134126
69.50262417767053
68.10278279136021
76.97248951538589
75.13335523474818
72.82645561296711
67.36766451586803
66.9875807888456
71.27472989455437
76.05431992103999
64.8442870119919
67.97222203633383
74.67131254597915
67.58024710255278
73.69707131233474
67.99737936145834
70.66227570706764
70.08307918687656
68.22739762086711
71.407932048844
69.22101798388066
66.96333696335893
70.61892814992997
63.45107629408908
76.33667521858172
72.20290714770205
65.60921892311985
70.87418026092054
70.6760892444503
70.34294714708352
68.60610346513543
69.42526642317516
72.03606157859191
81.97956647540491
73.69809922658371
68.60508616790848
68.70219186848374
72.38280046221115
71.5716501728333
74.19352654668103
70.93402809271447
69.78752716513931
74.67152782561456
75.21105653448012
72.94388709961545
72.43049728458182
69.16622087290234
66.82647368465929
66.59997813703148
67.47407400955936
71.95256292555317
65.30343671790169
71.95915411200356
70.53718448029205
73.03300207243868
74.11835357623902
70.01607971270008
65.66563278182726
65.21205963220278
70.98551715932584
71.82460314127758
71.29613235220981
