57.26218098905345
53.933081321250384
53.91238281880691
52.10719610505183
52.24974945430677
52.633275675475325
55.082858926870756
48.686862060273555
53.41325066351084
50.04557014568337
57.247568023049894
54.55564311811479
53.28463878238738
49.58460759823723
47.5919486536995
52.705862929008575
53.524762237528876
52.42462498510281
56.98904672079017
54.265713905944985
57.46906267092051
57.390778382189126
53.27317873409885
50.3351148091683
48.54822009026236
52.007232976220465
55.429129192546114
56.23622792725005
57.43861304848237
56.68729574739001
47.007463955123235
51.69635492914209
52.0358691864748
56.77968253058987
52.06201759840641
49.18111480137393
52.44914862453019
51.27195814304142
54.09121097426563
51.43781333892316
53.476184460002116
50.81378612866316
55.178228222875696
52.29178763894021
51.91466561473115
52.047361539093416
47.14486812737491
49.19547869343489
55.848738330505974
48.52083391233795
55.70014073372998
55.94603301292148
56.34465337356711
56.33446764261368
56.363416785464416
52.09709540300086
50.60864107371265
52.136139730154035
51.174049497350936
56.98144729607816
52.63099010423339
51.239761490380765
57.04267234081876
56.98583080648569
57.288278196157194
48.347663486808834
55.46156136393321
50.54974427799086
49.15463254978505
46.987802685879835
52.84172962151206
47.954921285548984
52.98627496769773
56.1549405162753
53.85888604098187
47.52322728545488
51.018016986549426
51.30723156043653
50.837900535188886
55.73498824521347
49.21237792110305
47.755830790401845
48.295397497004885
54.68759898918583
51.53562284680494
47.500666851222356
51.14306412021217
54.00616738234155
56.91081499068939
53.357207908898324
51.83022488248223
52.72930001989771
47.68581163133613
56.414949794680105
50.07353446981567
52.24447309543104
47.39596520777497
54.84358692527878
47.344116836646876
54.10051681564453
