-2.949446283135944
3.3984183672952852
-8.291059955939705
-3.5908854050250136
-4.280957923058423
-14.546407264514224
-9.167496222342017
1.1504321458822613
-15.53901325339556
-11.410402053631275
4.585325410910329
-0.9034867227681964
-4.936962398473556
-15.04954345416209
8.20624149161373
-15.204946095130936
-5.87437634800089
-10.716930421481765
-10.00603906175095
2.8286005708278523
-1.9995137372288339
-4.673171166282894
6.6807618314552535
-17.593989709434965
-10.36770614504779
1.4942599667424474
-10.858229814253809
-8.71636340839277
-7.6132555881392445
-12.53145067676223
-16.42833627066142
-8.093464999194877
