1.0912134711678618
7.078356999755206
2.827799497973543
2.239242405632099
0.9145030141448484
2.7548465982112447
2.89578069988997
3.033399578044817
0.4838369896511206
2.2282364822583585
1.5968775436437455
5.583785060836114
0.021117601159891117
4.193032132530643
2.2812253527742197
4.924780068976405
1.1075087589384112
1.2222935818360259
4.80719815166586
9.838834122817143
4.274486924016308
0.14354621694693018
0.8901481141199891
6.431855487783646
1.597476594462888
0.2632724238536415
1.5415681491127218
0.048933490454991166
2.1393019636794346
3.240321220478241
0.03871561584659995
2.252972583558911
