-9.412174682562265
-8.556398933701137
-13.226773268796876
-12.53264139390112
-8.041055783413238
-12.39504493269255
-15.875091327328049
-12.706040097579436
-12.208964932624855
0.21616267762602526
0.2779082412737157
-4.906035228382784
-7.528708883563441
-9.438815696753823
-7.903253911780238
-13.759479225577586
-11.406353297125449
-12.961776228328375
-1.3135504783293337
-7.60568070385217
-11.662978331541197
-9.405959385525728
-9.435450251588586
-5.12184319844328
-6.1692947610180635
-6.14481869655796
-14.692270741371312
-10.08698458315595
-7.525125643286155
-15.3234676370902
-11.28079665692802
-15.136896485809109
-13.897957477510104
-15.505845457356646
-12.170417565040271
-2.9919762289950187
-2.873284476738191
-4.297433782190662
-11.180492867671024
-9.90342706132947
-10.044474063077217
-14.23274716100367
-15.287664756854337
-9.633129618040156
-8.544749761764002
-6.935665894258543
-8.935923319417883
-16.04250277262894
-7.4425123989821405
-8.253004259490446
-9.507215365242395
-5.080332567927291
-10.204081367614034
-14.818773619939343
5.00702885803995
-10.166080825296808
-4.1031720351248175
-9.809322207885003
-10.27257806704679
-9.673876484880156
-5.2044062591556415
2.1094309046499546
-10.751900345475818
-3.1900860656018146
-11.147851526890424
-11.13365853365497
-1.6965900193744616
-12.8686618617244
-5.703088420509676
-1.9617594631830517
-7.581367329067518
-5.9406566703775425
-9.970259917350315
-10.961817412269657
-5.838631864380867
-9.022637955599862
-8.390059950640683
-5.55827256107022
-2.5404364837972118
-10.425119235100837
-10.064317632078813
-1.8020350745647145
-11.961681692664888
-16.259082814078443
-6.318185168207483
-8.921570288352994
-7.967830312654343
-11.913089140662837
-5.97131554378449
-5.111057299150788
-4.23278939453781
-5.694047905313593
-11.19806361633101
-9.678283711009865
-12.735936998767105
-7.243692623468193
-10.797089994641336
-12.859170977966368
-8.319520554847658
-6.623471647035741
-10.207609444305227
-13.6621223689034
-14.299103404770408
-8.257252398477133
-1.9894553276376312
-7.062055053283952
-5.99689759713505
-15.66755751768143
-14.461049861668442
-8.36904018962924
-17.290290042182143
-15.122536179615288
-4.188389489751658
-5.691601952743168
-5.024124025262376
-15.926729154435055
1.8989789164473123
-6.817848549680759
-17.777729662297954
-7.890001654020743
-13.822977777735208
-7.987482856442979
-11.37144620785831
-10.149592991750293
-4.441944651194955
-8.392681854795866
-7.440232824600449
-14.783132095474798
