1.1834403941447946
0.33899138242490784
3.4795377980270743
0.6671301187830938
0.9973170286946739
3.226598937171739
0.5584670593746024
0.5054768264918096
0.10979721936743472
2.9522190311531964
2.022340796276296
4.070423241958231
2.6012873612161775
1.0174968787084762
1.629249222328147
0.09421650012212596
0.16733519824102105
0.85891237944473
0.4554791423125995
0.7210508595207464
0.8898114655499716
4.033228501440188
0.08331652514710786
0.15591539065793514
2.2198874344223585
0.07655172435135213
1.2810076595844802
2.572782358169713
0.8186269043291777
0.03230173995261507
0.018816495137566853
1.593841944831787
0.10941157559306115
0.2664837210574845
0.6975951646399201
0.20562621009014748
1.1866867434281883
1.408136967532497
2.6930733586220166
0.6584767908156244
2.029848361168753
1.254252339455337
0.09570080081891352
0.21979046609667313
1.6631549376006696
0.6042674059492102
0.021945577092911644
0.6721319823608839
1.057590481508618
0.8378782029742907
0.2783227026155164
6.076640660268905
1.1392733248550735
1.5477335541500195
0.17321418568623156
0.0392379051714337
0.36989166211086494
1.9047077401992583
0.6465989982755234
3.0122651189976586
0.9259205434229446
2.0426494766913743
1.449348079628169
1.518582737355487
0.9426531729330095
0.24681350940996155
0.16167253177569768
1.5622690752824824
1.1354769901337283
0.4681222370789489
1.4329581421958988
0.39775399144941864
1.1303228599973154
3.2239183077217475
2.8359151597656815
0.22868950178965092
0.3070637026037744
1.1488987054013169
0.6656831767160768
0.027604409929940794
2.1799964982867546
0.6568796674358044
0.2121661833769276
0.2449384811467045
0.21960363316067547
0.049718841017124975
0.14157364965771466
0.6907171858457366
0.10193282286406355
0.28159990794652384
0.4717940493673759
0.3377584025977842
0.18594665047777514
0.5841991991278592
1.5197486019451085
2.7556472091685045
0.6947531788394972
1.2731104030674554
1.0105748160260526
0.8074164101888304
1.001726139267513
1.6381682929131673
0.3877019185254497
0.48773859595634206
2.2889726338957153
0.48574438452384466
0.5981126557769317
0.03258344150223532
2.107611850120263
0.25457638857561543
1.0938166529597586
0.13681781799114429
1.6253090851109948
1.6209180116134774
1.1500427808681306
0.14124212752382276
0.6331140574106874
1.403378516442091
0.6894516758452423
0.7223241353701899
3.1186457423671996
1.7180347801088598
1.731100289149068
0.22095946763186314
0.5437219476062082
2.8014153642648085
1.4450221072447764
1.7132047263396328
