2.4683278442402994
0.14712720852358563
-0.7787757072607673
-1.7586781686035062
-1.6277432436134533
-0.12769223581828237
-0.9017831853512979
0.41813081171248356
2.237367840839998
1.2034453658940276
0.8954961548067644
-1.0866721114451077
-2.432259959715116
-1.054171812839432
-1.1769764488684995
0.6129305989355185
1.7051601960837701
1.5504637706591808
0.8313146240845751
-0.7458728415418759
-0.43091251949882237
-2.5173318721280165
-1.2437177026151334
0.15493043862864675
2.2162991297174592
1.6780244278147047
0.7366136507558277
-0.38219296030515526
-1.1371024664242493
-2.781368692988251
-0.6088695507907851
-1.1159873352518876
0.45120877511225077
1.1983349324216248
1.9155297618718667
-0.24808013587362232
-0.057036006038279075
-1.42081130718878
-1.452551581749106
-1.4080783893655349
-0.7785844608210384
2.555515423704825
1.6191953397250392
0.6197971868976864
-0.67576323075419
-1.3295041510242624
-1.117574668077325
-1.9666843212720884
-0.446866722617185
1.9049618026464725
1.9726772759630908
1.2068775566106595
0.4791862305041612
-1.3837733465998783
-1.0710500293116363
-1.6750184107984292
-1.1403161304793743
0.7109317054410242
1.587138771859697
2.415660079071773
0.8946934429429346
-0.6011897284124217
-1.3837407479388444
-1.0234322255204609
