2.21698122731995
-1.4740074735473998
4.5432238865550225
4.249902406851891
-1.4990566313618396
2.505255630135622
-4.48993100502401
9.176279025821358
2.0042693271130774
2.0211903205646964
0.20781877189624165
7.1985511479394315
8.231674578549685
5.502622794010394
5.733917064069168
18.246592424245115
1.9674782400183357
6.179288284690397
9.864845471934395
-3.5414357125724827
17.5274458705509
13.581223488311622
24.213757961036126
16.28859847959819
18.84128481529119
7.241142171352865
2.698403113592441
14.856546369820581
17.03327652223518
17.645989310948433
11.829313081616938
21.71658410606735
18.42316400927906
21.462028622937865
14.071693062489668
19.05670859770532
20.34397124177254
22.501029622672718
19.55579701756451
24.692467862653597
25.567280088547424
15.932152259342804
17.326001443957306
22.24674453887642
21.397054248392767
23.04640863845545
22.86104799996227
30.106182320940082
26.087336741051722
23.348954555242276
28.919453874936742
25.78130087890695
26.216470367856754
23.944426672329477
17.556710818521754
21.532095705946066
37.10876698980858
36.47760933751574
19.005623631993664
18.820246165780503
27.488236090720683
31.627684785186293
25.344803766217012
26.52394154219146
