-8.857561683849866
-14.062358059743676
-12.544131170923428
-8.385774908499057
1.8083316019843796
-15.329521151142586
-14.276141358556345
-4.758151949979424
-16.275469382360686
-11.938145491503168
-5.385370523902115
-1.2872404847369605
-13.557628599673073
-13.264387891874668
-10.777250147761952
-17.21730721245092
-14.88608992870166
-3.6221444464013075
-9.539276450912055
-6.228053343875513
-14.431481794024556
-8.318344240022435
-7.7814968903727255
-10.859222511254618
-3.6033065076368302
-18.655481387942377
4.765222949602251
-6.867566621178925
-6.9035824030947435
-3.1835315489554503
-8.462747107024995
-2.561394253387542
