4.931074000538846
4.119761990613547
5.381528794904433
1.161702059238185
0.7639775973710381
6.054911077563309
3.2750325038127577
0.15181156710389931
9.69197615731283
0.9051877709466857
18.389828704494143
5.371872546139909
13.026166039843144
2.3987051371351065
0.1829801829181274
5.271276223260867
8.49475356835014
1.0849204521115092
3.1411139333181666
1.4783837979416412
0.9102330832169702
12.611183127649857
1.0091089527668657
21.37507242440365
3.618352573832536
0.3175034242758273
0.4644300347646594
4.174224525568198
9.167718073582936
2.906500626729834
1.0864643690975373
3.432846824671439
