2.4620163890145594
9.262694989199698
11.134059642858613
3.085781888920906
7.563006501323796
4.263076050964118
9.245106838820252
6.4591781110656346
4.610521041080563
-3.735266369774897
0.7252789631603656
5.920934122350875
5.032491579369699
0.191760910294831
7.171653424492515
2.154727769225058
1.709994102047066
11.039785301576417
-3.096306379168813
0.6015658746965933
2.810420475856341
5.118057033603526
-0.5227803150651571
3.36557798650989
-0.5617004051465244
10.863874372725748
5.92958689585035
-0.8102862859827411
1.7072307888438347
3.3059350817602153
1.0337175735729258
-0.6389929211307814
10.079707639461468
5.892878440133643
9.910230459728233
-2.954453641538149
0.6296509285001304
6.980756840594809
3.3203848005140397
4.29008071376719
-5.858535159822001
0.5236451021666761
-4.0264370725327705
4.493963304258115
9.039473058605868
7.584352415331352
4.867621269355073
-2.7699619833490976
6.782761892976696
1.4413269061528906
7.449237097308924
6.1814114221428
6.758413761122048
3.2587049468879807
5.697722333118686
-1.4091963361130295
-2.4247661235605706
6.625692157308694
5.9844733736220626
7.426957000290146
-2.7722928951535346
5.219205271712538
-4.176054589346684
0.9342070541295961
14.000754923874613
3.197392903760397
-1.180606247495767
2.739620031582129
8.619435028274484
7.653423519979899
5.641264790225538
2.326976155674372
8.939571279693986
1.2292732942562727
1.3938390580015554
5.5160782189538775
-1.7195083666401922
13.618987989205833
8.118900304277538
2.5983445347647374
6.831402784701893
-0.029883628294255615
3.528352109581739
7.348543403361306
6.4488969699268335
-4.179227525379099
5.196550491250834
3.908147304426842
10.071383952101462
2.149757685210495
-2.0769726935110135
1.0860368246197112
4.510394555940808
1.8063331731000463
9.5374525603549
2.5745588733193125
-0.9338410699656476
5.951944884887832
4.672489608137627
3.339212342673327
0.5542856869097648
0.5702888576868279
-3.1097235588234007
2.7787635072971373
2.894668217816604
8.950786620994451
8.40165992623102
-0.5355473713846921
1.6863565658917352
2.8026133498640284
2.0070473247060385
4.89486749843733
6.00397804289962
0.05351429132397367
7.437106122770576
5.234558793964982
3.599015319004187
5.848326614037762
-4.065064208346843
14.366358141686844
-1.1032171686834076
10.3789264601292
1.8882486519474821
6.858992553842134
-0.4980161306149764
0.2779035177621121
-6.312803420095971
7.520048895508136
