0.9077310494177866
3.211761396212007
0.1778602598552834
0.13403874277224
1.181874232268295
1.0285921875337725
2.1636014118890743
1.638312502849012
2.103987458300547
0.680195485627145
0.34812307524303343
0.6259938116237386
2.8488988124236947
1.83010039099684
0.050203978317411885
0.6104190678001277
1.0922423085432806
0.1153306010708898
2.3566628791511843
0.018387627824430788
0.8803300515221978
0.43365416596489575
1.1199132275967456
0.8405718391684841
0.9742783902405932
0.18867506446607035
1.8087661944124116
0.7045519492822305
1.6471885329373068
2.525808400980983
1.3793712328106074
0.06425365589662921
0.4574411424724384
0.4489954253179643
0.6345652275766376
0.25677872750770475
1.1003958526071176
3.5429792171787255
0.2666000035762214
1.0821100347762873
6.297853468832445
1.6415392495369376
0.2139257216302789
2.3600067216650533
0.8109276195720598
0.6798137337207103
0.4962962003577967
2.566254263349449
0.49618636079761946
5.320094083038045
2.6490163126934028
0.4324558445745394
0.754988465972142
1.8144911129326498
2.439923099632675
5.687095383534824
0.2743153304261235
2.308408121612729
0.2795454261183235
6.853903698067995
0.05973791531073677
0.3062855554563189
0.5149667330540753
1.7886271894787444
0.9806226797525436
0.2855526781630285
0.05183135281123237
0.8126214696698584
0.8908542822133276
0.9401379558088091
0.8701233863182294
2.433309990081281
0.6453026858462171
0.8294735581405633
1.405062209433502
1.9578239441375802
2.0608477439413546
1.8972744648865616
2.059049996862915
3.222488190213287
1.285413283450896
0.22508946499601123
0.1124355265291073
1.2232610211630757
4.154735464373869
3.076982576493518
2.6963624458812876
5.810351023941417
1.1187457757635082
1.7638802549347625
0.6256153315300516
0.9020629844382365
0.4594167436157836
2.525985516696376
4.197431937865871
0.8113288842777998
2.2493711031838184
1.1824902241357527
0.4391374370987143
1.4492354705532604
0.34779495638287544
0.03960576619211424
2.5598545083017883
0.9530104288731419
1.7551337060470205
0.32259002479814547
2.3923994087892124
0.11326107001039194
0.7118760796308853
2.0250463196566644
4.135562778112284
0.08296222850485112
0.2951063379204574
0.11323780129149122
1.7577837700422136
0.7262669975147968
0.02908254840319891
0.08372181283697304
0.4288223592792172
0.6730504589199355
2.465828686729717
8.413785434673615
0.8097161030747025
1.58396832178459
0.00219604443176633
1.1539968354102836
2.0597918956657315
1.070019625120615
