62.85975772349362
61.71110480214268
71.96264245150887
62.135146447690694
70.30308657437044
61.11921152275298
62.509121946850506
63.979979808922266
64.60031390160107
60.0315010963203
67.54264154249807
72.9228650721393
75.21331203989558
64.72625257312838
61.237432220717324
57.519987468713765
63.416037016026245
60.32156331117958
60.85106724395767
58.9327032380024
64.83669213942044
66.90979846558182
60.60406361968428
58.231607236648095
60.61285606649399
69.8969750056388
67.34649207339565
57.74153376090726
70.56079801287541
64.57398862694647
64.97102398880641
61.77945430312567
63.23468747658275
63.4683952629549
61.37050070347955
69.44273131130991
64.96884376540704
63.15052207901707
63.93042847373143
60.88620260728282
57.750424937709596
67.16098398394702
67.03601152094579
62.35797453964553
69.71498711666696
64.71668105126732
60.87064670526154
68.94707057114181
58.74459577491779
61.259990402115434
65.06012377815259
57.64253663750481
65.80142142485771
68.1234687922536
62.18891672801013
68.72983979721609
70.86834817186327
57.578456879509105
65.69464719736
66.66185232022521
67.98768751311582
64.09646176679182
64.88417170808538
64.88079680058127
55.37514110449416
59.90191505890413
59.39437548349354
74.60885652885406
67.81267585121364
63.36527436852026
61.205211058001886
61.46824152044748
63.193713809019954
67.8152600008266
63.59861120961427
60.29420561535879
65.81214409115287
64.99423261084054
61.80071901363666
66.01203756961837
64.85108956211842
68.87800542956553
56.6040150302034
66.35227044758932
62.61745425435531
66.59986145735245
59.58281961622752
59.74581843113641
62.785708880976095
58.96803931926792
57.821386914857705
62.63035096544618
63.41176903495541
63.76905218316114
65.44799010769839
61.93551777165218
64.5921680999645
62.327788755823086
70.51842844784248
65.25660697259288
