33.09293967089263
28.77862270710168
28.708850241750778
29.481459573344825
30.779003773114738
31.507112284144835
29.930192750278717
29.294271976929835
32.94963790511623
34.632446783104584
33.017521191613895
30.702066714881532
33.38494269215595
31.339247486304522
32.41412475361321
33.69840341152509
34.906128585014244
30.92347191131119
34.712506707064065
28.65567245342394
30.30603588629727
29.38866503241293
29.879604135843127
29.770794665298943
33.38300005536806
28.466899617802884
31.34451544709975
34.47724307881714
34.86734137096795
30.361931485026588
34.27408915074692
29.1858509559461
28.610983450983063
30.492413453070974
28.47593961813075
28.503172282279063
29.519005124675214
30.772435760570772
28.798883695435666
31.024741353207094
32.661686880918516
32.127649334975175
31.96594408648275
30.38846859475155
30.53721609377516
30.023060858300703
28.32686446947322
30.334875764528775
34.32139373440318
31.322990003540777
28.37962614312863
30.849179489527117
34.555393428268104
29.046774963320452
28.99795644973346
30.7246587729231
33.36870823344988
28.84499015317321
30.77363272412138
32.04944974068322
28.769255607827333
32.6570934772828
33.929252652206436
29.74611819921327
29.610233025517697
33.27725551397019
34.607063248752794
28.361303548715558
30.85018064976912
28.857085260966972
29.3422174623391
29.105193017200282
28.367481765183204
28.92120299983105
30.18219934132601
34.65372516067954
31.110536405977548
30.525373558183563
34.15616376993764
31.611841329943722
32.2907609562219
29.183511136051678
34.94550686499659
28.30483835437057
29.50900267660643
28.665142568998153
29.45456550575145
33.990152541548795
33.11900395954313
31.01026823552432
32.685913797669265
33.7058119735299
29.260195907624247
32.37109219810367
28.952128757379413
29.312775152940347
34.007344512740886
30.78769658874711
33.45689649595335
34.479850529199446
