65.00767777349643
69.81622805393306
78.22134985433726
72.84955879504498
72.55959859601647
70.02888596781548
66.09076002052696
79.08892626162849
64.02144499867592
74.03342737270411
64.82847132911341
68.77291186010615
68.83427480832452
66.1747955056876
75.00385646643348
69.7571935637939
72.90186630142632
62.595636869620165
58.14242970354738
57.30942180709146
60.717368749206884
59.430534277897586
59.58596414341478
62.50125989161286
59.29603726089142
66.48858560073457
62.16355197018452
63.34160416840595
64.34558958079872
69.38628312440717
63.78879817448564
66.40912673808468
64.30573695489228
58.39132543520351
70.42845012705739
71.02718819845292
72.22261962284905
65.19033136210422
69.87745235203874
69.39812933756384
59.35896875938945
61.655515951217964
69.41273142830863
73.24653821103475
55.56210719178144
72.03205627846785
66.47087731105671
65.250570189725
55.607248279727614
64.9150003507074
65.32696367177128
69.30862358273501
66.19699989023094
62.18421886412905
70.55882674664525
67.26140805098284
69.81799594600554
69.3032209161991
62.71757528858829
66.18638824186185
64.85984338252185
53.32978089749708
71.08452513113576
65.11491643853614
69.92409804205565
71.12186168424718
69.61028372464115
60.67743728275248
71.23028509782174
58.59696930832986
66.54754290483376
62.28348555015819
65.86759452495512
70.79334728201415
63.75314490601842
64.4938429622435
74.14350181177953
63.90100872212841
67.67116551380383
61.39382563812045
67.13462240224369
72.81182319798069
66.39243004416227
73.80132966488722
74.57466310325275
59.963159890910475
74.46101942479895
68.59760367533224
66.1266358312363
81.30256602191697
63.32646861965517
68.79165777935023
67.05985533734211
62.617333102594294
74.58085519198485
69.44772849674784
66.33207389545603
67.99356653747196
54.94259226082961
61.5576323534663
