76.44930930878897
69.25383629769472
71.5759661133172
68.49559292194341
69.06378046236559
68.16587358194093
72.78510873991475
71.26988142958331
77.26258263293899
76.28530104072652
76.52143363380061
72.50499122482346
75.4168945329113
77.19901643417336
75.35168924216813
69.45546585070083
71.71753074296953
70.04881792995495
69.57109500242882
68.36175637740325
71.86040470411142
72.3605658314373
68.79246479755577
72.65355562569317
77.00898646159621
76.01513271942876
71.77985319478579
76.8882618723687
70.47697271757188
73.22007923766267
70.82299645353638
69.97174435826821
71.95806531401975
72.65645237180144
68.18882545943165
77.16113901461536
68.17969756207421
77.12160738627122
76.51747190652975
74.4853884743456
70.26195246911877
69.02259277233107
69.73806014902286
71.19254055755832
71.85363663946737
71.56468132899134
74.26855032716516
69.28927062904326
75.41914052009355
70.76211194226144
75.70482667537091
72.58722193683198
75.46699954297425
69.14838502552008
75.11260461420383
68.42854850649982
71.19640467741213
74.03934595332443
73.32207557605115
69.30040274788013
74.30526722569883
73.14866267722049
74.30779888967143
69.23774812217843
76.98868221310988
73.46588038369953
73.53880981656089
73.58571742318608
76.44213876764213
77.42637628380271
68.20372983839343
76.1433246778112
76.53875352443995
71.69315740857346
72.16182625346406
72.12302576519956
72.35865097975035
76.73010477692422
72.90954501724153
73.34320161782891
70.20226597687584
70.13771238509678
74.89650517980937
75.74811965992298
70.51329527701374
72.67446275970615
71.72451346302377
77.17125685844124
68.25399684100121
72.3417830431707
76.40423246845111
73.78215279387132
75.99598704621737
71.05927921972321
71.43311244140766
72.72412739066094
69.25625328609776
71.24607134313179
71.24575143963435
77.25227854219948
