0.7701838495622191
2.1188723342026483
3.1031372485511097
4.380103488088428
9.75973053639905
20.2250209284772
14.511356274469968
6.592236266900008
9.022135124907111
10.92866925130624
6.752563642179352
6.9576183919083805
9.408005145216906
1.3912484099874671
5.947724453305224
10.300550063662195
11.823125987350993
9.432992862392098
8.314467800709409
9.192836640961303
-3.316466612082099
18.37314046631162
14.487758742953696
9.428385356899758
25.13556667705962
1.7693093195356235
7.578118967837453
16.215322296225317
16.804861884889757
12.936938756109008
8.525862000101347
10.87107241705917
