0.21872807497376814
0.33689597739490185
5.0527325323063055
2.8062796345973546
9.761954679294005
0.16631523337356155
3.718060241907218
1.9763536402906308
4.305417311319876
2.2632933893320555
7.229994408541879
2.6213939553668837
4.494932526219078
3.37674725317638
2.8615731844875856
0.6220184888669468
0.4113238257553521
3.7693310228346526
2.2836953407512635
0.08696174569090771
2.637485684664194
1.092176117981151
8.854224320839856
0.4769631065944659
2.1381019301373674
0.4807940062308018
1.4221210357390526
2.887098779416322
5.136863124191986
2.7357210039616358
0.2938076863319471
9.58903058309552
