-11.044282702558192
13.65051606591727
-7.475403264292252
-6.020690019318243
-1.349835145606869
-8.315361439309653
5.193065075560082
2.5045807070205517
3.0913988316995944
1.0839192347453535
-7.919899137537584
9.33977285990278
-5.910068438248938
-9.182449205748279
3.8067618746040193
2.3295537936620394
1.6220061612286623
-7.565803844012823
6.5341596158654704
0.3967214388554725
3.7405353249638287
11.454766836532746
-1.5329937868015664
-3.2004243361748843
-4.989890845578015
17.225855391600305
2.183799074833303
17.08557172822367
13.428059205483835
12.56122079712901
-6.618741784537994
6.397397015051323
1.7993214128628718
10.006156121943675
-1.5963807342262628
5.14295860008306
4.790162047337731
7.115894245009279
10.000435432697063
-2.3524298710763007
-8.714387006005392
3.0828675627974844
11.314275375173402
5.011526280727757
-0.6617034242675888
-15.029737721692937
1.270117198750931
6.339892379809188
4.2796782844595125
0.94362038467102
-6.121595464361217
3.5263730999433065
12.40131273631806
6.987144077107703
16.300198209209633
2.074773228679068
-7.090142999714336
-8.871379530913813
6.205236331112935
-6.398652346143077
16.410211183791176
-4.147250990131211
-5.814949555595945
-11.293149919848217
-2.965549992510616
0.08247636170486716
0.24354421096081502
2.712165883674025
10.325102302939724
3.66734871858821
3.075023833944787
-0.8172491501673367
6.705502201839912
2.4947566534034165
8.281800179645707
4.8906803419281815
-0.6520589026270383
2.957002022762698
17.534549459531796
1.5335165871291392
14.687681785217801
6.179213659780423
3.311802031888882
-2.172287551860409
-5.880621203850103
1.6522272115882592
-3.5187301207713233
-6.34447510139246
-3.5838967634772905
7.1507009504876455
-6.028025698430151
4.264060495604756
3.036680399316576
-3.815577896022587
16.40645301256079
5.446839865479882
-7.191807928082669
-9.2384034886147
1.5862140891791645
-0.5758980402999416
-12.870839619713964
4.3879456789141305
2.88320683835649
6.090534932772659
5.9551055771118655
-1.903966857797342
-4.98404844618609
-0.46757702413390145
6.594949972014949
9.657524977181577
7.748892192709108
2.7309801912869083
-8.102580458724145
6.7457959288992795
1.5913700454440245
-5.4019304651622955
13.053296864192536
-9.447800482879154
-0.4346098247347019
10.758931541764724
7.793392151030509
14.950658138362439
0.5961866520495043
4.682757609790247
1.1794225183364135
8.612267077013456
7.312184052599761
9.739835312256591
