0.03225295738388042
1.5505471991564046
0.5599825874956843
1.510422699548837
9.216848516355283
0.47095205166811765
0.05846365899927133
0.36628428988946743
11.417355658561716
2.522243499048865
0.631766640472701
6.871175712334033
3.3595307907452256
2.968237719470071
1.413558976702362
0.9093120502379802
0.019971967431453807
1.9577768694158582
5.679451271593826
0.07609538548221703
0.8431914740433006
0.4632309115913848
1.1982909429063233
2.9393410001740166
9.629444458755836
2.6013647791476164
3.5307945871676263
1.0186851529657452
0.23372606131035287
0.08316878649528893
0.13623970999462326
3.3223759382533915
9.686771102755033
3.7090934954748533
6.657426168484826
0.5949511940392977
1.1518680642045593
0.5387013889980655
1.7808504701180368
1.780303467256516
7.503946617244203
14.313717859415023
0.5693436861844053
1.29867253756618
2.7460909950184575
0.7658190816363545
6.933833002834806
0.8381021896822974
13.357893398770777
2.8003502617853218
3.975898501301908
3.497765442916583
3.7426713370390763
7.397494372217648
1.5071775303982475
0.5439041157698336
0.8290879032052009
1.472904711187202
2.283530592031813
1.276524041114896
0.28151719727324215
2.8912961247075653
4.321548380048832
0.24414011031671237
0.9454948000252624
6.194549952888797
1.1474706536711716
2.499934361809488
2.8161662185861998
1.626085713415687
7.7563755779829116
0.1599124578956173
8.573713124671178
3.027288010549339
5.781207938188933
3.4443150903605324
1.2248848593896824
8.460859081413126
0.8245199346730797
0.8565698553886916
0.24082410644865726
1.8328282865020824
0.3983493736297288
5.212845358633024
1.0634847568460866
1.2844496685745244
4.638860075745562
0.15963816248633864
3.4762054900136707
3.061366676815439
2.314161603846318
1.1215903567025702
0.28819936213461855
0.3190601221570414
0.011283331805898146
0.7640965260403889
0.963804831037992
2.407800149901879
5.102900690617704
0.10389713692350123
4.751356379133013
0.5891413749513413
1.2328549269288511
4.97358520128983
0.6614642845313009
0.9287008253582688
3.7654265387640167
8.641428316209657
1.8229304419852215
2.3088035146966495
8.127457188367687
0.2156460616897357
0.019297280566124314
1.0167955615029682
4.840432820564405
0.5164471316678745
1.0991614418636024
1.3425189523186014
2.195042887323991
3.5253954580686626
3.580708248403153
0.905916062883776
0.48411266491594424
2.7878285706417723
1.7115339449223246
2.0894626254519113
1.0712048972110504
1.2924671312402705
