69.5866395684366
71.31245696916362
70.906826617411
70.73464430464799
69.83628051624862
71.25683776696839
71.35295759046187
71.59471644649169
71.39569715500492
66.97159324246067
69.77055169411055
70.51994857205949
70.38744750869198
72.82800706339982
70.00432608634907
72.66362695794524
67.2127176843379
71.67358879384636
67.65926242601897
69.68776815369576
70.49743141995944
67.71590674651996
69.92800386295133
72.0991790684974
71.17635711943848
71.1953203164634
69.34776183233252
69.79065559710595
71.60306385628488
66.73923635174154
68.33340914705659
72.22112065817778
73.2118826018007
69.6932222592048
72.38115411998719
69.08322822577425
71.80137251637143
68.96732027770122
68.64349460453879
71.25539929347607
71.8931619646084
72.03408166093868
72.36931312680575
70.82173736642638
67.86234112963369
69.34045830401197
68.91349695288841
68.45042261114598
70.58127281237672
71.74128778691961
69.80018848187173
69.58329897861282
73.96710841714689
69.85174992652615
70.97311285930607
71.73612273309132
71.01131242910398
69.34415403739688
71.40612764833357
69.70320780465259
68.96494033048995
71.61053676645852
70.08448668360832
67.48555458264255
68.81863321334501
69.16406232801654
69.7881242080204
73.03273215753147
69.47057859706113
67.39795447676043
72.58808862439308
71.74845686231586
70.40385663676608
68.40131367978414
71.673925153752
69.62961820300504
72.04710309051309
69.33616931096671
69.09986407843083
69.85867657533628
69.02050408206934
68.74715738421679
71.0308605708359
68.42071114650922
68.26435710204312
71.04672867790015
67.12835046044114
69.24701190353129
72.03394231831773
67.57887117128055
68.92796256823068
69.98650506775463
70.73769016295479
72.29066855190729
69.91157035788501
71.52151576313112
70.01279273400448
69.79517461495557
70.64648565841969
66.93575016223784
