27.96768885416155
18.991201160582243
30.599781035088455
24.43041463202423
24.209112766235613
24.94092399322198
32.167620555290824
32.7608887019905
35.39161195939654
40.11525531922487
37.25006117133956
20.626682477647194
33.42518874739884
35.8657550052298
19.673545172319596
30.38541954428025
21.928333703936296
27.546997075850932
36.36670239283406
25.88836476154659
40.19392675319888
21.01605276281925
18.801200435855762
34.010152794907206
27.16191513307821
21.905690451678023
33.737738223329885
19.824492434488295
39.062127208739284
37.056511519292904
31.68851823043219
31.43838116123996
38.564540628499
37.17062422617272
31.07356358447054
35.59895957320455
30.458655947225715
20.770897598254138
35.15328288613513
26.559722667268275
20.63817492924469
27.450647457864246
35.92349640354925
20.52697573587313
31.59504029586956
29.95887964589989
26.324629048282628
35.74659565459175
17.957646880777833
23.42296699150298
20.79829355556469
23.95435177452744
27.885839943374954
21.124754781277495
37.6508604229101
32.86854188710315
20.064396557907102
35.86135419924855
30.341441320440097
37.52068240436078
24.700424778087303
36.432379107398305
24.04355221140385
25.972031566498494
24.649392005342595
37.309695007935915
19.65941008200407
22.071057905840615
38.989501469850154
32.21130449548043
28.87152132172878
30.650096174694212
20.946362539431988
32.03998901921705
18.716191493030546
26.807778737199065
30.765217585035437
39.64962247243548
20.5332785830425
20.54917346084699
32.21951826568491
31.616744000650407
18.50275833247241
26.90356093854104
21.073977107000083
28.963138989681056
19.96730042590767
33.81159989242101
26.195711180657803
28.521362758962546
21.585713689584097
23.14125661068569
18.997974370529462
27.038580663489558
26.129420854149302
24.736223990552308
37.44617286306658
33.815587267798776
26.482398448319223
24.708409137721006
